Timestamp,Trial Duration,Right Wrist World Position X,Right Wrist World Position Y,Right Wrist World Position Z,Right Wrist World Position Magnitude,Right Wrist World Rotation X,Right Wrist World Rotation Y,Right Wrist World Rotation Z,Right Wrist World Rotation W,Right Wrist World Rotation Angle,Right Wrist World Rotation Axis X,Right Wrist World Rotation Axis Y,Right Wrist World Rotation Axis Z,Right Thumb Tip World Position X,Right Thumb Tip World Position Y,Right Thumb Tip World Position Z,Right Thumb Tip World Position Magnitude,Right Index Tip World Position X,Right Index Tip World Position Y,Right Index Tip World Position Z,Right Index Tip World Position Magnitude,Right Middle Tip World Position X,Right Middle Tip World Position Y,Right Middle Tip World Position Z,Right Middle Tip World Position Magnitude,Right Thumb Tip Local Position X,Right Thumb Tip Local Position Y,Right Thumb Tip Local Position Z,Right Thumb Tip Local Position Magnitude,Right Index Tip Local Position X,Right Index Tip Local Position Y,Right Index Tip Local Position Z,Right Index Tip Local Position Magnitude,Right Middle Tip Local Position X,Right Middle Tip Local Position Y,Right Middle Tip Local Position Z,Right Middle Tip Local Position Magnitude,Right Thumb Tip Euro Position X,Right Thumb Tip Euro Position Y,Right Thumb Tip Euro Position Z,Right Thumb Tip Euro Position Magnitude,Right Index Tip Euro Position X,Right Index Tip Euro Position Y,Right Index Tip Euro Position Z,Right Index Tip Euro Position Magnitude,Right Middle Tip Euro Position X,Right Middle Tip Euro Position Y,Right Middle Tip Euro Position Z,Right Middle Tip Euro Position Magnitude,Right Triangle Local Position X,Right Triangle Local Position Y,Right Triangle Local Position Z,Right Triangle Local Position Magnitude,Right Triangle Local Rotation X,Right Triangle Local Rotation Y,Right Triangle Local Rotation Z,Right Triangle Local Rotation W,Right Triangle Local Rotation Angle,Right Triangle Local Rotation Axis X,Right Triangle Local Rotation Axis Y,Right Triangle Local Rotation Axis Z,Right Triangle Area,Right Die Local Position X,Right Die Local Position Y,Right Die Local Position Z,Right Die Local Position Magnitude,Right Die Local Rotation X,Right Die Local Rotation Y,Right Die Local Rotation Z,Right Die Local Rotation W,Right Die Local Rotation Angle,Right Die Local Rotation Axis X,Right Die Local Rotation Axis Y,Right Die Local Rotation Axis Z,Right Angle Scale Factor,Right Is Grabbed,Right Is Rotating,Right Is Clutching,Left Wrist World Position X,Left Wrist World Position Y,Left Wrist World Position Z,Left Wrist World Position Magnitude,Left Wrist World Rotation X,Left Wrist World Rotation Y,Left Wrist World Rotation Z,Left Wrist World Rotation W,Left Wrist World Rotation Angle,Left Wrist World Rotation Axis X,Left Wrist World Rotation Axis Y,Left Wrist World Rotation Axis Z,Left Thumb Tip World Position X,Left Thumb Tip World Position Y,Left Thumb Tip World Position Z,Left Thumb Tip World Position Magnitude,Left Index Tip World Position X,Left Index Tip World Position Y,Left Index Tip World Position Z,Left Index Tip World Position Magnitude,Left Middle Tip World Position X,Left Middle Tip World Position Y,Left Middle Tip World Position Z,Left Middle Tip World Position Magnitude,Left Thumb Tip Local Position X,Left Thumb Tip Local Position Y,Left Thumb Tip Local Position Z,Left Thumb Tip Local Position Magnitude,Left Index Tip Local Position X,Left Index Tip Local Position Y,Left Index Tip Local Position Z,Left Index Tip Local Position Magnitude,Left Middle Tip Local Position X,Left Middle Tip Local Position Y,Left Middle Tip Local Position Z,Left Middle Tip Local Position Magnitude,Left Thumb Tip Euro Position X,Left Thumb Tip Euro Position Y,Left Thumb Tip Euro Position Z,Left Thumb Tip Euro Position Magnitude,Left Index Tip Euro Position X,Left Index Tip Euro Position Y,Left Index Tip Euro Position Z,Left Index Tip Euro Position Magnitude,Left Middle Tip Euro Position X,Left Middle Tip Euro Position Y,Left Middle Tip Euro Position Z,Left Middle Tip Euro Position Magnitude,Left Triangle Local Position X,Left Triangle Local Position Y,Left Triangle Local Position Z,Left Triangle Local Position Magnitude,Left Triangle Local Rotation X,Left Triangle Local Rotation Y,Left Triangle Local Rotation Z,Left Triangle Local Rotation W,Left Triangle Local Rotation Angle,Left Triangle Local Rotation Axis X,Left Triangle Local Rotation Axis Y,Left Triangle Local Rotation Axis Z,Left Triangle Area,Left Die Local Position X,Left Die Local Position Y,Left Die Local Position Z,Left Die Local Position Magnitude,Left Die Local Rotation X,Left Die Local Rotation Y,Left Die Local Rotation Z,Left Die Local Rotation W,Left Die Local Rotation Angle,Left Die Local Rotation Axis X,Left Die Local Rotation Axis Y,Left Die Local Rotation Axis Z,Left Angle Scale Factor,Left Is Grabbed,Left Is Rotating,Left Is Clutching,Die World Position X,Die World Position Y,Die World Position Z,Die World Position Magnitude,Die World Rotation X,Die World Rotation Y,Die World Rotation Z,Die World Rotation W,Die World Rotation Angle,Die World Rotation Axis X,Die World Rotation Axis Y,Die World Rotation Axis Z,Target Offset Position X,Target Offset Position Y,Target Offset Position Z,Target Offset Position Magnitude,Target Offset Rotation X,Target Offset Rotation Y,Target Offset Rotation Z,Target Offset Rotation W,Target Offset Rotation Angle,Target Offset Rotation Axis X,Target Offset Rotation Axis Y,Target Offset Rotation Axis Z,Head World Position X,Head World Position Y,Head World Position Z,Head World Position Magnitude,Head World Rotation X,Head World Rotation Y,Head World Rotation Z,Head World Rotation W,Head World Rotation Angle,Head World Rotation Axis X,Head World Rotation Axis Y,Head World Rotation Axis Z,Is On Target
1773055709273,0.0140596,0.02233783,0.9138795,0.233838,0.9435862,-0.4198815,-0.3132967,-0.4403578,0.7291295,86.37307,-0.6135247,-0.4577847,-0.6434445,-0.07101667,0.984948,0.2842994,1.027615,-0.06169855,1.018119,0.3017534,1.063686,-0.05454471,1.00895,0.3183121,1.059377,-0.02547439,-0.08796416,0.0995958,0.1352995,-0.0194046,-0.07612646,0.1382891,0.1590461,0.001929702,-0.07768773,0.1369147,0.1574317,-0.0274817,-0.08813567,0.09888904,0.1352856,-0.02027815,-0.06780245,0.1489373,0.164896,0.003515265,-0.07105357,0.1470023,0.1633115,-0.01942088,-0.08104195,0.1176989,0.1442151,-0.1778427,0.256136,-0.09790936,0.945082,38.15334,-0.5441392,0.7836907,-0.2995699,6.564918,-0.006665451,-0.06630605,0.1126455,0.1308813,0.4645543,0.3182234,0.416459,0.7137824,88.91301,0.6633006,0.4543662,0.594629,1.3,True,True,False,-0.1069993,0.5925251,0.1264289,0.6152391,-0.1060392,-0.2166404,-0.3160486,-0.9175707,313.147,-0.2667165,-0.5449077,-0.7949455,0.008322939,0.58612,0.1859536,0.6149672,0.004367895,0.5403832,0.2067432,0.5785981,-0.04476701,0.5569043,0.1656214,0.5827323,0.06120374,-0.04961453,0.1128697,0.1376483,0.02063698,-0.07775795,0.1331778,0.1555908,0.009224128,-0.05079073,0.06949234,0.08656771,0.06090088,-0.04965505,0.1129919,0.1376289,0.02071632,-0.07794124,0.132623,0.1552188,0.009203062,-0.05076163,0.06956527,0.08660696,0.02699362,-0.05850102,0.1003159,0.1192238,-0.8648421,-0.2712986,0.4056748,0.1177848,166.4715,-0.8709043,-0.2732003,0.4085184,16.72611,0,0,0,0,0,0,0,0,0,1,0,0,0.392078,False,True,False,-0.05000002,1,0.3,1.045227,0.01668754,0.002514649,0.007916782,0.9998263,2.136158,0.8952724,0.1349088,0.4247287,0.1,0,0,0.1,0.7190552,0.398574,0.4061057,0.3989693,132.9725,0.7841693,0.4346669,0.4428805,-0.08143159,1.088889,-0.03597618,1.092522,0.0391097,-0.1423335,0.1370875,0.9794992,23.24329,0.1941429,-0.706552,0.6805108,False
1773055709287,0.0280871,0.02296037,0.9139495,0.2355412,0.9440924,-0.4062867,-0.3168851,-0.461616,0.7220981,87.54404,-0.5872971,-0.4580649,-0.667277,-0.07016692,0.9857943,0.2851244,1.028596,-0.06210863,1.015606,0.3019278,1.061354,-0.05597058,1.006463,0.318063,1.057007,-0.02419809,-0.088079,0.09970392,0.1352196,-0.01911264,-0.07773109,0.1351179,0.1570486,0.001509611,-0.07911079,0.1340817,0.1556878,-0.02679111,-0.08812378,0.09906027,0.1352646,-0.02003389,-0.06997755,0.145911,0.163059,0.00309316,-0.07279836,0.1441799,0.1615457,-0.0187814,-0.08162242,0.1171291,0.1439937,-0.1701505,0.2645062,-0.09266864,0.944721,38.27972,-0.5189489,0.8067282,-0.2826338,5.92058,-0.006061799,-0.06685401,0.1121076,0.1306687,0.477008,0.321582,0.4166913,0.7038586,90.5252,0.6715204,0.4527154,0.5866081,1.299971,True,True,False,-0.107001,0.5924802,0.1265674,0.6152246,-0.1074849,-0.2168545,-0.3151849,-0.917649,313.1696,-0.2704758,-0.5456944,-0.7931339,0.008423373,0.5857346,0.185867,0.6145751,0.004406966,0.5399458,0.2067885,0.5782061,-0.0447868,0.5566363,0.1655838,0.582467,0.06126896,-0.04961258,0.1128416,0.1376536,0.02062033,-0.07769626,0.1333645,0.1557177,0.009229206,-0.05079816,0.06948549,0.08656711,0.06097827,-0.04964615,0.1129604,0.1376341,0.02069624,-0.07788991,0.1327788,0.1553235,0.00920853,-0.05076928,0.06954856,0.08659861,0.02700885,-0.05850079,0.1003716,0.119274,-0.8650519,-0.2700229,0.4062471,0.1172015,166.5388,-0.8710551,-0.2718968,0.4090663,16.7818,0,0,0,0,0,0,0,0,0,1,0,0,0.394659,False,True,False,-0.05026587,0.9992492,0.3014445,1.044937,0.04867311,-0.02130634,0.001260076,0.9985867,6.093036,0.91583,-0.4008987,0.02370951,0.1002659,0.0007507801,-0.001444519,0.1002791,0.6989475,0.3894157,0.4383001,0.4095374,131.6484,0.7661434,0.4268537,0.4804377,-0.08131914,1.089009,-0.03588285,1.09263,0.03835173,-0.1425516,0.1369797,0.9795125,23.23573,0.1904415,-0.7078623,0.6801938,False
1773055709301,0.0415521,0.02486381,0.9136548,0.2373563,0.94431,-0.3772072,-0.330146,-0.5056149,0.7021908,90.79392,-0.5297938,-0.4636955,-0.7101444,-0.06840765,0.9884933,0.2816952,1.030122,-0.06092059,1.015473,0.2996818,1.060522,-0.05879036,1.002535,0.3135422,1.052065,-0.02360312,-0.08778743,0.09995385,0.1351093,-0.0185296,-0.07807808,0.1334628,0.15573,0.0008084669,-0.08158775,0.1287448,0.1524219,-0.02614025,-0.08805549,0.09924214,0.135226,-0.01972923,-0.0717032,0.1432493,0.161403,0.002626844,-0.07465203,0.1408779,0.1594566,-0.01827966,-0.08211547,0.116537,0.1437288,-0.1627667,0.2754179,-0.09245497,0.9429232,38.90318,-0.4887738,0.8270551,-0.2776339,5.3716,-0.005588195,-0.06731942,0.1115487,0.130408,0.4910818,0.3242761,0.4101262,0.6967643,91.66405,0.6846251,0.4520786,0.5717636,1.299988,True,True,False,-0.1069787,0.5924591,0.1266593,0.6152194,-0.1082368,-0.217231,-0.3145239,-0.9176984,313.1838,-0.2724461,-0.5467987,-0.7916975,0.008532941,0.5855108,0.1857702,0.614334,0.004501142,0.5397199,0.2068839,0.5780301,-0.04475785,0.5564795,0.1655589,0.5823078,0.06130977,-0.04962093,0.1128187,0.137656,0.0206079,-0.07763107,0.1335648,0.1558551,0.009232289,-0.05081452,0.06948511,0.08657674,0.06104573,-0.04964104,0.1129316,0.1376386,0.02067835,-0.07783742,0.1329388,0.1554316,0.00921334,-0.05077846,0.0695357,0.08659418,0.02701871,-0.0585021,0.100429,0.1193252,-0.8652765,-0.268748,0.4067807,0.1166215,166.6057,-0.8712214,-0.2705944,0.4095756,16.83349,0,0,0,0,0,0,0,0,0,1,0,0,0.3980924,False,True,False,-0.05033835,0.9987166,0.3027435,1.044807,0.07488227,-0.04172694,-0.003518147,0.9963128,9.843503,0.8728026,-0.4863551,-0.04100634,0.1003384,0.001283407,-0.002743453,0.1003841,0.6809199,0.3822446,0.4645689,0.4176278,130.6302,0.7494016,0.4206878,0.5112917,-0.08118638,1.089117,-0.03575663,1.092724,0.03766499,-0.1429754,0.136827,0.9794987,23.24356,0.1869691,-0.7097301,0.6792097,False
1773055709315,0.0557767,0.02658011,0.9133721,0.2391676,0.9445402,-0.3575102,-0.3379054,-0.5341902,0.6874934,93.13596,-0.4923091,-0.4653123,-0.7356061,-0.06619641,0.990317,0.2804969,1.031401,-0.0594926,1.014831,0.2986319,1.05953,-0.05958457,1.0004,0.3106788,1.049225,-0.02285906,-0.08749682,0.1002118,0.1349838,-0.01796856,-0.07856329,0.1316792,0.1543842,0.0003509058,-0.08297933,0.1252387,0.1502346,-0.02543884,-0.08793698,0.09944836,0.1351667,-0.01935647,-0.07323231,0.1406505,0.1597504,0.002140927,-0.07649394,0.1373506,0.1572294,-0.01777254,-0.08255081,0.1159302,0.1434235,-0.1551768,0.2883742,-0.09468316,0.9401041,39.86192,-0.4552141,0.8459511,-0.2777548,4.84955,-0.005109483,-0.06773037,0.1109759,0.1301121,0.5067052,0.3269449,0.3995547,0.6904442,92.66946,0.7004632,0.4519648,0.5523396,1.299987,True,True,False,-0.106951,0.5924349,0.1267518,0.6152102,-0.1088976,-0.2175641,-0.3139389,-0.9177415,313.1962,-0.2741782,-0.5477746,-0.7904235,0.008638941,0.5853065,0.1856928,0.6141173,0.004599392,0.5395201,0.2070063,0.5778882,-0.04472186,0.5563333,0.1655494,0.5821627,0.06134727,-0.04963148,0.1127965,0.1376584,0.0205963,-0.07756373,0.1337697,0.1559957,0.009235178,-0.050832,0.06948721,0.08658899,0.06110981,-0.04963901,0.112903,0.1376428,0.020661,-0.07777943,0.1331154,0.1555514,0.009217958,-0.05078981,0.06952544,0.08659308,0.02702462,-0.05850491,0.1004928,0.1193816,-0.8655321,-0.2673686,0.4073241,0.1159973,166.6777,-0.8714145,-0.2691857,0.4100924,16.88576,0,0,0,0,0,0,0,0,0,1,0,0,0.4005794,False,True,False,-0.05038811,0.9988217,0.3013093,1.044496,0.1105659,-0.09592591,-0.02449816,0.9889253,17.07004,0.7449837,-0.6463408,-0.1650666,0.1003881,0.001178324,-0.001309335,0.1004036,0.6483774,0.3703299,0.5233468,0.4105735,131.5183,0.7110747,0.4061403,0.5739537,-0.08102534,1.089241,-0.03559842,1.09283,0.03727267,-0.1432874,0.1366602,0.9794914,23.24773,0.1849891,-0.7111537,0.6782622,False
1773055709329,0.0693577,0.02870069,0.9141511,0.2399725,0.9455594,-0.3307179,-0.3503362,-0.562138,0.6722285,95.52142,-0.4467085,-0.4732074,-0.7592932,-0.06471943,0.9923064,0.2770215,1.03228,-0.05875292,1.015654,0.2964517,1.059664,-0.06118994,1.000308,0.3069209,1.048123,-0.02243469,-0.08736236,0.1002687,0.1348678,-0.01727329,-0.07847405,0.1314092,0.154029,0.0002770292,-0.08401275,0.1239761,0.1497608,-0.02481841,-0.08781944,0.09961662,0.1350988,-0.01893046,-0.07436018,0.1386404,0.1584581,0.001756861,-0.07810368,0.1344193,0.1554729,-0.01733786,-0.08291108,0.1154325,0.1431765,-0.1479679,0.300248,-0.1009983,0.9368864,40.92986,-0.423208,0.8587494,-0.2888686,4.446156,-0.004699128,-0.06807046,0.110506,0.1298739,0.5213416,0.3266444,0.3858581,0.6874737,93.13908,0.7178943,0.4497937,0.5313318,1.299927,True,True,False,-0.1069489,0.5924275,0.1267682,0.6152061,-0.1090582,-0.2176403,-0.3137363,-0.9177737,313.2055,-0.274634,-0.5480689,-0.7900612,0.008673459,0.5852447,0.1856442,0.6140442,0.004636914,0.539474,0.2071453,0.5778952,-0.04471142,0.5562754,0.1655342,0.5821022,0.06137744,-0.04964914,0.1127754,0.1376609,0.02058315,-0.07750811,0.1339369,0.1561098,0.009237739,-0.05085703,0.06948662,0.08660349,0.06116464,-0.04964108,0.112877,0.1376465,0.02064512,-0.07772401,0.1332839,0.1556658,0.00922199,-0.05080353,0.06951752,0.0865952,0.02702718,-0.05850974,0.1005537,0.1194357,-0.8657842,-0.2660543,0.4078179,0.1154014,166.7464,-0.8716074,-0.2678438,0.4105608,16.93261,0,0,0,0,0,0,0,0,0,1,0,0,0.4004862,False,True,False,-0.04973214,0.998745,0.3009499,1.044287,0.1411547,-0.1363644,-0.03980501,0.9797427,23.10438,0.7048562,-0.6809357,-0.1987663,0.09973215,0.001254976,-0.0009498894,0.09974457,0.6197696,0.3586188,0.5671732,0.406931,131.9756,0.6784865,0.3925943,0.6209071,-0.08078703,1.089357,-0.03543824,1.092924,0.03703742,-0.1436088,0.1365969,0.9794621,23.26437,0.1836917,-0.7122462,0.6774697,False
1773055709343,0.0832112,0.03057923,0.9147996,0.240849,0.946468,-0.3118781,-0.3580677,-0.5819475,0.6601944,97.3706,-0.4152314,-0.4767278,-0.774799,-0.06283987,0.9940227,0.2751174,1.033305,-0.05745128,1.016361,0.2951786,1.059916,-0.06174523,1.000304,0.3041447,1.047341,-0.02195892,-0.08721293,0.1003337,0.134741,-0.01671709,-0.07841407,0.1309822,0.1535727,0.000191787,-0.08505802,0.1226022,0.1492186,-0.02421742,-0.08769336,0.09976606,0.1350181,-0.01846973,-0.07524579,0.1369452,0.1573437,0.001429026,-0.07962007,0.1317754,0.1539681,-0.01691735,-0.08321642,0.115023,0.1429737,-0.1406445,0.3120295,-0.1110814,0.9330153,42.18032,-0.3908566,0.8671421,-0.3086996,4.111803,-0.004302212,-0.06835867,0.1101195,0.1296832,0.536029,0.3238974,0.3685831,0.6869569,93.2206,0.7376227,0.4457111,0.5072024,1.299725,True,True,False,-0.1069437,0.5924186,0.1267806,0.6151991,-0.1091854,-0.2177007,-0.3135658,-0.9178025,313.2138,-0.2750003,-0.548313,-0.7897643,0.008707553,0.5851879,0.1855992,0.613977,0.004677989,0.5394382,0.2072904,0.5779141,-0.04469594,0.5562202,0.1655206,0.5820445,0.0614041,-0.04966932,0.1127551,0.1376635,0.02057067,-0.07745165,0.1341062,0.1562255,0.009240024,-0.05088402,0.0694877,0.08662044,0.06121446,-0.04964693,0.1128517,0.13765,0.0206297,-0.07766748,0.1334552,0.1557823,0.009225724,-0.05082023,0.06951133,0.08660043,0.02702687,-0.05851665,0.1006156,0.1194912,-0.8660484,-0.2647184,0.4082972,0.1147946,166.8164,-0.8718117,-0.26648,0.4110143,16.97741,0,0,0,0,0,0,0,0,0,1,0,0,0.4003275,False,True,False,-0.05005585,0.9991143,0.2986742,1.044003,0.1715399,-0.186723,-0.05245255,0.9658972,30.01267,0.6625061,-0.7211447,-0.2025775,0.1000559,0.0008856654,0.001325816,0.1000686,0.58277,0.3508536,0.6152339,0.3984573,133.0365,0.6353885,0.3825323,0.6707836,-0.08050597,1.08945,-0.03532152,1.092991,0.03671917,-0.1437426,0.1361057,0.9795228,23.22986,0.1823801,-0.713954,0.6760225,False
1773055709357,0.097227,0.03118362,0.9149099,0.2412716,0.9467019,-0.2895554,-0.3695728,-0.5967267,0.6507618,98.80187,-0.3813542,-0.4867399,-0.7859092,-0.06320325,0.9941236,0.2723598,1.032694,-0.05829,1.017843,0.2939691,1.061046,-0.06478545,1.003242,0.3043011,1.050377,-0.02145767,-0.08685998,0.1005937,0.1346261,-0.01659651,-0.07721489,0.1332407,0.1548892,0.001051904,-0.08518735,0.1276416,0.1534613,-0.02363114,-0.08751843,0.0999402,0.1349294,-0.01807563,-0.07567888,0.1361191,0.1567879,0.001349345,-0.08084652,0.1308442,0.1538122,-0.01647272,-0.08342668,0.1149649,0.1429975,-0.1328138,0.3144486,-0.1299037,0.9309177,42.84336,-0.3636451,0.8609626,-0.3556773,3.931806,-0.003882459,-0.06855719,0.1100646,0.129728,0.5449944,0.3090325,0.3519876,0.6954026,91.88138,0.7583899,0.4300359,0.4898103,1.233697,True,True,False,-0.1069641,0.5924034,0.1267675,0.6151854,-0.1092418,-0.2177057,-0.3133938,-0.9178534,313.2285,-0.2752239,-0.5484881,-0.7895649,0.008704476,0.5851485,0.1855524,0.6139253,0.004669577,0.5393983,0.2074022,0.5779169,-0.04471569,0.5561678,0.1654963,0.581989,0.06143876,-0.04967182,0.1127371,0.137665,0.02055616,-0.07740457,0.1342419,0.1563167,0.00924232,-0.05090422,0.06948798,0.08663279,0.06126156,-0.04965214,0.1128277,0.1376532,0.02061432,-0.07761241,0.1336207,0.1558946,0.009229193,-0.05083781,0.06950644,0.0866072,0.02702636,-0.05852361,0.1006765,0.1195458,-0.8662986,-0.2634384,0.4087617,0.1141971,166.8854,-0.8720031,-0.2651732,0.4114533,17.02034,0,0,0,0,0,0,0,0,0,1,0,0,0.3977434,False,True,False,-0.04959068,0.9996251,0.2973747,1.044098,0.1961501,-0.2291296,-0.06551826,0.9511741,35.95638,0.6354995,-0.7423487,-0.2122702,0.09959067,0.0003749132,0.002625346,0.09962597,0.5507247,0.3417246,0.6549995,0.3884615,134.2824,0.5976621,0.3708493,0.7108241,-0.08014622,1.089563,-0.03522638,1.093074,0.03694719,-0.1437196,0.1356187,0.9795852,23.19431,0.1837901,-0.7149189,0.6746216,False
1773055709370,0.1110879,0.03170278,0.9149948,0.2416945,0.9469091,-0.2715498,-0.3778805,-0.6096696,0.6416931,100.1636,-0.3540592,-0.492698,-0.7949154,-0.06296682,0.9945619,0.2704381,1.032596,-0.05871814,1.018674,0.2929056,1.061573,-0.06661675,1.005216,0.3038963,1.05226,-0.02089746,-0.08643517,0.1009057,0.134498,-0.01634811,-0.07653048,0.1343779,0.1555043,0.001624913,-0.08504338,0.130729,0.155965,-0.02305468,-0.08729287,0.1001417,0.1348329,-0.01771493,-0.07586397,0.1357355,0.1565033,0.001406994,-0.08176293,0.1308186,0.1542747,-0.01601394,-0.08354067,0.1150792,0.1431039,-0.1253563,0.3117386,-0.1500597,0.9298317,43.1828,-0.3406562,0.8471504,-0.4077875,3.827018,-0.003449372,-0.06866476,0.1101725,0.1298643,0.5489791,0.2948371,0.341581,0.7035733,90.5712,0.7725326,0.4148998,0.4806785,0.9133849,True,True,False,-0.1069835,0.5923864,0.1267494,0.6151686,-0.1092834,-0.2177009,-0.3132208,-0.9179086,313.2444,-0.2754174,-0.5486528,-0.7893831,0.008699514,0.5851079,0.1855055,0.6138723,0.004659936,0.5393586,0.207513,0.5779196,-0.04473481,0.5561137,0.1654707,0.5819314,0.06147159,-0.04967381,0.1127198,0.1376663,0.02054205,-0.07735758,0.1343773,0.1564079,0.009244333,-0.05092522,0.06948972,0.08664674,0.06130526,-0.04965663,0.1128053,0.1376559,0.02059934,-0.07755949,0.1337785,0.1560016,0.009232329,-0.05085595,0.06950298,0.08661541,0.02702558,-0.05853051,0.1007356,0.1195988,-0.866532,-0.2622297,0.4092055,0.1136171,166.9523,-0.8721797,-0.2639388,0.4118725,17.06082,0,0,0,0,0,0,0,0,0,1,0,0,0.3958402,False,True,False,-0.05169817,0.9988824,0.295203,1.042873,0.2076269,-0.2791881,-0.07397211,0.9345979,41.67344,0.5837036,-0.7848845,-0.2079586,0.1016982,0.001117647,0.004796982,0.1018174,0.5174152,0.3434482,0.6925583,0.3669986,136.9387,0.5562279,0.3692112,0.744509,-0.07980257,1.089695,-0.03519279,1.09318,0.03713321,-0.1436688,0.1350107,0.9796696,23.14615,0.1850945,-0.7161324,0.6729754,False
1773055709385,0.1250197,0.03222407,0.9150729,0.2421631,0.9471219,-0.2556099,-0.3845713,-0.6216594,0.6326991,101.5009,-0.3300757,-0.496607,-0.802765,-0.06242844,0.9951462,0.2689436,1.032736,-0.05889594,1.019203,0.2919527,1.061828,-0.06783921,1.006778,0.3033013,1.053659,-0.02033945,-0.08602412,0.1011959,0.1343668,-0.01602563,-0.07611708,0.1349722,0.1557823,0.002062624,-0.08484157,0.1329163,0.1576993,-0.02247908,-0.0870274,0.1003626,0.1347284,-0.01736042,-0.07591901,0.1355673,0.1563444,0.001544509,-0.08243704,0.131283,0.1550273,-0.01553642,-0.08358344,0.1152796,0.1432375,-0.118436,0.306307,-0.1692396,0.9292507,43.36337,-0.3205742,0.8290899,-0.4580857,3.758074,-0.002998624,-0.06870516,0.1103617,0.130035,0.5510373,0.2811915,0.3338654,0.7112128,89.33266,0.7838624,0.400001,0.4749307,0.8318241,True,True,False,-0.1070021,0.5923678,0.1267266,0.6151493,-0.1093105,-0.2176867,-0.3130467,-0.9179682,313.2617,-0.2755814,-0.5488073,-0.7892183,0.008692883,0.5850663,0.1854588,0.6138185,0.004648894,0.539319,0.2076226,0.5779219,-0.04475353,0.5560582,0.1654439,0.5818722,0.06150289,-0.04967536,0.1127035,0.1376675,0.02052827,-0.07731099,0.1345119,0.1564987,0.009246211,-0.05094673,0.06949267,0.08666194,0.06134655,-0.04966053,0.1127841,0.1376583,0.02058455,-0.07750768,0.1339321,0.1561057,0.009235216,-0.05087487,0.06950083,0.08662509,0.02702449,-0.05853748,0.1007941,0.1196512,-0.8667542,-0.2610659,0.4096376,0.1130435,167.0184,-0.8723459,-0.2627501,0.4122803,17.09973,0,0,0,0,0,0,0,0,0,1,0,0,0.3942415,False,True,False,-0.05296589,0.9986517,0.2936317,1.042272,0.2118974,-0.3186113,-0.08237159,0.9202181,46.08404,0.5413747,-0.8140173,-0.2104505,0.1029659,0.001348257,0.006368309,0.1031715,0.4927404,0.3449351,0.720358,0.3454144,139.5858,0.5250575,0.3675582,0.7676038,-0.07914543,1.089885,-0.03514717,1.09332,0.03717253,-0.1435114,0.1341939,0.9798034,23.06959,0.1858969,-0.7176892,0.6710934,False
1773055709398,0.1389534,0.03284096,0.9146554,0.2426022,0.9468521,-0.2547694,-0.3890172,-0.6206225,0.6313367,101.7024,-0.328519,-0.5016283,-0.8002779,-0.06169127,0.9950793,0.2687551,1.032578,-0.0588085,1.019429,0.2916491,1.061957,-0.06788679,1.007971,0.304025,1.055009,-0.02019469,-0.08535516,0.1017912,0.1343681,-0.01593616,-0.07587235,0.1357743,0.1563497,0.002458002,-0.08441386,0.1351313,0.1593493,-0.02199441,-0.08667704,0.1006623,0.1346461,-0.01706128,-0.0759089,0.1356127,0.1563459,0.001735827,-0.08286901,0.1321278,0.1559745,-0.01509008,-0.08353285,0.1156156,0.1434309,-0.1115591,0.3003412,-0.1849753,0.92905,43.42558,-0.3015485,0.8118336,-0.4999953,3.717738,-0.00257728,-0.06865742,0.1106789,0.1302701,0.5529087,0.2668185,0.3275628,0.7181942,88.18883,0.7945883,0.3834465,0.4707425,0.950503,True,True,False,-0.1070153,0.5923184,0.1267871,0.6151165,-0.1094138,-0.2177288,-0.3128542,-0.9180114,313.2742,-0.2759116,-0.5490521,-0.7889324,0.008695021,0.5849836,0.1854872,0.6137483,0.004653424,0.5392329,0.2077839,0.5778995,-0.04475744,0.5559581,0.1654862,0.5817889,0.06152628,-0.04966898,0.1126949,0.1376685,0.02051511,-0.07726912,0.1346387,0.1565854,0.009247037,-0.05097695,0.06949814,0.08668419,0.06138409,-0.04966229,0.1127655,0.1376605,0.0205701,-0.07745793,0.1340802,0.1562061,0.009237675,-0.05089613,0.06950027,0.0866374,0.02702292,-0.05854484,0.100852,0.1197032,-0.8669603,-0.2599819,0.4100502,0.1124645,167.0852,-0.8724956,-0.2616418,0.4126682,17.13659,0,0,0,0,0,0,0,0,0,1,0,0,0.3924366,False,True,False,-0.05375654,0.9986838,0.2924189,1.042002,0.213258,-0.3528206,-0.09085795,0.9065228,49.94167,0.5051629,-0.8357571,-0.2152232,0.1037565,0.00131619,0.007581085,0.1040414,0.4718204,0.3458143,0.7435078,0.3240282,142.1866,0.498728,0.3655359,0.7859096,-0.07876583,1.090031,-0.03503934,1.093435,0.03727879,-0.1430522,0.133203,0.9800017,22.95568,0.1873411,-0.7188954,0.6693993,False
1773055709412,0.1527173,0.03355771,0.9142041,0.2431564,0.9465835,-0.2520598,-0.3929876,-0.6216788,0.6289213,102.0588,-0.3242057,-0.5054706,-0.7996189,-0.06079885,0.9949979,0.2686593,1.032422,-0.05850878,1.019578,0.2915145,1.062047,-0.0677563,1.009031,0.3047562,1.056224,-0.01996922,-0.08477544,0.1022797,0.1343383,-0.01581456,-0.0756408,0.1364762,0.1568356,0.002841154,-0.08395223,0.1371591,0.1608374,-0.02156869,-0.08628196,0.1009986,0.1345753,-0.01680184,-0.07585155,0.1357994,0.156452,0.001964707,-0.0831028,0.1332122,0.1570205,-0.01466423,-0.08341525,0.1160376,0.1436588,-0.1051757,0.2940663,-0.1972929,0.9292678,43.35807,-0.2847151,0.7960501,-0.5340806,3.696679,-0.002175298,-0.06854637,0.1110771,0.130543,0.5543289,0.2523201,0.3230954,0.7243367,87.17262,0.8040202,0.3659748,0.4686302,1.079214,True,True,False,-0.1070275,0.5922661,0.1268484,0.6150809,-0.1095141,-0.2177696,-0.3126588,-0.9180564,313.2871,-0.2762368,-0.5492992,-0.7886465,0.008696385,0.5848973,0.1855194,0.6136757,0.00465966,0.5391437,0.2079486,0.5778757,-0.04475963,0.5558536,0.1655306,0.5817018,0.06154739,-0.04966129,0.1126878,0.1376694,0.02050241,-0.07722729,0.1347678,0.1566741,0.009247578,-0.05100864,0.06950493,0.08670833,0.06141786,-0.04966208,0.1127495,0.1376624,0.02055615,-0.0774103,0.1342229,0.1563032,0.009239715,-0.05091935,0.06950124,0.08665203,0.02702075,-0.05855253,0.100909,0.1197546,-0.8671512,-0.258975,0.4104421,0.1118837,167.1522,-0.8726302,-0.2606113,0.4130355,17.1714,0,0,0,0,0,0,0,0,0,1,0,0,0.3912706,False,True,False,-0.05374853,0.9983568,0.2922674,1.041646,0.2042636,-0.3706321,-0.09181124,0.9013762,51.32089,0.4717001,-0.8558902,-0.2120171,0.1037485,0.001643181,0.00773263,0.1040493,0.4646969,0.353512,0.7511503,0.3079926,144.1234,0.4884406,0.3715747,0.7895303,-0.07827447,1.090176,-0.03490151,1.093539,0.03731493,-0.1425092,0.1322164,0.980213,22.83368,0.1885113,-0.719942,0.6679438,False
1773055709426,0.1666944,0.03427333,0.9133554,0.2441612,0.9460483,-0.2529156,-0.3949344,-0.6200359,0.62898,102.0502,-0.3253263,-0.5080056,-0.7975545,-0.05965599,0.9947721,0.2697097,1.032412,-0.05803953,1.019378,0.2925749,1.06212,-0.06728997,1.008269,0.3053479,1.055638,-0.02006451,-0.08394635,0.1030676,0.134434,-0.0156959,-0.07542285,0.1373804,0.1575066,0.002890645,-0.08391635,0.1372467,0.1608943,-0.02124868,-0.08578996,0.1014347,0.1345378,-0.01656881,-0.07575905,0.1361435,0.1566812,0.002158529,-0.08328,0.1340858,0.1578583,-0.01432642,-0.08320006,0.1165547,0.1439184,-0.09826715,0.2911502,-0.2064506,0.9289528,43.45568,-0.2654447,0.7864711,-0.5576759,3.68327,-0.001856436,-0.06834324,0.1115654,0.1308475,0.5572346,0.2430283,0.3195347,0.7268595,86.75251,0.8113651,0.353863,0.4652606,0.9014442,True,True,False,-0.1070373,0.5922913,0.1268077,0.6150985,-0.1096286,-0.2177545,-0.3124553,-0.9181156,313.3043,-0.2766216,-0.5494512,-0.7884061,0.008693583,0.5848837,0.1854624,0.6136456,0.004655756,0.539125,0.208012,0.577881,-0.0447626,0.5558173,0.165475,0.5816516,0.0615697,-0.04964986,0.1126821,0.1376706,0.02049183,-0.07718508,0.1348889,0.156756,0.009247463,-0.0510461,0.0695112,0.08673538,0.06144965,-0.04965954,0.1127354,0.1376641,0.02054273,-0.07736322,0.1343628,0.1563983,0.00924133,-0.05094582,0.06950331,0.08666943,0.02701861,-0.05856061,0.100966,0.119806,-0.86733,-0.2580222,0.4108284,0.11128,167.2218,-0.8727506,-0.2596348,0.413396,17.20508,0,0,0,0,0,0,0,0,0,1,0,0,0.3897444,False,True,False,-0.05354128,0.9981143,0.2922921,1.041409,0.1959425,-0.389141,-0.09285853,0.895295,52.90731,0.439852,-0.8735441,-0.2084489,0.1035413,0.001885712,0.007707894,0.1038449,0.4563912,0.3607614,0.7592282,0.291772,146.0719,0.4771532,0.377173,0.7937667,-0.07783047,1.090347,-0.03474212,1.093673,0.03743249,-0.1417352,0.1314015,0.9804303,22.70756,0.1901415,-0.7199559,0.6674648,False
1773055709440,0.1804559,0.03505456,0.9124885,0.2452685,0.9455267,-0.252922,-0.3972312,-0.6191028,0.6284502,102.1283,-0.3251553,-0.5106785,-0.7959157,-0.05859868,0.9942735,0.2708324,1.032165,-0.05754495,1.018985,0.293452,1.061959,-0.0668304,1.007521,0.3059047,1.055056,-0.01985574,-0.08328708,0.1036906,0.134472,-0.01559004,-0.07526436,0.1380153,0.1579746,0.002945749,-0.08388148,0.1373529,0.1609677,-0.02095601,-0.0852683,0.101905,0.1345157,-0.01636507,-0.07565393,0.1365439,0.1569572,0.002321119,-0.08340907,0.1347805,0.1585189,-0.01403215,-0.08293907,0.1170916,0.1441743,-0.09133986,0.289866,-0.2130706,0.9285664,43.57512,-0.2460889,0.7809603,-0.5740572,3.671436,-0.001578641,-0.06809691,0.1120722,0.1311482,0.5603472,0.2366659,0.3170983,0.7276328,86.62342,0.8168716,0.3450105,0.4622644,0.7784212,True,True,False,-0.1070461,0.5923188,0.1267614,0.615117,-0.1097425,-0.2177314,-0.3122483,-0.9181779,313.3223,-0.2770097,-0.5495933,-0.7881709,0.008689456,0.5848714,0.1854039,0.613616,0.004650891,0.5391076,0.2080695,0.5778854,-0.0447644,0.5557809,0.165415,0.5815998,0.06159031,-0.04963686,0.1126777,0.1376715,0.02048196,-0.07714326,0.135008,0.1568367,0.009246973,-0.05108549,0.06951851,0.08676438,0.06147873,-0.04965486,0.1127235,0.1376656,0.0205302,-0.0773178,0.1344967,0.1564892,0.009242493,-0.05097464,0.06950644,0.086689,0.02701651,-0.05856887,0.1010215,0.1198564,-0.867493,-0.2571434,0.4111997,0.1106703,167.2921,-0.8728548,-0.2587328,0.4137413,17.23684,0,0,0,0,0,0,0,0,0,1,0,0,0.3885646,False,True,False,-0.05297229,0.9975151,0.2934198,1.041123,0.1911464,-0.398892,-0.09109258,0.8922166,53.69376,0.4232575,-0.883271,-0.2017073,0.1029723,0.002484858,0.006580204,0.1032122,0.4513362,0.3664842,0.7624823,0.2839116,147.0124,0.4707054,0.382212,0.7952045,-0.07736629,1.090459,-0.03453525,1.093746,0.03738061,-0.1409516,0.1306204,0.9806497,22.57953,0.1909405,-0.7199821,0.6672102,False
1773055709453,0.1943124,0.03583186,0.910444,0.2471915,0.9440846,-0.2519183,-0.3994308,-0.6201812,0.6263925,102.4311,-0.3231761,-0.5124141,-0.7956061,-0.0573417,0.9927511,0.2730434,1.031211,-0.05683125,1.017546,0.2949683,1.06096,-0.0662262,1.005782,0.3070662,1.053695,-0.01921617,-0.08257425,0.1044374,0.1345174,-0.01550587,-0.07514118,0.1385059,0.1583367,0.002965749,-0.0838659,0.1373686,0.1609734,-0.02058841,-0.08470275,0.1024367,0.1345054,-0.01618524,-0.0755447,0.1369638,0.1572515,0.002454872,-0.08350736,0.135331,0.1590408,-0.01371541,-0.08263125,0.1176717,0.1444392,-0.08387811,0.2891896,-0.2178334,0.9283763,43.6338,-0.2256962,0.778141,-0.5861383,3.651848,-0.001279637,-0.06780633,0.1126198,0.1314631,0.5643349,0.2303921,0.315327,0.7273341,86.67329,0.8223054,0.3357096,0.4594702,0.8615515,True,True,False,-0.1070269,0.5923632,0.1267804,0.6151603,-0.1098586,-0.2178302,-0.3120556,-0.9182061,313.3304,-0.2773486,-0.5499332,-0.7878145,0.008729801,0.5849006,0.185382,0.6136378,0.004700273,0.5391228,0.208168,0.5779355,-0.04472104,0.5557607,0.1654114,0.5815762,0.06162146,-0.04961504,0.112672,0.1376729,0.02047669,-0.07710118,0.1351275,0.1569182,0.009244354,-0.05113282,0.06953242,0.08680312,0.06150839,-0.04964661,0.1127128,0.1376672,0.02051911,-0.07727282,0.1346283,0.1565787,0.009242878,-0.05100745,0.06951183,0.08671266,0.027016,-0.05857743,0.101078,0.119908,-0.8676329,-0.2563198,0.4115902,0.1100308,167.3658,-0.8729333,-0.2578856,0.4141046,17.26815,0,0,0,0,0,0,0,0,0,1,0,0,0.3875874,False,True,False,-0.05234636,0.9969672,0.2945055,1.040873,0.1886752,-0.407017,-0.08846965,0.8893324,54.42106,0.41262,-0.8901189,-0.1934772,0.1023464,0.003032804,0.005494535,0.1025386,0.4458469,0.3713461,0.7652351,0.2788153,147.621,0.4642571,0.38668,0.7968338,-0.07680781,1.090602,-0.03429714,1.093841,0.03716474,-0.1400726,0.1296935,0.9809068,22.42852,0.1910995,-0.7202474,0.6668785,False
1773055709467,0.2082165,0.03661489,0.9085366,0.2490725,0.9427706,-0.2497486,-0.4025811,-0.6223261,0.6231087,102.913,-0.3193164,-0.5147205,-0.7956758,-0.0561472,0.9913873,0.27479,1.030296,-0.05615379,1.016302,0.2960736,1.060039,-0.06572153,1.004297,0.3078083,1.052463,-0.01858144,-0.08196488,0.1050644,0.1345438,-0.01542257,-0.07503447,0.1389316,0.1586506,0.00298496,-0.08385382,0.1373861,0.1609824,-0.02016306,-0.0841255,0.1029907,0.1345018,-0.01602519,-0.07543601,0.1373842,0.1575494,0.002565082,-0.0835819,0.1357675,0.1594533,-0.01338565,-0.08230274,0.1182598,0.1447007,-0.07613942,0.2887195,-0.2212286,0.9283867,43.63058,-0.2048876,0.7769304,-0.5953156,3.627506,-0.0009683623,-0.06749621,0.1131749,0.1317772,0.5687389,0.2243578,0.3143056,0.7262313,86.85725,0.8273161,0.3263621,0.4572047,0.9002624,True,True,False,-0.1070051,0.5924107,0.1267992,0.6152061,-0.1099745,-0.2179388,-0.3118621,-0.9182321,313.338,-0.2776836,-0.5502916,-0.7874462,0.008773237,0.5849353,0.1853592,0.6136647,0.004754417,0.5391423,0.2082628,0.5779883,-0.04467248,0.5557415,0.1654075,0.581553,0.06165281,-0.04959067,0.1126671,0.1376742,0.0204726,-0.07705943,0.1352456,0.1569989,0.00924118,-0.0511828,0.06954817,0.08684484,0.06153848,-0.04963499,0.1127033,0.1376686,0.02050945,-0.07722839,0.1347574,0.1566666,0.009242525,-0.05104392,0.06951938,0.08674013,0.02701698,-0.05858626,0.1011351,0.1199607,-0.8677506,-0.2555509,0.4119976,0.1093649,167.4426,-0.872987,-0.257093,0.4144838,17.29896,0,0,0,0,0,0,0,0,0,1,0,0,0.3867068,False,True,False,-0.05154807,0.9954797,0.2963467,1.039932,0.1871999,-0.4167569,-0.08618765,0.8853483,55.41117,0.4026425,-0.8963897,-0.1853784,0.1015481,0.004520297,0.003653347,0.1017143,0.4386597,0.3757347,0.7692479,0.273238,148.2859,0.4560125,0.3905982,0.7996784,-0.07631093,1.09073,-0.03423865,1.093933,0.03707737,-0.13891,0.1289858,0.9811687,22.27367,0.1919588,-0.7191721,0.6677916,False
1773055709482,0.2221666,0.03734593,0.9068742,0.2507849,0.9416521,-0.24626,-0.406624,-0.6256315,0.6185453,103.58,-0.313408,-0.5174985,-0.7962229,-0.05502431,0.9903523,0.2759606,1.029553,-0.05555753,1.015381,0.2966756,1.059293,-0.06536323,1.003168,0.3080095,1.051422,-0.01799158,-0.08140756,0.1056215,0.1345615,-0.0153379,-0.07493571,0.1393256,0.158941,0.003003347,-0.0838452,0.1374053,0.1609946,-0.01970142,-0.08355013,0.1035476,0.1345023,-0.01588061,-0.07532943,0.1377984,0.1578452,0.00265639,-0.08363856,0.1361152,0.1597805,-0.01305329,-0.08196644,0.1188392,0.1449539,-0.06824479,0.288325,-0.2236618,0.9285402,43.58323,-0.1838333,0.7766706,-0.6024854,3.600449,-0.0006546377,-0.06717873,0.1137218,0.1320835,0.5733117,0.2185937,0.3138881,0.7245722,87.13346,0.8318523,0.3171706,0.455439,0.9132022,True,True,False,-0.1069807,0.5924609,0.1268177,0.615254,-0.1100901,-0.218057,-0.3116678,-0.9182563,313.345,-0.2780147,-0.5506677,-0.7870665,0.008819617,0.5849752,0.1853355,0.6136962,0.004813157,0.5391658,0.2083541,0.5780436,-0.04461899,0.5557231,0.1654031,0.58153,0.0616843,-0.04956396,0.1126632,0.1376754,0.02046967,-0.07701802,0.1353624,0.1570789,0.009237424,-0.0512354,0.06956556,0.08688938,0.06156894,-0.04962019,0.1126949,0.1376701,0.02050116,-0.07718448,0.1348844,0.1567531,0.009241463,-0.05108386,0.069529,0.08677123,0.02701933,-0.05859534,0.1011929,0.1200144,-0.8678473,-0.2548333,0.4124209,0.1086741,167.5222,-0.8730178,-0.2563516,0.414878,17.32928,0,0,0,0,0,0,0,0,0,1,0,0,0.3859073,False,True,False,-0.05080891,0.9942315,0.2978443,1.039129,0.186101,-0.4280113,-0.08317568,0.8804855,56.59804,0.3925576,-0.902838,-0.175449,0.1008089,0.005768538,0.002155691,0.1009968,0.4297841,0.3807297,0.7738788,0.2672869,148.9942,0.4460113,0.3951048,0.8030979,-0.07580575,1.090882,-0.03410416,1.094044,0.03694648,-0.1377529,0.1283412,0.9814212,22.12334,0.1925645,-0.7179658,0.6689126,False
1773055709496,0.2362928,0.03774261,0.9062483,0.2516989,0.9413091,-0.2391803,-0.4126508,-0.6309291,0.6119155,104.5437,-0.3024065,-0.5217331,-0.7977123,-0.0544978,0.9901261,0.2759209,1.029297,-0.05559989,1.015184,0.2955855,1.058802,-0.06571911,1.002985,0.3065847,1.050853,-0.01700959,-0.08094171,0.1061189,0.1345441,-0.01529952,-0.07494993,0.1393027,0.1589239,0.002994783,-0.08384262,0.1373196,0.16092,-0.01912293,-0.08299178,0.1040979,0.1344979,-0.01575719,-0.07524796,0.1381214,0.1580761,0.002727567,-0.08368279,0.1363726,0.1600242,-0.01266553,-0.08163881,0.1193988,0.1451943,-0.06003978,0.2870947,-0.2251783,0.9291214,43.40345,-0.1623685,0.7764042,-0.6089609,3.560775,-0.0002885576,-0.06686947,0.1142501,0.1323808,0.5778182,0.2123775,0.3146349,0.7225143,87.47509,0.8357751,0.3071897,0.4550983,0.9448135,True,True,False,-0.1070206,0.5924782,0.1268759,0.6152896,-0.1101918,-0.2181154,-0.3114406,-0.9183073,313.3597,-0.2783548,-0.5509799,-0.7867277,0.008792497,0.5849887,0.1853724,0.6137198,0.004789814,0.5391489,0.2084987,0.5780797,-0.04464357,0.5556769,0.1654475,0.5815005,0.06172286,-0.04952098,0.1126636,0.1376776,0.02046528,-0.0769739,0.1354771,0.1571555,0.009235517,-0.05127585,0.06958051,0.08692499,0.06160141,-0.04959931,0.1126883,0.1376717,0.02049361,-0.07714008,0.1350099,0.1568383,0.009240213,-0.05112431,0.06953983,0.0868036,0.02702374,-0.05860245,0.1012519,0.1200686,-0.867923,-0.2541729,0.4128562,0.1079607,167.6045,-0.8730257,-0.2556672,0.4152835,17.36041,0,0,0,0,0,0,0,0,0,1,0,0,0.3851209,False,True,False,-0.05019128,0.9933143,0.298862,1.038514,0.1853108,-0.440802,-0.07986976,0.8746281,57.99801,0.382246,-0.9092555,-0.1647497,0.1001913,0.006685734,0.001138031,0.1004205,0.4193277,0.3860034,0.7792368,0.2606832,149.7788,0.4343454,0.3998277,0.8071442,-0.07524852,1.090997,-0.03408318,1.09412,0.03682103,-0.1365339,0.12752,0.9817033,21.95425,0.1933705,-0.7170255,0.669688,False
1773055709510,0.2500078,0.03811241,0.905682,0.2525322,0.9410021,-0.2314123,-0.4187273,-0.6367069,0.604748,105.5786,-0.2905667,-0.5257639,-0.7994643,-0.05393967,0.9900634,0.2756353,1.029131,-0.05561318,1.01508,0.2943582,1.058361,-0.0660587,1.002838,0.3049269,1.050251,-0.01616334,-0.0804553,0.1066045,0.1345319,-0.01526012,-0.07496379,0.1392832,0.1589096,0.002970082,-0.08385842,0.1371519,0.1607846,-0.01850079,-0.08246075,0.1046226,0.1344914,-0.01565407,-0.07518847,0.1383644,0.15825,0.002777383,-0.08371991,0.136535,0.1601829,-0.01226755,-0.08132845,0.1199171,0.1454129,-0.0517564,0.2855511,-0.2259964,0.9298965,43.16262,-0.1407108,0.7763314,-0.6144193,3.513291,8.709575E-05,-0.0665765,0.1147393,0.1326558,0.5822956,0.2061052,0.3160813,0.7201008,87.8744,0.8392006,0.2970374,0.4555343,0.9660391,True,True,False,-0.1070621,0.5924958,0.1269362,0.6153262,-0.1102917,-0.2181745,-0.3112088,-0.9183598,313.3749,-0.278693,-0.5512987,-0.7863842,0.008762948,0.5850055,0.1854134,0.6137478,0.004764348,0.5391322,0.2086445,0.5781166,-0.04466955,0.5556302,0.1654951,0.5814713,0.06176241,-0.04947398,0.1126652,0.1376798,0.02046154,-0.07692984,0.1355905,0.1572312,0.009233346,-0.05131686,0.06959654,0.08696179,0.06163458,-0.04957355,0.1126836,0.1376733,0.02048702,-0.07709678,0.1351301,0.1569196,0.009238802,-0.05116393,0.06955148,0.08683612,0.02702988,-0.05860754,0.10131,0.1201215,-0.8679766,-0.2535876,0.4132883,0.1072503,167.6863,-0.8730122,-0.2550588,0.415686,17.39125,0,0,0,0,0,0,0,0,0,1,0,0,0.384662,False,True,False,-0.05026696,0.9933668,0.2984895,1.03846,0.1849255,-0.4574969,-0.07568469,0.8664705,59.89791,0.3704228,-0.9164082,-0.1516034,0.100267,0.006633222,0.001510501,0.1004975,0.4051116,0.3923257,0.7863316,0.2522855,150.7744,0.4186538,0.4054405,0.8126173,-0.0747764,1.091185,-0.03407635,1.094275,0.03668467,-0.1352637,0.1271271,0.9819352,21.81424,0.1938757,-0.7148583,0.6718569,False
1773055709524,0.2639141,0.03831894,0.9055977,0.2528139,0.9410051,-0.2200268,-0.4206405,-0.6470445,0.5966433,106.7403,-0.2741745,-0.5241583,-0.8062795,-0.05322478,0.9906893,0.27525,1.029593,-0.05522551,1.015456,0.293781,1.05854,-0.06603335,1.0025,0.30311,1.049401,-0.01567324,-0.08019508,0.1068557,0.1345178,-0.01522577,-0.07496455,0.1392698,0.1588949,0.002794614,-0.08404282,0.1361105,0.1599908,-0.01789932,-0.08198085,0.1050955,0.1344854,-0.01556428,-0.07514116,0.1385554,0.1583857,0.002780962,-0.08378877,0.1364457,0.1601428,-0.01192158,-0.08104434,0.1203553,0.1455874,-0.04359957,0.2849753,-0.2266964,0.9303209,43.03021,-0.118882,0.7770362,-0.6181282,3.462869,0.0004136974,-0.06630833,0.115153,0.1328803,0.5867938,0.2009016,0.3169,0.7175558,88.29391,0.8424878,0.288444,0.4549885,0.8975959,True,True,False,-0.1071166,0.5925239,0.1269706,0.6153699,-0.1103974,-0.2182287,-0.3110737,-0.91838,313.3808,-0.278993,-0.551501,-0.7861362,0.008724891,0.5850385,0.1854198,0.6137807,0.004735306,0.5391432,0.2087611,0.5781686,-0.04470377,0.555609,0.1655187,0.5814604,0.06179966,-0.0494432,0.1126605,0.1376816,0.02045862,-0.07688575,0.1357026,0.1573059,0.009231997,-0.05135107,0.06961443,0.08699616,0.06166897,-0.04954645,0.1126788,0.1376751,0.02048112,-0.07705283,0.1352499,0.1570005,0.009237388,-0.05120287,0.06956456,0.0868694,0.02703705,-0.05861167,0.101369,0.1201749,-0.8680211,-0.2530105,0.4137315,0.1065426,167.7679,-0.8729901,-0.2544588,0.4160999,17.42216,0,0,0,0,0,0,0,0,0,1,0,0,0.3841178,False,True,False,-0.050372,0.9934607,0.2979521,1.038401,0.1843786,-0.4744908,-0.07121585,0.8577828,61.86291,0.3587047,-0.9231117,-0.1385489,0.100372,0.006539345,0.002047926,0.1006056,0.390337,0.398822,0.7932563,0.2435622,151.8062,0.4024568,0.4112053,0.8178866,-0.07424422,1.091354,-0.034016,1.094405,0.03637796,-0.1340128,0.1264277,0.9822084,21.64819,0.1937117,-0.713615,0.6732244,False
1773055709538,0.2778302,0.03850853,0.9054985,0.2530881,0.940991,-0.2091653,-0.4226525,-0.6565552,0.5886852,107.8725,-0.2587519,-0.5228502,-0.812204,-0.05251903,0.9912874,0.2749049,1.03004,-0.05486722,1.015814,0.2931563,1.058693,-0.06598241,1.002394,0.301467,1.048823,-0.01517768,-0.07987832,0.1071511,0.1345075,-0.01519119,-0.0749632,0.1392597,0.1588821,0.002667271,-0.08414531,0.1353822,0.1594236,-0.01731962,-0.08153505,0.1055313,0.1344797,-0.01548605,-0.0751036,0.1387038,0.1584901,0.002757334,-0.08386471,0.1362216,0.1599913,-0.01161217,-0.08077833,0.1207419,0.1457346,-0.03552317,0.2848835,-0.2272993,0.9305453,42.96006,-0.09701098,0.7779944,-0.6207363,3.409568,0.0007057374,-0.06605724,0.115518,0.1330731,0.5911953,0.1962924,0.3174334,0.7149782,88.71719,0.8455953,0.2807599,0.4540296,0.851585,True,True,False,-0.1071732,0.5925529,0.1270052,0.6154148,-0.1105023,-0.2182828,-0.3109475,-0.9183972,313.3858,-0.2792862,-0.5516934,-0.7858967,0.008684628,0.5850756,0.1854268,0.6138175,0.0047049,0.5391574,0.2088764,0.5782233,-0.04473938,0.55559,0.1655435,0.5814521,0.06183741,-0.04941137,0.112656,0.1376834,0.02045644,-0.07684163,0.1358133,0.1573797,0.009230549,-0.05138476,0.06963347,0.08703113,0.06170407,-0.04951836,0.112674,0.1376768,0.02047599,-0.07700883,0.1353678,0.1570798,0.009235967,-0.05124074,0.06957888,0.08690304,0.02704514,-0.05861482,0.1014281,0.1202281,-0.8680559,-0.2524492,0.41418,0.1058455,167.8482,-0.8729598,-0.2538753,0.4165198,17.45276,0,0,0,0,0,0,0,0,0,1,0,0,0.38362,False,True,False,-0.05024382,0.993906,0.2977077,1.038751,0.1889164,-0.4919215,-0.07258879,0.8467909,64.27135,0.3551554,-0.9247931,-0.1364641,0.1002438,0.006093979,0.002292305,0.100455,0.3741032,0.3982552,0.8038396,0.2351202,152.8026,0.3848932,0.4097418,0.8270242,-0.07368768,1.091548,-0.03390996,1.094558,0.03590989,-0.1329933,0.1259189,0.9824295,21.51283,0.1924081,-0.7125891,0.6746835,False
1773055709551,0.2916663,0.03872576,0.905368,0.2534142,0.9409621,-0.1990383,-0.4246436,-0.6651341,0.5810837,108.9464,-0.2445657,-0.5217754,-0.8172749,-0.05178767,0.9918143,0.2747228,1.030461,-0.05448817,1.016127,0.2925904,1.058816,-0.06586209,1.002391,0.300034,1.048402,-0.01465646,-0.07950488,0.1074902,0.134499,-0.01515648,-0.07495973,0.1392532,0.1588714,0.0025683,-0.08420321,0.1348407,0.158993,-0.01675458,-0.08110636,0.1059448,0.134474,-0.01541728,-0.07507341,0.1388188,0.1585698,0.00271822,-0.08393636,0.1359319,0.1597817,-0.01132551,-0.08052228,0.1210998,0.1458673,-0.02737412,0.284984,-0.2278286,0.9306604,42.92398,-0.07481641,0.7788919,-0.6226799,3.353385,0.000976358,-0.0658155,0.1158557,0.1332486,0.5955775,0.1918871,0.3178723,0.712337,89.14924,0.8485973,0.2734066,0.4529143,0.8288467,True,True,False,-0.1072319,0.5925828,0.1270398,0.615461,-0.1106064,-0.2183368,-0.3108298,-0.9184117,313.39,-0.2795731,-0.5518768,-0.7856658,0.008642331,0.5851164,0.1854342,0.613858,0.004673243,0.5391746,0.2089906,0.5782804,-0.04477624,0.5555731,0.1655694,0.5814462,0.06187572,-0.04937854,0.1126516,0.1376853,0.0204549,-0.07679754,0.1359229,0.1574525,0.009229065,-0.05141795,0.06965361,0.08706668,0.06173968,-0.04948941,0.1126694,0.1376785,0.02047162,-0.076965,0.1354835,0.1571575,0.009234539,-0.05127747,0.06959434,0.08693692,0.02705407,-0.05861706,0.101487,0.1202809,-0.8680812,-0.2519063,0.4146315,0.1051614,167.9271,-0.8729215,-0.2533109,0.4169434,17.48291,0,0,0,0,0,0,0,0,0,1,0,0,0.3832024,False,True,False,-0.0501446,0.9943097,0.2973786,1.039038,0.1931921,-0.5083891,-0.07374167,0.8359304,66.57431,0.3520036,-0.9263051,-0.1343603,0.1001446,0.005690336,0.002621412,0.1003404,0.3583668,0.3976386,0.813586,0.2270126,153.7575,0.3679739,0.4082986,0.8353967,-0.07319953,1.091691,-0.03378026,1.094663,0.03560547,-0.1318571,0.1250986,0.9826985,21.34704,0.1922412,-0.7119232,0.6754327,False
1773055709565,0.305957,0.038867,0.9054186,0.2534731,0.9410325,-0.1874254,-0.4195217,-0.6752965,0.5769296,109.5302,-0.2294648,-0.5136201,-0.8267649,-0.05117813,0.9920948,0.2757306,1.03097,-0.05395159,1.015989,0.2941288,1.059082,-0.0652756,1.001325,0.3000616,1.047354,-0.01453727,-0.07944303,0.1075343,0.1344848,-0.01513564,-0.07491834,0.1392891,0.1588814,0.002326208,-0.08422516,0.1335296,0.1578906,-0.016272,-0.08074611,0.106289,0.1344695,-0.01535702,-0.07504007,0.1389197,0.1586365,0.002634978,-0.08399897,0.1354144,0.1593732,-0.01112821,-0.08028562,0.121377,0.145952,-0.0201097,0.286427,-0.2281316,0.9303285,43.02782,-0.0548356,0.7810357,-0.6220744,3.297384,0.001162595,-0.06559208,0.1161174,0.1333676,0.5993156,0.1892032,0.3176725,0.7100051,89.52934,0.851063,0.2686796,0.4511134,0.6956559,True,True,False,-0.1072854,0.5927098,0.1270109,0.6155866,-0.1107023,-0.2184708,-0.3108342,-0.9183668,313.377,-0.2797419,-0.5520701,-0.7854702,0.00861536,0.5852744,0.1853575,0.6139851,0.004663214,0.5393119,0.2090028,0.5784127,-0.04479914,0.5556781,0.1655185,0.5815338,0.0619072,-0.04935759,0.1126441,0.1376858,0.02044811,-0.07676302,0.1360069,0.1575073,0.009228571,-0.05144287,0.06966562,0.08709095,0.06177533,-0.04946141,0.112664,0.1376801,0.02046663,-0.07692203,0.1355954,0.1572323,0.009233273,-0.05131264,0.06960946,0.08696964,0.02706327,-0.0586189,0.1015444,0.1203323,-0.8681034,-0.2513704,0.4150774,0.1045003,168.0033,-0.8728825,-0.2527542,0.4173625,17.51256,0,0,0,0,0,0,0,0,0,1,0,0,0.3811275,False,True,False,-0.05001456,0.9946565,0.2970937,1.039282,0.1969462,-0.5238571,-0.07437389,0.8253814,68.74564,0.3488395,-0.9278778,-0.1317342,0.1000146,0.005343497,0.002906322,0.1001994,0.3432521,0.397354,0.8223228,0.2192557,154.6694,0.3518126,0.4072638,0.842831,-0.07265457,1.091894,-0.03365938,1.094826,0.03532885,-0.1308216,0.1245558,0.9829158,21.2122,0.1919462,-0.710771,0.6767278,False
1773055709579,0.3193915,0.03902679,0.9054584,0.2535565,0.9410998,-0.1764177,-0.41566,-0.6845971,0.5722154,110.1903,-0.2151164,-0.5068386,-0.8347692,-0.05059577,0.9923924,0.2764279,1.031414,-0.05343639,1.015994,0.2953305,1.059395,-0.06477787,1.000709,0.3000388,1.046728,-0.01441027,-0.07937381,0.1075845,0.1344704,-0.01511825,-0.0748092,0.1394248,0.1589473,0.002169102,-0.08415939,0.1327077,0.1571587,-0.0158861,-0.0804631,0.1065561,0.1344651,-0.0153084,-0.07499287,0.1390227,0.1586997,0.002540739,-0.08403204,0.1348582,0.1589169,-0.01100106,-0.08007678,0.1215971,0.1460109,-0.01429351,0.2882711,-0.2283828,0.9298047,43.19122,-0.03883544,0.7832319,-0.6205156,3.249889,0.001282655,-0.06539496,0.1163253,0.133453,0.6021948,0.1875367,0.3172401,0.7082019,89.82238,0.8529553,0.265629,0.4493424,0.6215332,True,True,False,-0.1073404,0.592843,0.1269785,0.6157177,-0.1107966,-0.2186138,-0.3108597,-0.9183128,313.3613,-0.2798917,-0.5522567,-0.7852859,0.008588053,0.5854432,0.1852753,0.6141208,0.004654258,0.5394596,0.2090058,0.5785514,-0.04482182,0.5557932,0.1654635,0.5816298,0.06193828,-0.04933723,0.1126363,0.1376861,0.02044119,-0.07672974,0.1360868,0.1575592,0.009228109,-0.0514664,0.06967758,0.08711436,0.06180835,-0.04943629,0.1126584,0.1376813,0.02046149,-0.07688307,0.1356954,0.1572988,0.00923223,-0.05134377,0.06962323,0.08699892,0.02707207,-0.05862026,0.1015962,0.1203787,-0.8681207,-0.2508818,0.4154849,0.1039093,168.0713,-0.8728456,-0.2522473,0.4177463,17.53951,0,0,0,0,0,0,0,0,0,1,0,0,0.379674,False,True,False,-0.04967943,0.9944394,0.298437,1.039443,0.2071877,-0.5338814,-0.08022493,0.815848,70.65741,0.358291,-0.9232447,-0.1387335,0.09967943,0.005560577,0.001562983,0.09984664,0.3306857,0.3889721,0.8321046,0.2166788,154.9719,0.338733,0.3984377,0.8523539,-0.07211413,1.092141,-0.03345107,1.095031,0.03508439,-0.1295925,0.1234489,0.983227,21.01757,0.1923631,-0.7105388,0.676854,False
1773055709593,0.3333116,0.03919379,0.9055695,0.2535498,0.9412119,-0.1722851,-0.410627,-0.6890657,0.5717446,110.2561,-0.2099932,-0.5005011,-0.8398818,-0.05009198,0.9924834,0.277687,1.031815,-0.05270036,1.01617,0.2972196,1.060055,-0.06395341,0.9997889,0.3004377,1.045911,-0.01431094,-0.07930519,0.1076262,0.1344526,-0.01511031,-0.07446579,0.1398962,0.1591993,0.001937239,-0.08413193,0.1314815,0.1561068,-0.01555047,-0.08021761,0.1067828,0.1344591,-0.01526692,-0.07488219,0.1392057,0.1588038,0.002415102,-0.0840532,0.1341431,0.1583198,-0.01094163,-0.07984823,0.1218254,0.1460716,-0.00928599,0.2912093,-0.2294475,0.9286898,43.53701,-0.02503925,0.7852326,-0.6186947,3.212491,0.001338742,-0.06517921,0.1165408,0.133536,0.6056303,0.1861382,0.3156586,0.7063456,90.1233,0.8555706,0.2629564,0.4459292,0.7398328,True,True,False,-0.1073461,0.5929496,0.1269342,0.6158122,-0.1108582,-0.2186739,-0.3110382,-0.9182306,313.3375,-0.2799123,-0.5521424,-0.7853584,0.008597724,0.5856061,0.1852092,0.6142564,0.004681379,0.5395968,0.2089877,0.5786731,-0.04480269,0.555909,0.165395,0.5817195,0.06195842,-0.04932104,0.1126333,0.1376868,0.0204265,-0.07670882,0.1361353,0.1575891,0.009230829,-0.05147852,0.06967279,0.08711799,0.06183963,-0.04941231,0.1126532,0.1376825,0.02045421,-0.07684676,0.1357875,0.1573596,0.009231938,-0.05137183,0.06963354,0.08702369,0.02708021,-0.05862097,0.1016434,0.1204207,-0.8681433,-0.2504262,0.4158502,0.1033568,168.135,-0.8728178,-0.2517746,0.4180893,17.56563,0,0,0,0,0,0,0,0,0,1,0,0,0.3765494,False,True,False,-0.04939895,0.9943037,0.2993507,1.039563,0.2161688,-0.543354,-0.08607979,0.8066151,72.46696,0.3657201,-0.9192607,-0.1456321,0.09939896,0.005696297,0.0006492734,0.09956416,0.319045,0.3810062,0.841103,0.2135192,155.3427,0.3265762,0.39,0.8609577,-0.07145702,1.092437,-0.03326398,1.095277,0.0348929,-0.1284366,0.1225073,0.9835032,20.84332,0.1928947,-0.7100224,0.6772442,False
1773055709607,0.3471679,0.03937662,0.9056759,0.253558,0.9413241,-0.1677135,-0.4065572,-0.6936084,0.570518,110.4273,-0.2042086,-0.4950257,-0.8445404,-0.04959192,0.9926109,0.2786718,1.032179,-0.05200067,1.016393,0.2988051,1.06068,-0.06323014,0.9991281,0.3007044,1.045313,-0.01420389,-0.07922961,0.1076711,0.1344327,-0.01510376,-0.07411443,0.1403688,0.1594505,0.001761064,-0.08406455,0.1305385,0.1552747,-0.01526477,-0.08000904,0.1069703,0.1344511,-0.01523289,-0.07472181,0.139448,0.1589375,0.002279367,-0.08405559,0.133381,0.1576738,-0.01092655,-0.07960954,0.1220768,0.1461499,-0.005181598,0.2946879,-0.2311023,0.927213,43.99108,-0.01383477,0.7868113,-0.617039,3.185158,0.001352987,-0.06495389,0.116778,0.1336336,0.6090307,0.1851399,0.3132491,0.7047552,90.38046,0.858454,0.2609624,0.4415376,0.7856055,True,True,False,-0.1073499,0.5930597,0.1268863,0.615909,-0.1109144,-0.2187312,-0.3112528,-0.9181375,313.3106,-0.2799017,-0.5519863,-0.7854723,0.008608542,0.5857787,0.1851413,0.6144006,0.004710659,0.5397428,0.2089601,0.5787994,-0.04478142,0.5560349,0.1653221,0.5818174,0.06197677,-0.04930596,0.1126306,0.1376875,0.02041068,-0.07669069,0.1361765,0.1576137,0.009233974,-0.05148804,0.06966574,0.08711831,0.0618681,-0.04939026,0.1126485,0.1376835,0.02044519,-0.07681436,0.1358686,0.1574126,0.00923236,-0.05139594,0.0696402,0.08704331,0.02708745,-0.05862106,0.1016845,0.1204571,-0.86817,-0.2500191,0.416162,0.1028615,168.1921,-0.8727996,-0.2513523,0.4183812,17.58998,0,0,0,0,0,0,0,0,0,1,0,0,0.3737963,False,True,False,-0.04882063,0.9941993,0.3007737,1.039846,0.2232165,-0.5465568,-0.08962309,0.8021333,73.33141,0.3738062,-0.9152831,-0.150086,0.09882063,0.005800724,-0.0007736385,0.09899376,0.3132108,0.3750082,0.8458008,0.2142172,155.2608,0.3206544,0.3839205,0.8659018,-0.0708585,1.092702,-0.03311161,1.095498,0.03461692,-0.1271512,0.1215265,0.9838016,20.6534,0.1931093,-0.7093084,0.6779317,False
1773055709621,0.3610001,0.03957991,0.9057807,0.2535807,0.9414396,-0.1625405,-0.4028459,-0.6984867,0.5686933,110.6817,-0.1976056,-0.4897527,-0.8491728,-0.04906879,0.9927459,0.2795581,1.032524,-0.05130932,1.016608,0.3002548,1.061262,-0.06254076,0.9985999,0.300917,1.044827,-0.01406297,-0.07914129,0.1077157,0.1344016,-0.01509798,-0.07377553,0.1408139,0.1596851,0.001613713,-0.08397526,0.1297378,0.1545521,-0.01501032,-0.07982621,0.1071272,0.1344388,-0.01520481,-0.07452473,0.1397317,0.1590914,0.002141342,-0.08403871,0.1326103,0.1570114,-0.01093573,-0.07936083,0.1223604,0.1462525,-0.00175501,0.2984065,-0.2330945,0.9255363,44.50126,-0.004634806,0.7880618,-0.6155791,3.164809,0.001344324,-0.06471911,0.1170457,0.1337538,0.6122122,0.1844606,0.3104056,0.7034336,90.59373,0.8613476,0.2595255,0.436723,0.7949486,True,True,False,-0.107352,0.5931731,0.1268349,0.616008,-0.1109655,-0.2187855,-0.3115022,-0.9180337,313.2806,-0.2798609,-0.551789,-0.7856254,0.008620501,0.5859606,0.185072,0.6145533,0.004742019,0.5398973,0.2089234,0.5789306,-0.04475815,0.5561705,0.165245,0.5819234,0.06199344,-0.04929189,0.1126284,0.1376882,0.0203939,-0.07667512,0.1362105,0.1576334,0.0092376,-0.05149502,0.06965645,0.0871154,0.06189409,-0.04936989,0.1126443,0.1376845,0.02043458,-0.0767855,0.1359398,0.1574586,0.009233444,-0.05141647,0.06964356,0.08705823,0.0270939,-0.05862055,0.1017202,0.1204884,-0.8682005,-0.2496561,0.4164259,0.1024173,168.2432,-0.87279,-0.2509758,0.4186272,17.61275,0,0,0,0,0,0,0,0,0,1,0,0,0.3713413,False,True,False,-0.04828777,0.9941957,0.3019019,1.040145,0.230327,-0.5507904,-0.09355445,0.7967604,74.35631,0.3811496,-0.9114588,-0.1548158,0.09828778,0.0058043,-0.001901925,0.09847738,0.3064428,0.3687399,0.8510619,0.2140499,155.2804,0.3137138,0.3774891,0.8712552,-0.07022275,1.092861,-0.0330558,1.095613,0.03451805,-0.1256814,0.1201461,0.9841634,20.42083,0.1947272,-0.7090085,0.6777825,False
1773055709635,0.3748824,0.03993936,0.9060645,0.2535982,0.9417324,-0.1607008,-0.4009845,-0.6994427,0.5693563,110.5893,-0.1954781,-0.4877618,-0.8508095,-0.04874589,0.9926134,0.2803287,1.03259,-0.0506862,1.016963,0.3013962,1.061896,-0.06176844,0.9979755,0.3008091,1.044153,-0.01372649,-0.07899152,0.1077334,0.1342928,-0.0151228,-0.07323491,0.1413878,0.1599455,0.001404081,-0.0837282,0.1287555,0.1535915,-0.01473789,-0.07964997,0.1072551,0.1344061,-0.01518769,-0.07425583,0.1400759,0.1592666,0.001987949,-0.0839734,0.1317908,0.1562828,-0.01095992,-0.07906526,0.1227012,0.1463797,0.001056143,0.3019469,-0.2353515,0.9238164,45.01891,0.002758735,0.7887111,-0.6147582,3.148788,0.001321483,-0.06444009,0.1173675,0.1339007,0.6151583,0.1838777,0.3072546,0.7023986,90.76047,0.8642489,0.2583337,0.4316685,0.8400009,True,True,False,-0.1073541,0.5932781,0.1267836,0.6160989,-0.1109392,-0.2187687,-0.3117172,-0.9179679,313.2616,-0.2796872,-0.5515347,-0.7858659,0.008620471,0.5861248,0.1850252,0.6146958,0.004746392,0.5400366,0.2089022,0.5790529,-0.04474624,0.5563005,0.1651813,0.5820286,0.06200426,-0.0492844,0.1126265,0.1376888,0.02036946,-0.07666693,0.13623,0.1576431,0.009242573,-0.05150003,0.06964359,0.0871086,0.061917,-0.04935214,0.1126406,0.1376854,0.02042107,-0.07676085,0.1360004,0.1574971,0.009235337,-0.05143383,0.06964357,0.08706869,0.0270992,-0.05862014,0.1017503,0.1205148,-0.8682371,-0.2493343,0.4166382,0.1020263,168.2883,-0.8727916,-0.2506422,0.4188238,17.63377,0,0,0,0,0,0,0,0,0,1,0,0,0.3687547,False,True,False,-0.04776776,0.9942478,0.3029167,1.040466,0.2376223,-0.5556424,-0.09816853,0.7906706,75.50355,0.3881185,-0.907554,-0.1603428,0.09776776,0.005752206,-0.002916694,0.09798025,0.2991058,0.3618496,0.8568187,0.213219,155.3779,0.3061458,0.3703664,0.8769855,-0.06948396,1.093011,-0.03305624,1.095716,0.03450582,-0.1241037,0.1183978,0.9845759,20.15241,0.1972236,-0.7093349,0.6767216,False
1773055709649,0.3890086,0.04038081,0.9063932,0.2536388,0.9420785,-0.1585248,-0.3992851,-0.7007499,0.5695534,110.5618,-0.1928633,-0.4857753,-0.8525411,-0.04826941,0.9926272,0.2810552,1.032778,-0.05000523,1.017295,0.302361,1.062455,-0.06094462,0.9975392,0.3007354,1.043667,-0.01342929,-0.07879987,0.1077889,0.1341947,-0.01514649,-0.07279146,0.1417978,0.1601081,0.00123128,-0.08348438,0.1279172,0.1527546,-0.01445654,-0.0794681,0.1073692,0.1343589,-0.01517898,-0.07394689,0.1404381,0.1594409,0.001828257,-0.08386929,0.1309546,0.1555201,-0.01098914,-0.07873418,0.1230948,0.1465338,0.003603134,0.3054548,-0.237572,0.9220867,45.53385,0.009310824,0.789323,-0.6139077,3.131344,0.001293872,-0.06412761,0.1177391,0.1340765,0.6179613,0.1834282,0.3040869,0.7014338,90.91571,0.8670285,0.2573583,0.426648,0.8459607,True,True,False,-0.1073547,0.5933852,0.1267294,0.616191,-0.1109001,-0.2187416,-0.3119573,-0.9178976,313.2413,-0.2794738,-0.5512398,-0.7861483,0.008620001,0.5862951,0.1849796,0.6148444,0.004749358,0.5401816,0.2088749,0.5791783,-0.04473401,0.5564385,0.1651155,0.5821409,0.06201292,-0.04927861,0.1126249,0.1376893,0.02034327,-0.07666183,0.1362416,0.1576473,0.00924809,-0.05150262,0.06962835,0.08709853,0.06193721,-0.04933666,0.1126373,0.1376862,0.0204047,-0.07673998,0.1360514,0.1575289,0.009238019,-0.05144832,0.06964037,0.08707497,0.02710347,-0.0586198,0.1017754,0.1205368,-0.8682801,-0.2490488,0.4168037,0.1016819,168.3279,-0.8728038,-0.2503463,0.4189753,17.65332,0,0,0,0,0,0,0,0,0,1,0,0,0.3664345,False,True,False,-0.04729245,0.9944336,0.303707,1.040852,0.2427758,-0.557851,-0.09923054,0.7874106,76.11163,0.3938424,-0.9049723,-0.1609765,0.09729245,0.005566359,-0.003706992,0.09752204,0.2942936,0.3585322,0.8595786,0.2144076,155.2384,0.3013006,0.3670686,0.8800447,-0.06874467,1.093274,-0.03300426,1.09593,0.03448471,-0.1223551,0.1169211,0.9849718,19.89144,0.1996623,-0.7084215,0.6769592,False
1773055709665,0.405662,0.04096591,0.9066511,0.2535925,0.9423394,-0.1577833,-0.3992521,-0.7008097,0.5697088,110.5402,-0.1919863,-0.4857987,-0.8527256,-0.04756971,0.9928583,0.2812817,1.033029,-0.04904928,1.018105,0.3032023,1.063426,-0.06015683,0.9973698,0.3003541,1.043349,-0.01334897,-0.07849653,0.1079685,0.1341533,-0.01516443,-0.07198299,0.1427721,0.1606094,0.001110962,-0.0833033,0.1273764,0.1522019,-0.01418646,-0.07923225,0.1075145,0.134307,-0.01517549,-0.07347722,0.1409968,0.1597163,0.001656224,-0.08373266,0.130077,0.1547059,-0.01104887,-0.07828788,0.1236832,0.1467944,0.006131833,0.3100155,-0.2416531,0.9194871,46.29757,0.01559786,0.7886024,-0.6147054,3.129566,0.001237482,-0.06370627,0.1182944,0.1343636,0.6208717,0.182858,0.2995399,0.7009687,90.99044,0.8705534,0.2563939,0.4199989,0.7663797,True,True,False,-0.1072482,0.5935135,0.1266717,0.6162841,-0.110952,-0.2187925,-0.3121367,-0.9178182,313.2184,-0.2794753,-0.5511134,-0.7862366,0.008733369,0.5864322,0.1849108,0.6149561,0.004870914,0.540326,0.2088255,0.5792961,-0.04460493,0.5565801,0.1650349,0.5822436,0.06199334,-0.04929583,0.112629,0.1376901,0.02031388,-0.0766528,0.1362636,0.1576581,0.009252404,-0.05151139,0.06962198,0.08709908,0.06195065,-0.0493269,0.1126353,0.1376871,0.02038299,-0.07671911,0.1361024,0.15756,0.009241455,-0.05146341,0.06963597,0.08708074,0.02710323,-0.05862157,0.1017999,0.1205583,-0.8683562,-0.2487248,0.4169208,0.1013433,168.3669,-0.87285,-0.250012,0.4190784,17.67093,0,0,0,0,0,0,0,0,0,1,0,0,0.3648534,False,True,False,-0.04670786,0.9947469,0.3044885,1.041353,0.2478872,-0.5604308,-0.1006711,0.7837951,76.78126,0.3991617,-0.9024367,-0.1621061,0.09670787,0.005253077,-0.004488528,0.09695438,0.2892404,0.354956,0.8625929,0.2151277,155.154,0.296175,0.3634662,0.883274,-0.06807294,1.09355,-0.03289952,1.096161,0.03428642,-0.1206483,0.1158211,0.9853192,19.65963,0.2008316,-0.7066938,0.6784183,False
1773055709676,0.4165604,0.04157832,0.9069028,0.2535615,0.9426001,-0.1569485,-0.3991869,-0.7010237,0.5697218,110.5383,-0.1909726,-0.4857247,-0.8529953,-0.04680995,0.9931205,0.2815192,1.033311,-0.04812609,1.018778,0.3038905,1.064225,-0.05930179,0.9971721,0.299937,1.042991,-0.01328582,-0.07818112,0.1081566,0.1341143,-0.01517597,-0.07131725,0.1435355,0.1609935,0.000982207,-0.08311702,0.1267651,0.1515876,-0.01402959,-0.07904997,0.1076257,0.1342722,-0.01517557,-0.07310864,0.1414315,0.1599314,0.001540822,-0.0836267,0.1294952,0.1541584,-0.01110167,-0.07794546,0.1241561,0.1470152,0.007850214,0.3137173,-0.2448899,0.9173597,46.91382,0.01972122,0.7881171,-0.6152097,3.133374,0.001187672,-0.06338307,0.1187408,0.1346039,0.6230974,0.1825786,0.2957975,0.7006558,91.04072,0.8732976,0.2558917,0.4145728,0.7782808,True,True,False,-0.1071343,0.593645,0.1266114,0.6163786,-0.1110043,-0.2188443,-0.3123294,-0.917734,313.194,-0.27947,-0.5509737,-0.7863365,0.008853368,0.5865689,0.1848404,0.615067,0.004998989,0.5404739,0.2087689,0.5794148,-0.04446805,0.5567275,0.164951,0.5823502,0.06196827,-0.04931739,0.1126342,0.1376907,0.02028267,-0.07664569,0.1362806,0.1576653,0.009257037,-0.05151901,0.06961483,0.08709837,0.06195366,-0.04932527,0.1126352,0.1376877,0.02036588,-0.07670657,0.136133,0.1575781,0.00924411,-0.0514729,0.06963237,0.08708375,0.02709971,-0.05862421,0.1018141,0.1205707,-0.8684272,-0.2485014,0.4169547,0.1011441,168.3899,-0.8729036,-0.2497823,0.4191039,17.68008,0,0,0,0,0,0,0,0,0,1,0,0,0.3644233,False,True,False,-0.04595627,0.9953258,0.304924,1.042,0.2516717,-0.5635379,-0.1015628,0.7802381,77.43524,0.402364,-0.9009649,-0.1623751,0.09595627,0.004674196,-0.00492394,0.09619614,0.2843045,0.3525409,0.865273,0.2149154,155.1789,0.2911069,0.3609759,0.8859758,-0.06739587,1.093795,-0.0327873,1.09636,0.03406116,-0.1187433,0.1145116,0.9857115,19.39457,0.2022122,-0.7049477,0.679825,False
1773055709690,0.4307125,0.04274713,0.9069009,0.2539244,0.9427482,-0.1545098,-0.399394,-0.7014878,0.5696718,110.5453,-0.1879974,-0.4859563,-0.8535241,-0.04533816,0.9933648,0.2822155,1.033671,-0.04683757,1.019142,0.3050561,1.064849,-0.05835968,0.9968478,0.3001218,1.042681,-0.01347443,-0.0775021,0.1086613,0.134147,-0.01519195,-0.07054058,0.1444699,0.1614878,0.0009583234,-0.08305752,0.1266768,0.151481,-0.01391036,-0.07871852,0.107847,0.1342426,-0.01517903,-0.07256584,0.142076,0.1602554,0.001417586,-0.08350587,0.1288841,0.1535785,-0.01117709,-0.07744789,0.1248724,0.1473643,0.01121749,0.3200476,-0.2505772,0.9135944,47.9862,0.0275867,0.7870798,-0.6162339,3.153555,0.001116498,-0.06291335,0.119417,0.1349806,0.6273666,0.1817779,0.2888491,0.699953,91.15354,0.8784323,0.2545236,0.4044436,0.8313354,True,True,False,-0.107116,0.5937876,0.1265965,0.6165097,-0.1109471,-0.2188309,-0.3125081,-0.9176832,313.1794,-0.2792437,-0.5507773,-0.7865543,0.008864492,0.5867229,0.1848432,0.6152149,0.005010664,0.5406423,0.2087804,0.5795761,-0.04443853,0.5568951,0.1649294,0.5825021,0.06193935,-0.0493388,0.1126419,0.1376917,0.02024958,-0.07664264,0.1362878,0.1576658,0.009261883,-0.05152268,0.06960381,0.08709224,0.06195064,-0.04932813,0.1126366,0.1376886,0.02034137,-0.07669308,0.1361657,0.1575966,0.009247853,-0.0514834,0.06962635,0.08708555,0.02709156,-0.05862873,0.1018286,0.1205833,-0.8685375,-0.2482281,0.4169392,0.1009309,168.4144,-0.8729956,-0.2495022,0.4190793,17.68861,0,0,0,0,0,0,0,0,0,1,0,0,0.3633222,False,True,False,-0.04523144,0.9958314,0.3052722,1.042553,0.2549388,-0.5660547,-0.1025771,0.777217,77.98706,0.4051582,-0.8995953,-0.1630194,0.09523144,0.00416863,-0.00527215,0.09546833,0.2802444,0.3502346,0.8675799,0.2147184,155.202,0.2869369,0.3585986,0.8882986,-0.06663114,1.093995,-0.03272667,1.096511,0.03374697,-0.1168641,0.1133336,0.9860829,19.14025,0.2029837,-0.7029225,0.6816872,False
1773055709704,0.4444413,0.04400577,0.9068766,0.2543362,0.9428937,-0.1508827,-0.3996269,-0.7023495,0.569419,110.5806,-0.183545,-0.486136,-0.8543905,-0.04392156,0.9934441,0.2828719,1.033865,-0.0456356,1.01929,0.3061653,1.065256,-0.05741485,0.9963838,0.3002623,1.042226,-0.01362604,-0.07690743,0.1090848,0.1341638,-0.01520828,-0.06984635,0.1452714,0.1619061,0.0009214266,-0.08298855,0.1265434,0.1513314,-0.01385082,-0.0783397,0.1081053,0.1342226,-0.01518507,-0.07200331,0.1427394,0.1605914,0.001315093,-0.08339877,0.1283886,0.1531036,-0.01125185,-0.07693533,0.1256221,0.1477381,0.01527197,0.3272367,-0.2568707,0.9092306,49.2015,0.03668566,0.7860736,-0.6170436,3.183152,0.001045876,-0.06242951,0.1201247,0.1353827,0.6325794,0.1807448,0.2805784,0.6988924,91.32359,0.8844457,0.2527098,0.3922928,0.8783805,True,True,False,-0.1070977,0.5939333,0.1265824,0.616644,-0.1108762,-0.2188098,-0.3126957,-0.9176329,313.1649,-0.2789834,-0.5505632,-0.7867963,0.008873314,0.586878,0.1848512,0.6153653,0.005018935,0.5408152,0.2087917,0.5797415,-0.04441021,0.5570692,0.1649101,0.5826609,0.06190554,-0.04936366,0.1126508,0.1376927,0.02021475,-0.07664177,0.1362894,0.1576623,0.009267041,-0.05152486,0.06959157,0.08708431,0.06194136,-0.04933544,0.1126395,0.1376894,0.02031532,-0.07668251,0.1361913,0.1576102,0.009251799,-0.05149193,0.0696192,0.08708529,0.02708034,-0.05863414,0.101839,0.1205923,-0.8686621,-0.2479775,0.4168692,0.1007648,168.4336,-0.873106,-0.249246,0.4190018,17.6939,0,0,0,0,0,0,0,0,0,1,0,0,0.362509,False,True,False,-0.0440927,0.9960907,0.3061144,1.042999,0.2613938,-0.5714633,-0.1039793,0.770903,79.12993,0.4103817,-0.8971831,-0.1632449,0.0940927,0.003909349,-0.006114364,0.09437216,0.271554,0.3461446,0.8720852,0.214266,155.2551,0.2780107,0.3543748,0.8928207,-0.06566614,1.094283,-0.0324936,1.096733,0.03347201,-0.1148782,0.1119187,0.9864872,18.85955,0.2042985,-0.7011661,0.6831025,False
1773055709718,0.4582537,0.04523584,0.9068329,0.2547578,0.9430237,-0.1463483,-0.3998445,-0.7035784,0.5689324,110.6484,-0.1779561,-0.4862015,-0.8555348,-0.04263448,0.9934011,0.2834745,1.033935,-0.04456796,1.019298,0.3072324,1.065526,-0.05651901,0.9957821,0.3002846,1.041608,-0.01374228,-0.07638139,0.1094416,0.1341657,-0.01522608,-0.06919335,0.1459978,0.1622804,0.0008596122,-0.08290704,0.1262947,0.1510784,-0.01382801,-0.07792788,0.1083855,0.1342065,-0.01519357,-0.07141791,0.1434208,0.1609375,0.001220543,-0.08329659,0.1279433,0.1526738,-0.01132755,-0.07640389,0.1264017,0.1481326,0.01985374,0.3352489,-0.2635004,0.9043127,50.53824,0.04650998,0.7853643,-0.617284,3.219269,0.0009744321,-0.06192785,0.1208606,0.1358061,0.6385134,0.1796754,0.2713427,0.697417,91.55972,0.8909503,0.2507102,0.3786183,0.8987432,True,True,False,-0.1070793,0.5940824,0.126569,0.6167816,-0.1107918,-0.2187813,-0.312892,-0.917583,313.1505,-0.2786904,-0.5503319,-0.7870619,0.008879922,0.5870342,0.1848641,0.6155183,0.005023912,0.5409927,0.2088028,0.5799111,-0.04438309,0.5572497,0.1648932,0.5828266,0.06186697,-0.04939186,0.1126609,0.1376937,0.02017826,-0.07664295,0.136286,0.1576552,0.009272424,-0.05152564,0.06957828,0.08707472,0.06192597,-0.0493471,0.1126439,0.1376903,0.02028698,-0.07667432,0.1362109,0.1576196,0.009256059,-0.05149891,0.06961074,0.08708311,0.02706594,-0.05864055,0.101846,0.1205981,-0.8688036,-0.2477397,0.4167464,0.100637,168.4483,-0.8732368,-0.2490039,0.4188729,17.69633,0,0,0,0,0,0,0,0,0,1,0,0,0.3619207,False,True,False,-0.04298805,0.9962453,0.3070031,1.043362,0.2695714,-0.578334,-0.1055756,0.7627024,80.59396,0.4168095,-0.8942163,-0.1632403,0.09298804,0.003754735,-0.007003129,0.09332694,0.2603182,0.3410205,0.877656,0.213681,155.3237,0.2664728,0.3490831,0.898406,-0.06480245,1.094603,-0.03234728,1.096996,0.03333474,-0.1123189,0.1101346,0.9869872,18.50655,0.2073069,-0.6985049,0.6849211,False
1773055709732,0.4721278,0.04663748,0.9065422,0.254889,0.9428479,-0.1355647,-0.4005709,-0.7074959,0.5662285,111.0247,-0.1644707,-0.4859833,-0.858353,-0.04063317,0.9937669,0.2837561,1.034283,-0.04388278,1.018751,0.3078376,1.065149,-0.05595048,0.9947589,0.2995619,1.040391,-0.01448901,-0.07497244,0.1104062,0.1342398,-0.01524549,-0.06856321,0.1467586,0.1627005,0.0008156572,-0.08285532,0.1261665,0.1509425,-0.01396712,-0.07730325,0.1088111,0.1342041,-0.01520437,-0.0708198,0.1441229,0.1613011,0.001136197,-0.08320466,0.1275643,0.1523055,-0.01141842,-0.07581361,0.12724,0.1485534,0.02767946,0.3478731,-0.2707523,0.8971685,52.42332,0.06266739,0.7875985,-0.612994,3.266569,0.0008886683,-0.06137066,0.121652,0.1362584,0.6483431,0.1789077,0.2587806,0.6933079,92.21493,0.8996751,0.2482617,0.3590976,0.9159037,True,True,False,-0.1069917,0.5942395,0.1265301,0.6169098,-0.1108048,-0.2187623,-0.3129846,-0.9175544,313.1423,-0.2786768,-0.5501927,-0.787164,0.008957542,0.5871738,0.1848438,0.6156464,0.005091183,0.5411395,0.2087694,0.5800366,-0.04429631,0.5574246,0.1648407,0.5829724,0.06183262,-0.04940889,0.1126727,0.137694,0.02014038,-0.07664521,0.1362798,0.1576461,0.00927875,-0.05151874,0.06956275,0.08705889,0.06190659,-0.04935991,0.1126499,0.137691,0.02025656,-0.07666828,0.1362253,0.1576251,0.009260763,-0.05150302,0.06960079,0.08707809,0.02704956,-0.05864651,0.1018503,0.1206009,-0.8689541,-0.2475312,0.4165793,0.1005432,168.4591,-0.8733797,-0.2487919,0.418701,17.69719,0,0,0,0,0,0,0,0,0,1,0,0,0.3616214,False,True,False,-0.04199004,0.9963308,0.3079092,1.04367,0.279126,-0.5861689,-0.1073011,0.7529815,82.30138,0.4241767,-0.8907778,-0.1630612,0.09199004,0.003669202,-0.007909149,0.0924023,0.2471108,0.3350056,0.8839148,0.2130777,155.3945,0.252919,0.3428798,0.9046908,-0.06390375,1.094857,-0.03225093,1.097194,0.03287328,-0.1097012,0.1083455,0.9874949,18.14112,0.2085199,-0.6958501,0.687251,False
1773055709746,0.4860082,0.04796216,0.9062561,0.2550355,0.942679,-0.1245196,-0.4011748,-0.7115481,0.5632522,111.438,-0.1506981,-0.4855163,-0.8611413,-0.03888521,0.9939897,0.2838318,1.034451,-0.04326437,1.018202,0.3084711,1.064782,-0.05541229,0.9937518,0.2987988,1.039179,-0.01524722,-0.07385355,0.1111131,0.1342868,-0.0152711,-0.06791373,0.1475196,0.1631181,0.0007608102,-0.08279759,0.1260039,0.1507747,-0.01423596,-0.07657256,0.1092966,0.1342079,-0.01521825,-0.07020946,0.1448392,0.1616767,0.001057969,-0.08311988,0.1272316,0.15198,-0.01152305,-0.07520822,0.1280741,0.1489699,0.03691095,0.3634044,-0.2780067,0.8884183,54.64968,0.08040992,0.7916708,-0.6056333,3.329797,0.0007899076,-0.06079917,0.1224393,0.1367061,0.6602846,0.1788511,0.2440392,0.6873729,93.15498,0.9091014,0.2462481,0.3360011,0.9313827,True,True,False,-0.1069001,0.5943997,0.1264904,0.6170401,-0.110818,-0.2187384,-0.3130725,-0.9175285,313.1348,-0.2786682,-0.55005,-0.787267,0.009037383,0.587312,0.1848253,0.6157739,0.005158812,0.5412859,0.2087322,0.5801605,-0.04420782,0.5576036,0.1647876,0.5831218,0.061795,-0.04942714,0.1126856,0.1376943,0.02010098,-0.0766493,0.1362689,0.1576337,0.009285356,-0.05150969,0.06954603,0.08704089,0.06188342,-0.04937386,0.1126573,0.1376917,0.02022426,-0.07666434,0.1362344,0.1576269,0.009265864,-0.05150441,0.06958944,0.08707038,0.02703136,-0.05865205,0.101852,0.1206009,-0.8691124,-0.2473513,0.4163704,0.1004827,168.4661,-0.8735335,-0.2486096,0.4184884,17.69648,0,0,0,0,0,0,0,0,0,1,0,0,0.3615376,False,True,False,-0.04133391,0.9958791,0.3082399,1.04331,0.2960387,-0.600035,-0.1085297,0.7352145,85.3493,0.4367419,-0.8852234,-0.1601124,0.09133391,0.004120946,-0.008239925,0.0917974,0.2225946,0.3254618,0.8940666,0.2125349,155.4581,0.2277991,0.3330714,0.9149706,-0.06299123,1.095182,-0.03211283,1.097462,0.03236887,-0.1070666,0.106931,0.9879549,17.80371,0.209179,-0.6919022,0.6910258,False
1773055709760,0.5000646,0.04900445,0.9058027,0.2550218,0.942293,-0.1051296,-0.3989547,-0.7221087,0.5552854,112.5393,-0.1264094,-0.479709,-0.8682741,-0.03720171,0.9943173,0.2834813,1.034607,-0.04309171,1.016879,0.3088782,1.063629,-0.05512932,0.9928031,0.2979958,1.038026,-0.0164098,-0.07313972,0.1114565,0.1343177,-0.01531334,-0.06785974,0.1475807,0.1631549,0.0007491762,-0.0827949,0.1260176,0.1507846,-0.01469561,-0.07583698,0.109757,0.1342156,-0.01523822,-0.06971039,0.1454239,0.1619872,0.0009929807,-0.08305158,0.1269705,0.1517236,-0.01165314,-0.07470528,0.1287107,0.1492753,0.04564599,0.3806869,-0.283232,0.8790754,56.93794,0.09575758,0.7986169,-0.5941729,3.405009,0.0006670647,-0.0603244,0.1230402,0.1370342,0.6728815,0.1809205,0.2290374,0.6797352,94.35408,0.9174104,0.2466681,0.3122709,0.9549329,True,True,False,-0.1068382,0.5945147,0.1264523,0.6171324,-0.1108414,-0.21868,-0.3132055,-0.9174942,313.1249,-0.2786717,-0.5497938,-0.7874448,0.009083934,0.5874356,0.1848198,0.6158908,0.005187161,0.5413849,0.2086875,0.580237,-0.04415332,0.5577468,0.1647372,0.5832403,0.06177205,-0.04942248,0.1127008,0.1376948,0.02005585,-0.07665803,0.1362422,0.1576091,0.009293166,-0.0514925,0.06952584,0.08701541,0.06186008,-0.04938405,0.1126664,0.1376923,0.02018895,-0.07666301,0.136236,0.1576232,0.009271584,-0.05150191,0.06957611,0.08705886,0.02701371,-0.0586553,0.1018512,0.1205979,-0.8692629,-0.2472371,0.4161323,0.1004478,168.4701,-0.8736818,-0.2484939,0.4182477,17.69603,0,0,0,0,0,0,0,0,0,1,0,0,0.3617778,False,True,False,-0.04074744,0.9954301,0.3085814,1.042959,0.3156742,-0.6144549,-0.1090242,0.7147788,88.74986,0.4513819,-0.8786079,-0.1558935,0.09074745,0.004569888,-0.00858134,0.09126677,0.1945762,0.3144942,0.9043522,0.2130272,155.4004,0.1991474,0.3218827,0.9255983,-0.06223038,1.095399,-0.03204714,1.097633,0.03181549,-0.1041959,0.105745,0.9884073,17.46546,0.2095531,-0.6862872,0.6964906,False
1773055709774,0.5140283,0.04997845,0.9053788,0.2550283,0.9419384,-0.08837957,-0.3969047,-0.7308804,0.548151,113.5195,-0.1056692,-0.474551,-0.8738623,-0.03558932,0.9945853,0.2833356,1.034768,-0.04283444,1.015781,0.3092954,1.06269,-0.05478996,0.991984,0.2972711,1.037017,-0.0174109,-0.07243633,0.1117871,0.1343373,-0.01536507,-0.0677199,0.1477444,0.1632497,0.0007338878,-0.0827952,0.1260249,0.1507908,-0.01526478,-0.07511099,0.1101878,0.1342238,-0.01526471,-0.06928946,0.1459167,0.162252,0.0009387429,-0.082998,0.1267684,0.1515248,-0.01179352,-0.07428253,0.1291941,0.1494928,0.05374174,0.3982091,-0.2870469,0.8695662,59.18345,0.1088294,0.8063912,-0.5812829,3.489935,0.0005345807,-0.05992536,0.1234966,0.1372689,0.6854735,0.1841923,0.2141221,0.671082,95.69874,0.9245874,0.2484442,0.2888143,0.9884736,True,True,False,-0.1067747,0.5946296,0.1264136,0.6172241,-0.1108662,-0.2186132,-0.3133402,-0.9174612,313.1154,-0.2786806,-0.5495204,-0.7876323,0.009130076,0.5875596,0.1848175,0.6160091,0.005212814,0.5414806,0.2086385,0.5803089,-0.04409967,0.5578919,0.1646864,0.5833608,0.06174844,-0.04941569,0.1127173,0.1376952,0.02000875,-0.07666885,0.1362096,0.1575802,0.00930147,-0.05147245,0.06950425,0.0869872,0.0618368,-0.04939064,0.112677,0.1376929,0.02015136,-0.07666423,0.1362305,0.1576142,0.009277811,-0.05149577,0.06956114,0.08704392,0.02699681,-0.0586564,0.101848,0.120592,-0.8694041,-0.2471868,0.4158693,0.1004385,168.4711,-0.8738229,-0.2484431,0.4179829,17.69574,0,0,0,0,0,0,0,0,0,1,0,0,0.3623759,False,True,False,-0.04050801,0.9945024,0.3088573,1.042146,0.3414497,-0.6325361,-0.1142325,0.6857559,93.40984,0.4691329,-0.8690693,-0.156949,0.09050801,0.005497575,-0.00885731,0.0911064,0.158367,0.2955747,0.9180935,0.211329,155.5995,0.1620264,0.3024045,0.9393077,-0.06122319,1.095721,-0.03186136,1.097892,0.03176345,-0.1017728,0.1042157,0.9888238,17.14828,0.2130503,-0.6826312,0.6990169,False
1773055709787,0.5277745,0.05103922,0.9049189,0.2547802,0.9414861,-0.07330838,-0.3896165,-0.7428706,0.5394147,114.7124,-0.08706042,-0.4627054,-0.8822269,-0.03360436,0.9945045,0.2843196,1.034894,-0.04124752,1.01504,0.3106821,1.062323,-0.05352547,0.9918079,0.2978802,1.036957,-0.01755221,-0.07220763,0.1118212,0.134261,-0.01566552,-0.06769164,0.1478042,0.1633207,0.0007726336,-0.08281954,0.1263633,0.1510873,-0.01573703,-0.07449821,0.1105302,0.1342183,-0.01534734,-0.06895559,0.1463127,0.1624741,0.0009044067,-0.08296118,0.126683,0.151433,-0.01191993,-0.07395673,0.1295461,0.1496458,0.06062227,0.4113141,-0.2896529,0.8621176,60.88962,0.1196394,0.8117378,-0.5716367,3.571416,0.0004152303,-0.05961781,0.1238289,0.1374338,0.6939474,0.1859217,0.2044846,0.6648731,96.65483,0.9290335,0.2489058,0.2737571,0.8561811,True,True,False,-0.1067043,0.5947165,0.1263881,0.6172905,-0.1108051,-0.2184918,-0.3134556,-0.917458,313.1145,-0.278522,-0.5492053,-0.7879083,0.009174004,0.587665,0.1848462,0.6161188,0.005229935,0.5415571,0.2086132,0.5803714,-0.04404339,0.5580066,0.1646624,0.5834594,0.06172881,-0.04940626,0.1127319,0.1376949,0.01996686,-0.07668436,0.1361625,0.1575417,0.009308628,-0.05145966,0.06948288,0.08696331,0.06181457,-0.04939386,0.1126883,0.1376933,0.02011334,-0.07666837,0.1362164,0.1575992,0.009284154,-0.05148833,0.06954503,0.08702733,0.0269817,-0.05865622,0.1018418,0.1205832,-0.8695273,-0.2472086,0.415597,0.100446,168.4703,-0.8739473,-0.2484653,0.4177096,17.6952,0,0,0,0,0,0,0,0,0,1,0,0,0.3630826,False,True,False,-0.04022905,0.9936372,0.3090264,1.04136,0.3660695,-0.6474655,-0.1173206,0.6580405,97.69879,0.4861594,-0.859868,-0.1558079,0.09022905,0.006362796,-0.009026378,0.09090237,0.1239767,0.277983,0.9287955,0.2114098,155.59,0.1268437,0.2844114,0.9502741,-0.06034298,1.095963,-0.03182147,1.098084,0.0312201,-0.09882405,0.103095,0.9892576,16.81157,0.2135687,-0.67603,0.7052465,False
1773055709802,0.5417212,0.05209012,0.9044632,0.2545569,0.9410453,-0.0602138,-0.383675,-0.7525547,0.531817,115.7434,-0.07110249,-0.4530563,-0.888642,-0.03174883,0.994385,0.2851008,1.034936,-0.03978762,1.014442,0.31176,1.062012,-0.0524542,0.9916059,0.2983798,1.036853,-0.01777899,-0.07191169,0.1119016,0.1341989,-0.01608285,-0.06759478,0.1479576,0.16346,0.0008249865,-0.08284787,0.1267999,0.1514683,-0.01616248,-0.07394576,0.1108209,0.1342031,-0.01550057,-0.06866794,0.1466618,0.1626814,0.000887805,-0.08293754,0.1267079,0.1514408,-0.01205397,-0.07368854,0.1298227,0.1497639,0.06680231,0.4213473,-0.2914206,0.8561997,62.21495,0.1293002,0.8155451,-0.5640634,3.656634,0.0002887077,-0.05936467,0.1240899,0.1375593,0.7001123,0.1867169,0.1979781,0.6601397,97.37896,0.9320627,0.2485771,0.2635691,0.7644331,True,True,False,-0.1066322,0.5948015,0.126363,0.6173548,-0.1107336,-0.2183563,-0.3135698,-0.9174598,313.115,-0.2783451,-0.5488704,-0.7882038,0.009216964,0.58777,0.1848806,0.61623,0.005243421,0.5416305,0.2085866,0.5804304,-0.04398783,0.5581207,0.1646407,0.5835582,0.06170933,-0.04939481,0.1127472,0.1376946,0.01992429,-0.07670221,0.1361087,0.1574985,0.009316004,-0.05144569,0.06946041,0.08693788,0.06179265,-0.04939406,0.1127006,0.1376936,0.02007393,-0.07667542,0.1361939,0.1575782,0.009290785,-0.05147945,0.06952741,0.08700869,0.02696785,-0.05865485,0.1018325,0.1205716,-0.8696369,-0.247299,0.4153079,0.1004703,168.4675,-0.8740596,-0.2485567,0.4174201,17.69436,0,0,0,0,0,0,0,0,0,1,0,0,0.3640594,False,True,False,-0.03887692,0.9929078,0.3101073,1.040934,0.3840299,-0.6592793,-0.1268688,0.6338582,101.3293,0.4965159,-0.8523886,-0.1640299,0.08887692,0.007092178,-0.01010725,0.08973049,0.09855361,0.258606,0.9384632,0.2066324,156.1498,0.1007275,0.2643102,0.9591633,-0.05928116,1.096285,-0.031671,1.098344,0.03087597,-0.09621519,0.1015762,0.9896826,16.47504,0.2154983,-0.6715324,0.7089493,False
1773055709819,0.558461,0.05312021,0.9040163,0.2543569,0.9406192,-0.04850355,-0.3786144,-0.7607026,0.5250049,116.6629,-0.0569893,-0.4448535,-0.8937884,-0.02993111,0.994303,0.285783,1.034991,-0.03841152,1.013935,0.3127142,1.061758,-0.05149201,0.9913642,0.2987711,1.036686,-0.01812546,-0.07152294,0.1120398,0.1341528,-0.01653687,-0.06741781,0.1482031,0.1636545,0.0008741073,-0.08287637,0.1272323,0.1518463,-0.01663381,-0.07335018,0.1111183,0.1341797,-0.0157492,-0.06836372,0.1470383,0.1629169,0.0008845075,-0.08292284,0.126836,0.1515399,-0.01222488,-0.07342126,0.130089,0.1498775,0.07329747,0.4304911,-0.2927527,0.8506473,63.43572,0.1394186,0.8188338,-0.5568428,3.762045,0.0001273768,-0.05911233,0.1243413,0.1376773,0.7055782,0.1870664,0.1926815,0.6557739,98.04328,0.9345935,0.247784,0.2552217,0.6979181,True,True,False,-0.1065586,0.5948846,0.1263383,0.617417,-0.110652,-0.2182072,-0.3136829,-0.9174665,313.1169,-0.2781508,-0.548517,-0.7885187,0.009258717,0.5878749,0.1849204,0.6163425,0.005253263,0.5417008,0.2085586,0.5804861,-0.04393304,0.5582339,0.1646214,0.5836569,0.06168989,-0.04938133,0.112763,0.1376941,0.01988105,-0.07672226,0.1360482,0.1574505,0.009323546,-0.0514306,0.06943693,0.086911,0.061768,-0.049391,0.1127155,0.1376937,0.0200276,-0.07668667,0.1361589,0.1575474,0.009298644,-0.05146772,0.0695057,0.08698525,0.02695346,-0.05865199,0.1018185,0.1205552,-0.8697466,-0.2474779,0.4149602,0.1005168,168.4621,-0.8741741,-0.2487377,0.4170725,17.69303,0,0,0,0,0,0,0,0,0,1,0,0,0.3647871,False,True,False,-0.03768788,0.9921582,0.3108779,1.040405,0.3971376,-0.6689316,-0.1341304,0.6138578,104.2621,0.5030773,-0.8473746,-0.1699108,0.08768788,0.007841825,-0.01087785,0.08870731,0.0779888,0.2437032,0.94543,0.2017145,156.7255,0.07962555,0.2488179,0.9652718,-0.05825949,1.096575,-0.03158769,1.098575,0.03035844,-0.09337433,0.1001818,0.9901128,16.12736,0.216423,-0.6656586,0.7141882,False
1773055709828,0.569598,0.0537819,0.9036493,0.2540352,0.9402172,-0.04546005,-0.3751999,-0.7640586,0.5228509,116.9526,-0.05333031,-0.4401563,-0.8963361,-0.02862785,0.9940932,0.2865609,1.034968,-0.03726591,1.013605,0.313189,1.061542,-0.05065438,0.9911597,0.2992315,1.036582,-0.01816203,-0.07106349,0.1122888,0.1341218,-0.01683488,-0.06740367,0.1482269,0.1637006,0.0008933144,-0.08291137,0.1274814,0.1520743,-0.01689968,-0.07294241,0.1113251,0.1341621,-0.01593783,-0.0681945,0.1472487,0.1630542,0.0008860412,-0.08292084,0.12695,0.1516343,-0.01232594,-0.07326222,0.130245,0.1499435,0.0783253,0.4356318,-0.2934388,0.8473392,64.15313,0.1474908,0.8203185,-0.5525613,3.825164,3.198821E-05,-0.05896223,0.1244887,0.1377461,0.7091362,0.18666,0.1898064,0.6528842,98.48119,0.9362054,0.2464296,0.2505834,0.6832722,True,True,False,-0.1065459,0.5949455,0.1262844,0.6174625,-0.1105965,-0.2181122,-0.3138098,-0.9174525,313.1129,-0.2779886,-0.5482336,-0.7887731,0.009244204,0.5879511,0.1849203,0.616415,0.005219966,0.5417557,0.20849,0.5805123,-0.04392421,0.5583182,0.1645744,0.5837237,0.06166083,-0.04937297,0.1127815,0.1376932,0.01984373,-0.07674065,0.1359936,0.1574076,0.009328716,-0.05142373,0.06942791,0.08690028,0.0617494,-0.04938787,0.112727,0.1376936,0.01999565,-0.07669604,0.1361302,0.1575231,0.009303863,-0.05146009,0.0694922,0.0869705,0.02694371,-0.05865002,0.101808,0.1205432,-0.8698118,-0.2476443,0.4147145,0.1005562,168.4576,-0.8742431,-0.248906,0.4168273,17.69065,0,0,0,0,0,0,0,0,0,1,0,0,0.3660558,False,True,False,-0.0365793,0.9914543,0.3114852,1.039876,0.4079745,-0.6774641,-0.1396215,0.5959069,106.8454,0.5080291,-0.8436102,-0.1738632,0.08657929,0.008545697,-0.01148516,0.08775484,0.05952794,0.2313996,0.9508234,0.1970929,157.266,0.06071895,0.2360293,0.969847,-0.05713174,1.096843,-0.03156684,1.098784,0.02990627,-0.09057751,0.0987448,0.9905306,15.78236,0.2178294,-0.6597428,0.7192312,False
1773055709844,0.5836197,0.05442189,0.9032989,0.253747,0.9398394,-0.0417243,-0.3720793,-0.7674618,0.5204023,117.2815,-0.04886199,-0.4357301,-0.8987501,-0.02739298,0.9938681,0.2872846,1.034919,-0.03622615,1.013284,0.3135678,1.061311,-0.0499255,0.9909561,0.2996003,1.036459,-0.01820054,-0.07058589,0.1125427,0.1340876,-0.01716899,-0.06739112,0.148244,0.1637456,0.0009137686,-0.08294939,0.1277509,0.1523212,-0.01717263,-0.0724366,0.1115841,0.1341379,-0.01619585,-0.06802408,0.1474606,0.1631999,0.0008918563,-0.08292682,0.12712,0.1517799,-0.01243686,-0.0730895,0.1304125,0.1500139,0.08516964,0.4408649,-0.2939973,0.8437713,64.91895,0.1586905,0.8214318,-0.547784,3.894271,-7.273186E-05,-0.05879916,0.1246467,0.1378193,0.7132654,0.1855629,0.1870919,0.6494733,98.99619,0.9380326,0.2440383,0.2460491,0.653864,True,True,False,-0.1065355,0.5950035,0.1262292,0.6175053,-0.1105358,-0.2180125,-0.3139373,-0.9174398,313.1093,-0.2778157,-0.5479429,-0.7890359,0.009225726,0.5880246,0.1849217,0.6164853,0.0051824,0.5418075,0.2084175,0.5805343,-0.04391759,0.5583996,0.1645281,0.583788,0.06163041,-0.04936383,0.1128008,0.1376921,0.01980656,-0.07676069,0.1359344,0.1573616,0.009333731,-0.05141705,0.06941996,0.08689052,0.06172452,-0.04938284,0.1127424,0.1376933,0.01995606,-0.07670956,0.1360892,0.1574893,0.009310109,-0.05145109,0.06947709,0.08695377,0.02693181,-0.05864757,0.1017941,0.1205276,-0.8698806,-0.2479005,0.4144032,0.100614,168.4509,-0.8743173,-0.2491649,0.4165168,17.68602,0,0,0,0,0,0,0,0,0,1,0,0,0.3667596,False,True,False,-0.03554808,0.9910423,0.3119713,1.039593,0.4124961,-0.6805596,-0.1420191,0.5886563,107.8766,0.5102728,-0.8418773,-0.1756828,0.08554807,0.008957744,-0.01197127,0.08684483,0.05223002,0.2261066,0.9528731,0.1953992,157.4639,0.0532566,0.2305507,0.9716019,-0.05597656,1.097095,-0.03153248,1.098975,0.02953617,-0.08759042,0.09704202,0.9909785,15.40399,0.2203851,-0.6535586,0.7240821,False
1773055709857,0.5972829,0.05483833,0.903165,0.2531787,0.9395817,-0.04011747,-0.3707062,-0.7687038,0.519675,117.3791,-0.04695595,-0.4338973,-0.8997381,-0.02665037,0.9938478,0.2872332,1.034865,-0.03568044,1.013113,0.3133596,1.061068,-0.04948677,0.9907662,0.2992399,1.036152,-0.01834821,-0.07025603,0.1127362,0.134097,-0.01730731,-0.06733964,0.1482952,0.1637853,0.0008953981,-0.08298089,0.127751,0.1523383,-0.0174145,-0.07197798,0.1118242,0.1341221,-0.01642425,-0.06788189,0.1476346,0.1633208,0.0008925839,-0.08293791,0.127251,0.1518957,-0.01253083,-0.07294215,0.1305563,0.1500751,0.09152495,0.4457235,-0.2943739,0.8404152,65.63201,0.168883,0.8224546,-0.5431823,3.95284,-0.0001614191,-0.05866008,0.1247825,0.1378829,0.7168917,0.1846342,0.1847456,0.6464099,99.45707,0.9395816,0.2419876,0.2421336,0.6188789,True,True,False,-0.1064838,0.5951599,0.1261918,0.6176395,-0.1103779,-0.2179756,-0.3140284,-0.9174364,313.1082,-0.2774132,-0.5478392,-0.7892491,0.00925225,0.5882159,0.1849348,0.6166721,0.005194396,0.5419821,0.2083758,0.5806823,-0.0438592,0.5585721,0.1645048,0.5839419,0.06160561,-0.04934927,0.1128189,0.1376906,0.01977479,-0.07677513,0.1358834,0.1573206,0.009335164,-0.05142803,0.06941769,0.08689535,0.06170017,-0.04937597,0.1127581,0.1376927,0.01991887,-0.07672299,0.136047,0.1574546,0.009315241,-0.05144636,0.06946491,0.0869418,0.02692127,-0.05864594,0.101781,0.1205134,-0.86993,-0.2481865,0.4141208,0.1006445,168.4474,-0.8743696,-0.2494531,0.4162343,17.68045,0,0,0,0,0,0,0,0,0,1,0,0,0.3669284,False,True,False,-0.03462625,0.9906258,0.3123865,1.03929,0.4168855,-0.6846859,-0.1434341,0.5803779,109.0458,0.5119259,-0.8407788,-0.1761339,0.08462624,0.009374201,-0.01238647,0.08604012,0.04342424,0.2215647,0.9548284,0.1932003,157.7208,0.0442581,0.2258193,0.9731634,-0.05465506,1.097531,-0.03140321,1.09934,0.02929157,-0.08411251,0.09527995,0.9914579,14.98851,0.2245824,-0.6449018,0.7305241,False
1773055709870,0.6111825,0.05528516,0.9030181,0.2526107,0.9393137,-0.03797975,-0.3692044,-0.770243,0.5186244,117.52,-0.04442064,-0.4318169,-0.9008667,-0.0258549,0.9938226,0.2872056,1.034814,-0.03507794,1.012966,0.3132079,1.060862,-0.04903173,0.9905702,0.2988725,1.035837,-0.01850748,-0.069906,0.11294,0.1341075,-0.01749369,-0.06724593,0.1483994,0.163861,0.0008786023,-0.08301508,0.127765,0.1523685,-0.01764262,-0.0715363,0.1120598,0.1341123,-0.01664721,-0.06774804,0.1477962,0.1634339,0.0008896732,-0.08295396,0.127359,0.1519949,-0.01261877,-0.07280503,0.1306952,0.1501367,0.09777234,0.4504731,-0.2946389,0.8370797,66.33396,0.1787164,0.8234122,-0.5385655,4.00769,-0.0002444496,-0.05853062,0.1249135,0.1379467,0.7203038,0.1837735,0.1825649,0.6434748,99.89716,0.9409989,0.2400801,0.2385013,0.5951134,True,True,False,-0.1064314,0.5953203,0.1261545,0.6177773,-0.1102033,-0.217943,-0.3141155,-0.9174353,313.108,-0.2769727,-0.5477539,-0.7894632,0.009278722,0.5884142,0.1849495,0.616866,0.005206764,0.5421635,0.2083339,0.5808368,-0.04379852,0.5587473,0.1644836,0.5840991,0.06158066,-0.04933314,0.1128375,0.1376889,0.01974387,-0.0767902,0.1358301,0.157278,0.009336032,-0.05144169,0.06941706,0.08690304,0.06167535,-0.04936707,0.1127746,0.1376919,0.01988248,-0.07673695,0.1360019,0.1574179,0.009319559,-0.05144539,0.06945498,0.08693375,0.02691162,-0.058645,0.1017681,0.1204999,-0.869963,-0.2485126,0.413854,0.1006513,168.4466,-0.8744035,-0.249781,0.4159664,17.67379,0,0,0,0,0,0,0,0,0,1,0,0,0.3671021,False,True,False,-0.03408096,0.9904628,0.3122053,1.039062,0.4200609,-0.6873442,-0.1425409,0.5751426,109.7808,0.5134885,-0.8402194,-0.1742441,0.08408096,0.00953716,-0.01220533,0.08549582,0.03696651,0.2198508,0.9555762,0.1928039,157.7671,0.03767336,0.2240547,0.9738482,-0.05334768,1.097869,-0.031273,1.099609,0.02855366,-0.08077621,0.09343305,0.9919325,14.56557,0.2252459,-0.6372043,0.737048,False
1773055709885,0.6251119,0.05576694,0.9028566,0.2520333,0.9390319,-0.03505403,-0.3673429,-0.7722731,0.5171311,117.72,-0.04095546,-0.429186,-0.9022871,-0.0249906,0.9937804,0.2872443,1.034762,-0.03441039,1.01281,0.3131461,1.060673,-0.04856592,0.9903736,0.2985608,1.035537,-0.01867864,-0.06953252,0.1131557,0.1341189,-0.01773306,-0.06712274,0.1485415,0.163965,0.0008704016,-0.08305177,0.127837,0.1524488,-0.01785935,-0.07110851,0.1122916,0.1341073,-0.01687415,-0.06761627,0.1479537,0.1635451,0.0008856553,-0.08297433,0.1274594,0.1520902,-0.01270432,-0.07267524,0.1308334,0.1502014,0.1038998,0.4549797,-0.2948,0.8338413,67.00924,0.1882228,0.8242323,-0.5340539,4.06132,-0.0003251941,-0.05840811,0.125044,0.1380131,0.7235333,0.1829198,0.1805615,0.6406541,100.3188,0.9423096,0.2382297,0.2351583,0.5813823,True,True,False,-0.1063783,0.5954843,0.1261172,0.6179186,-0.1100125,-0.2179145,-0.3141985,-0.9174366,313.1083,-0.2764954,-0.5476863,-0.7896776,0.009305105,0.5886189,0.1849656,0.6170665,0.005219333,0.5423518,0.2082918,0.5809976,-0.04373571,0.558925,0.1644647,0.584259,0.06155551,-0.04931564,0.1128566,0.1376871,0.01971395,-0.07680549,0.1357745,0.1572337,0.00933617,-0.05145799,0.06941807,0.0869135,0.06165042,-0.04935637,0.1127917,0.1376909,0.01984737,-0.07675121,0.1359546,0.1573795,0.009323014,-0.05144801,0.06944729,0.08692953,0.02690296,-0.0586447,0.1017556,0.1204872,-0.8699799,-0.248873,0.4136057,0.1006357,168.4485,-0.874419,-0.2501429,0.4157161,17.66615,0,0,0,0,0,0,0,0,0,1,0,0,0.3673062,False,True,False,-0.0335343,0.9902602,0.3120177,1.038795,0.4232745,-0.6901396,-0.1419897,0.569548,110.5626,0.5149588,-0.8396287,-0.1727457,0.0835343,0.009739816,-0.01201773,0.08495452,0.03031428,0.2177812,0.9564247,0.1921047,157.8487,0.03088962,0.2219144,0.9745768,-0.05215804,1.09816,-0.03124921,1.099841,0.02755368,-0.0768539,0.09174613,0.9924299,14.10893,0.2243549,-0.6257802,0.7470397,False
1773055709898,0.6388981,0.05617766,0.9025025,0.2516768,0.9386203,-0.03432262,-0.366221,-0.7733975,0.516295,117.8319,-0.04007728,-0.427623,-0.9030684,-0.02427444,0.9935677,0.2872452,1.034541,-0.0336621,1.012612,0.3133962,1.060534,-0.04800177,0.9900646,0.2983508,1.035155,-0.01877701,-0.0693595,0.1132546,0.1341265,-0.01781465,-0.06684786,0.1488373,0.1641297,0.0008429032,-0.08308019,0.1277729,0.1524104,-0.01804984,-0.07073826,0.1124935,0.1341062,-0.01706921,-0.06745571,0.148139,0.1636667,0.000876816,-0.0829962,0.1275247,0.1521568,-0.01278196,-0.07254175,0.1309905,0.1502804,0.1090124,0.4591166,-0.2953545,0.8307189,67.65468,0.1958217,0.8247228,-0.5305527,4.115361,-0.000398509,-0.05828211,0.1251923,0.1380945,0.7260879,0.1822837,0.1786522,0.638477,100.6433,0.9434111,0.2368425,0.232124,0.5367162,True,True,False,-0.1063424,0.595571,0.1261255,0.6179978,-0.1099548,-0.217984,-0.3140928,-0.9174632,313.116,-0.2763929,-0.5479453,-0.7895337,0.009325653,0.5886757,0.1849964,0.6171303,0.005226605,0.54242,0.2082812,0.5810575,-0.04367707,0.5589762,0.1644754,0.5843067,0.06151414,-0.04931068,0.1128788,0.137685,0.01968851,-0.07680965,0.1357447,0.1572068,0.009332796,-0.0514983,0.06943411,0.08694983,0.0616223,-0.04934695,0.1128096,0.1376897,0.01981455,-0.07676326,0.1359113,0.1573439,0.009325032,-0.05145839,0.06944457,0.08693372,0.02689318,-0.05864722,0.1017461,0.1204782,-0.8699928,-0.249222,0.413385,0.1005671,168.4563,-0.874426,-0.250492,0.4154915,17.65619,0,0,0,0,0,0,0,0,0,1,0,0,0.3663255,False,True,False,-0.03297693,0.989994,0.3118599,1.038476,0.4266401,-0.6931821,-0.1420131,0.563302,111.4311,0.5163565,-0.8389485,-0.1718765,0.08297694,0.01000595,-0.01185989,0.08441533,0.02326016,0.2150655,0.9574705,0.1909353,157.9853,0.0236961,0.2190962,0.9754155,-0.05075823,1.098607,-0.03114864,1.10022,0.02724828,-0.07320894,0.08996662,0.9928766,13.68573,0.2286949,-0.6144428,0.7550901,False
1773055709912,0.6527033,0.05660364,0.9021458,0.251323,0.938208,-0.03322905,-0.3649561,-0.7747356,0.5152548,117.971,-0.03877202,-0.4258348,-0.9039699,-0.02351338,0.9933596,0.2872974,1.034338,-0.03290409,1.012384,0.3136666,1.060373,-0.04742274,0.9897443,0.2981422,1.034762,-0.01888658,-0.0691531,0.113374,0.1341362,-0.01790017,-0.06658069,0.1491214,0.1642882,0.0008141181,-0.0831097,0.1277015,0.1523665,-0.01822378,-0.0704025,0.1126782,0.1341082,-0.01724181,-0.0672727,0.1483451,0.1637961,0.0008638403,-0.08301967,0.1275615,0.1522004,-0.012854,-0.072404,0.1311622,0.1503698,0.1135116,0.4631221,-0.2962112,0.8275821,68.2977,0.2022136,0.8250226,-0.5276814,4.170153,-0.0004664799,-0.05815205,0.1253544,0.1381869,0.7282916,0.1817799,0.1767343,0.6366415,100.9163,0.9444107,0.2357227,0.2291798,0.5100669,True,True,False,-0.1063068,0.5956567,0.1261364,0.6180764,-0.1098991,-0.2180681,-0.3139623,-0.9174945,313.125,-0.2763031,-0.5482565,-0.789349,0.009346597,0.5887254,0.1850275,0.6171873,0.005234636,0.5424846,0.2082719,0.5811145,-0.04361591,0.5590196,0.1644888,0.5843473,0.06147061,-0.04930624,0.1129019,0.1376829,0.01966431,-0.07681285,0.1357165,0.157181,0.009328486,-0.05154379,0.06945339,0.0869917,0.06159095,-0.04933854,0.1128287,0.1376882,0.01978347,-0.0767735,0.1358711,0.1573102,0.009325746,-0.05147603,0.06944639,0.08694568,0.02688234,-0.05865235,0.1017392,0.1204725,-0.8700018,-0.2495659,0.4131874,0.100449,168.47,-0.8744245,-0.2508346,0.4152879,17.644,0,0,0,0,0,0,0,0,0,1,0,0,0.3654625,False,True,False,-0.0323424,0.9897426,0.3118719,1.03822,0.4285128,-0.6951341,-0.1419071,0.5594889,111.9591,0.5170044,-0.8386853,-0.1712122,0.0823424,0.01025736,-0.01187187,0.08382378,0.01893682,0.2136049,0.9580587,0.1900999,158.0828,0.01928855,0.2175723,0.9758536,-0.04942538,1.09888,-0.03115863,1.100433,0.02677093,-0.06929886,0.08810205,0.9933373,13.23528,0.2323,-0.6013287,0.7644899,False
1773055709930,0.6696083,0.05706237,0.9016056,0.2509443,0.937615,-0.03205532,-0.364491,-0.7757158,0.5141827,118.1143,-0.03737442,-0.4249729,-0.9044343,-0.02278834,0.9929811,0.2871435,1.033916,-0.03223097,1.012004,0.3136481,1.059984,-0.04687638,0.9892454,0.2976653,1.034122,-0.01898772,-0.06892958,0.1135088,0.1341494,-0.01797824,-0.06633274,0.1493801,0.1644313,0.0007814183,-0.08313291,0.1275979,0.1522922,-0.01840959,-0.07003815,0.1128819,0.134114,-0.0174208,-0.06704283,0.1485989,0.1639508,0.0008438826,-0.08304707,0.1275704,0.1522226,-0.01293097,-0.0722403,0.131373,0.1504817,0.1183252,0.4677977,-0.2974248,0.8238343,69.05904,0.2087487,0.8252865,-0.5247154,4.233262,-0.0005391786,-0.05799755,0.1255534,0.1383028,0.730596,0.1813187,0.1745041,0.6347455,101.1978,0.9454841,0.2346495,0.2258305,0.4828524,True,True,False,-0.1062405,0.5956221,0.1262263,0.61805,-0.109889,-0.2181835,-0.3137912,-0.9175268,313.1343,-0.2763296,-0.5486494,-0.7890668,0.009405777,0.5886427,0.1851198,0.617137,0.005280867,0.5424196,0.2083353,0.581077,-0.04351709,0.5589266,0.1645739,0.5842749,0.06143178,-0.04930507,0.1129202,0.1376801,0.01964379,-0.07681259,0.1356966,0.1571611,0.009323163,-0.05160005,0.06947701,0.08704333,0.06155246,-0.04933045,0.1128508,0.1376863,0.01974966,-0.07678295,0.1358289,0.1572742,0.009325122,-0.05150601,0.0694538,0.08696929,0.02686929,-0.05866192,0.1017348,0.1204705,-0.8700057,-0.2499431,0.4130002,0.1002469,168.4932,-0.8744105,-0.2512085,0.4150912,17.62777,0,0,0,0,0,0,0,0,0,1,0,0,0.3639184,False,True,False,-0.0317065,0.9894698,0.3119155,1.037953,0.4304319,-0.6970441,-0.1424115,0.5554971,112.5101,0.5176456,-0.8382785,-0.1712668,0.08170649,0.01053017,-0.01191545,0.0832395,0.01472729,0.2115936,0.9587964,0.1889997,158.2112,0.01499759,0.2154771,0.9763937,-0.04791194,1.09914,-0.03113863,1.100625,0.02618219,-0.06567274,0.08593316,0.9937893,12.77805,0.2352851,-0.5901651,0.7722344,False
1773055709941,0.6808436,0.05755673,0.901039,0.2505496,0.9369947,-0.03049248,-0.3638777,-0.7769532,0.5128421,118.2933,-0.03551903,-0.4238612,-0.9050304,-0.02199535,0.9925874,0.2870189,1.033486,-0.03152195,1.011577,0.3136308,1.059549,-0.04628526,0.9887205,0.2971661,1.03345,-0.01909619,-0.06867799,0.113661,0.1341647,-0.01805841,-0.06609354,0.1496264,0.1645677,0.0007472109,-0.08315598,0.127484,0.1522092,-0.01853047,-0.06979436,0.1130202,0.1341201,-0.01753297,-0.06687473,0.1487813,0.1640595,0.0008269509,-0.08306614,0.1275552,0.1522202,-0.01298005,-0.07212422,0.1315248,0.1505628,0.1215402,0.4711417,-0.2983738,0.821113,69.60727,0.2129424,0.8254555,-0.5227606,4.276521,-0.0005854784,-0.05788796,0.1256967,0.1383872,0.7321801,0.1810445,0.1728582,0.6334474,101.3902,0.9462307,0.2339723,0.2233928,0.4839102,True,True,False,-0.1061727,0.5955793,0.126323,0.6180168,-0.1098863,-0.2183148,-0.3135948,-0.917563,313.1447,-0.2763807,-0.5490947,-0.7887386,0.009467974,0.5885453,0.1852147,0.6170735,0.00533054,0.5423432,0.2084039,0.5810308,-0.0434135,0.5588178,0.1646651,0.5841889,0.06139177,-0.04930474,0.1129384,0.1376771,0.0196248,-0.07681105,0.1356791,0.1571429,0.009316979,-0.05166182,0.06950384,0.08710071,0.06152436,-0.04932595,0.1128661,0.1376846,0.0197278,-0.07678786,0.1358027,0.1572512,0.009323698,-0.05153326,0.06946255,0.08699226,0.02685997,-0.05867098,0.101734,0.1204722,-0.8700038,-0.25019,0.4128993,0.1000627,168.5145,-0.8743922,-0.251452,0.414982,17.6151,0,0,0,0,0,0,0,0,0,1,0,0,0.3633921,False,True,False,-0.03112289,0.9890802,0.3117656,1.037519,0.4323594,-0.6992689,-0.1421716,0.5512491,113.0945,0.5182049,-0.8381096,-0.1703999,0.08112289,0.01091981,-0.0117656,0.0826958,0.009902606,0.2101385,0.9593781,0.1879826,158.3298,0.01008235,0.2139528,0.9767919,-0.04648784,1.099633,-0.03103539,1.101052,0.02616118,-0.06191832,0.0839764,0.994198,12.34997,0.2432123,-0.5756352,0.7807023,False
1773055709954,0.6943304,0.05807118,0.9004629,0.2501503,0.9363657,-0.02844024,-0.3630755,-0.7785197,0.5111502,118.5191,-0.03308961,-0.4224306,-0.9057911,-0.02115197,0.9921928,0.2869333,1.033066,-0.03078799,1.011119,0.3136404,1.059094,-0.04566164,0.9881908,0.2966571,1.032769,-0.01920926,-0.06840843,0.1138243,0.1341815,-0.01814082,-0.06585854,0.1498659,0.1647004,0.0007116262,-0.08317892,0.1273603,0.152118,-0.01866906,-0.06950667,0.1131856,0.1341294,-0.01765697,-0.06666612,0.1490046,0.1641904,0.0008035277,-0.08308903,0.1275154,0.1521993,-0.01303468,-0.07198282,0.1317106,0.1506623,0.1253542,0.4753043,-0.2995853,0.8176923,70.2911,0.2177591,0.825675,-0.5204247,4.327784,-0.000637064,-0.05775451,0.1258721,0.1384911,0.7340826,0.1807593,0.170798,0.6318839,101.6215,0.9471262,0.2332188,0.2203666,0.4801713,True,True,False,-0.1061034,0.5955284,0.1264263,0.6179771,-0.1098906,-0.2184612,-0.313374,-0.9176031,313.1563,-0.2764558,-0.549591,-0.7883668,0.009533077,0.5884337,0.1853122,0.6169974,0.005383462,0.5422559,0.2084772,0.580976,-0.04330531,0.5586936,0.164762,0.5840895,0.06135072,-0.04930514,0.1129565,0.1376739,0.01960721,-0.07680834,0.1356638,0.1571261,0.009309875,-0.05172903,0.06953385,0.08716378,0.06148913,-0.04932173,0.1128845,0.1376824,0.01970332,-0.07679201,0.1357745,0.1572258,0.009320896,-0.05157297,0.069477,0.08702703,0.02684849,-0.05868451,0.1017357,0.1204776,-0.8699961,-0.2504714,0.4128101,0.09979381,168.5454,-0.8743608,-0.251728,0.4148811,17.59837,0,0,0,0,0,0,0,0,0,1,0,0,0.3636064,False,True,False,-0.03053998,0.9886053,0.3115588,1.036987,0.4339412,-0.7012488,-0.1426065,0.5473652,113.6271,0.518514,-0.8379185,-0.1703998,0.08053999,0.01139474,-0.01155877,0.08215921,0.005844477,0.2083843,0.9600486,0.1866783,158.482,0.005949054,0.212113,0.9772271,-0.04514262,1.099926,-0.03102287,1.101289,0.02552237,-0.05798001,0.08221953,0.9945989,11.91532,0.2458953,-0.5586084,0.7921441,False
1773055709967,0.7082679,0.05859667,0.8997044,0.2495396,0.935506,-0.02802429,-0.3614539,-0.7793869,0.5110009,118.539,-0.03260229,-0.4205005,-0.9067064,-0.0203273,0.9914736,0.286912,1.032352,-0.03000242,1.010311,0.3136361,1.058298,-0.04497909,0.9873332,0.2963588,1.031833,-0.01929888,-0.06816163,0.1139748,0.1341966,-0.01821432,-0.06571282,0.1499965,0.1647692,0.0006755601,-0.08319088,0.127261,0.1520413,-0.01880104,-0.06922028,0.1133522,0.1341404,-0.01777368,-0.06646527,0.149214,0.1643118,0.00077685,-0.08311025,0.1274621,0.1521661,-0.01308454,-0.07184612,0.1318867,0.1507553,0.1292351,0.4795075,-0.3007159,0.8142117,70.981,0.2226012,0.8259283,-0.5179685,4.375538,-0.0006841043,-0.05762545,0.1260383,0.1385887,0.7359808,0.1804847,0.1687748,0.630296,101.8561,0.9479949,0.232477,0.2173938,0.4723617,True,True,False,-0.1060388,0.5955446,0.1265773,0.6180124,-0.109851,-0.218463,-0.3131811,-0.9176732,313.1765,-0.2764691,-0.5498198,-0.7882027,0.009585463,0.5884092,0.1854795,0.6170251,0.005410485,0.5422364,0.2086326,0.5810139,-0.04322023,0.5586439,0.16492,0.5840802,0.06133457,-0.04930083,0.1129656,0.1376725,0.01959202,-0.07680736,0.1356505,0.1571123,0.009303987,-0.05178868,0.06955451,0.08721503,0.06145694,-0.04931738,0.1129014,0.1376803,0.01968012,-0.07679521,0.1357487,0.1572022,0.009317378,-0.05161789,0.06949313,0.08706615,0.02683888,-0.0586998,0.101739,0.1204858,-0.8699769,-0.2507359,0.4127643,0.09948557,168.5809,-0.8743143,-0.251986,0.4148222,17.58234,0,0,0,0,0,0,0,0,0,1,0,0,0.3644841,False,True,False,-0.0299304,0.9881229,0.3113974,1.036461,0.4359675,-0.7036665,-0.1432441,0.5424638,114.297,0.51896,-0.8376193,-0.1705126,0.07993039,0.01187712,-0.01139742,0.08160781,0.0007800151,0.2060627,0.9608818,0.185051,158.6718,0.0007937236,0.2096842,0.977769,-0.04373773,1.100354,-0.03098514,1.101659,0.0254622,-0.05444204,0.08019704,0.9949654,11.50353,0.2540662,-0.5432321,0.8002198,False
1773055709981,0.7223786,0.05913849,0.898942,0.2489295,0.9346443,-0.02744228,-0.359687,-0.7803814,0.5107614,118.5709,-0.03191992,-0.4183757,-0.9077131,-0.01947224,0.990743,0.2869301,1.031639,-0.02918795,1.009483,0.3136796,1.057498,-0.04426631,0.986456,0.2960701,1.030879,-0.01938883,-0.06790543,0.1141313,0.1342126,-0.01829029,-0.06555723,0.1501358,0.1648425,0.0006361198,-0.08320131,0.1271428,0.1519479,-0.01892543,-0.06893776,0.1135181,0.1341527,-0.01788292,-0.06627211,0.1494105,0.1644242,0.0007472245,-0.08312941,0.1273946,0.1521198,-0.01312973,-0.07171429,0.1320532,0.1508422,0.1331478,0.4837332,-0.3017612,0.8106874,71.67371,0.2274168,0.8262176,-0.5154089,4.419807,-0.0007267695,-0.05750102,0.1261955,0.1386802,0.7378699,0.180226,0.1667874,0.6286885,102.0932,0.9488364,0.231755,0.214474,0.4670951,True,True,False,-0.1059732,0.5955577,0.1267362,0.6180464,-0.1098125,-0.2184615,-0.312971,-0.91775,313.1987,-0.2764952,-0.5500611,-0.7880252,0.009639233,0.5883791,0.1856537,0.6170496,0.005437642,0.5422118,0.2087981,0.5810506,-0.04313373,0.558586,0.1650866,0.5840654,0.06132058,-0.04929656,0.1129735,0.1376712,0.0195784,-0.07680549,0.1356393,0.1571001,0.009297491,-0.05185187,0.06957661,0.0872695,0.06142826,-0.04931301,0.1129165,0.1376784,0.01965871,-0.07679737,0.1357257,0.1571807,0.009313199,-0.0516671,0.06951067,0.08710889,0.02683123,-0.05871651,0.101744,0.1204964,-0.8699468,-0.2509789,0.412762,0.09914447,168.6202,-0.8742542,-0.2522216,0.4148057,17.56722,0,0,0,0,0,0,0,0,0,1,0,0,0.3653338,False,True,False,-0.02919923,0.9873319,0.3113467,1.035671,0.4380862,-0.7044789,-0.1440351,0.5394848,114.7029,0.5202954,-0.836678,-0.1710641,0.07919922,0.01266807,-0.01134664,0.08100459,-0.002210306,0.2037478,0.9614199,0.1848075,158.7002,-0.002249046,0.207319,0.9782709,-0.0423082,1.100586,-0.03099084,1.101835,0.02489813,-0.0512608,0.0780726,0.9953176,11.0936,0.257588,-0.5303277,0.807714,False
1773055709995,0.7361258,0.05940515,0.8980198,0.2477226,0.9334533,-0.02706254,-0.3592473,-0.7816433,0.5091588,118.7844,-0.03144348,-0.417403,-0.9081774,-0.01883855,0.9901608,0.2857817,1.03075,-0.02858563,1.008713,0.3123834,1.056363,-0.04368903,0.9857445,0.2947119,1.029784,-0.0195503,-0.06786108,0.1141765,0.134252,-0.01835288,-0.06562126,0.1499612,0.164716,0.0005811031,-0.08322965,0.1269414,0.1517947,-0.01905497,-0.06871127,0.1136555,0.1341711,-0.01798026,-0.06613653,0.1495255,0.1644846,0.0007129686,-0.08315007,0.1273008,0.1520524,-0.01317384,-0.07162588,0.132155,0.1508932,0.1364045,0.4878032,-0.3022748,0.8075097,72.29334,0.2312512,0.8269892,-0.5124566,4.451084,-0.000768443,-0.05741756,0.1262916,0.1387333,0.7394823,0.1802316,0.1651494,0.6272229,102.309,0.9494661,0.2314103,0.2120453,0.4448461,True,True,False,-0.1058866,0.5954896,0.1268547,0.6179903,-0.1097986,-0.218498,-0.3127276,-0.9178259,313.2206,-0.2765825,-0.5503963,-0.7877606,0.009725168,0.5882509,0.1857654,0.6169623,0.005494893,0.5420998,0.2089304,0.5809942,-0.04302845,0.5584486,0.1652053,0.5839598,0.06130907,-0.0493073,0.1129746,0.1376709,0.01956303,-0.07679867,0.1356471,0.1571015,0.009292838,-0.05190869,0.06959525,0.08731762,0.0614037,-0.04931183,0.1129285,0.1376768,0.01963899,-0.07679763,0.1357095,0.1571644,0.009309009,-0.05171688,0.06952807,0.08715186,0.02682461,-0.05873433,0.1017508,0.1205093,-0.8699231,-0.2511443,0.4127946,0.09879833,168.66,-0.8742,-0.252379,0.4148241,17.55396,0,0,0,0,0,0,0,0,0,1,0,0,0.3657434,False,True,False,-0.02845141,0.9865103,0.3113154,1.034857,0.4402764,-0.7053212,-0.1449718,0.5363412,115.1302,0.5216538,-0.8356873,-0.1717673,0.07845141,0.01348972,-0.01131541,0.08040296,-0.005301484,0.2012436,0.9619976,0.1844822,158.7381,-0.005394068,0.2047581,0.9787977,-0.04091868,1.10069,-0.03107725,1.101889,0.02393205,-0.04790493,0.07597785,0.9956706,10.66695,0.2574654,-0.5153699,0.8173835,False
1773055710010,0.750026,0.05969055,0.8971051,0.2465392,0.9322779,-0.02651214,-0.3587172,-0.7831744,0.5072049,119.0443,-0.03076278,-0.4162296,-0.9087391,-0.01813579,0.9896196,0.284673,1.02991,-0.02791397,1.007967,0.3111013,1.055254,-0.04303069,0.9850662,0.2933348,1.028714,-0.01970948,-0.0678141,0.1142238,0.1342918,-0.0184165,-0.06569676,0.1497588,0.164569,0.0005174201,-0.08325829,0.1266866,0.1515972,-0.01919186,-0.06852106,0.113775,0.1341947,-0.01807141,-0.06604417,0.1495746,0.1645022,0.0006722875,-0.08317257,0.1271724,0.1519571,-0.01321793,-0.07156975,0.1322064,0.1509155,0.1393318,0.4920029,-0.3023658,0.804422,72.89106,0.2345422,0.8282064,-0.5089834,4.471902,-0.0008100418,-0.05736452,0.1263402,0.1387558,0.7409915,0.1804398,0.1636774,0.6257659,102.5232,0.9499757,0.2313298,0.2098399,0.4299409,True,True,False,-0.1057979,0.5954142,0.1269774,0.6179276,-0.1097884,-0.2185363,-0.3124663,-0.917907,313.244,-0.2766876,-0.5507529,-0.7874743,0.009814873,0.588111,0.1858777,0.6168641,0.005554579,0.541978,0.2090699,0.5809314,-0.04292113,0.5583,0.1653279,0.5838445,0.06129959,-0.0493201,0.1129739,0.1376706,0.01954865,-0.07679045,0.135659,0.157106,0.009287941,-0.05196754,0.06961454,0.08736748,0.06138206,-0.04931355,0.1129379,0.1376755,0.0196202,-0.07679614,0.135699,0.1571523,0.009304634,-0.051769,0.06954603,0.08719665,0.02681869,-0.05875377,0.1017595,0.1205249,-0.8699039,-0.2512443,0.412861,0.09843503,168.7019,-0.8741491,-0.2524704,0.4148758,17.54189,0,0,0,0,0,0,0,0,0,1,0,0,0.366142,False,True,False,-0.02790257,0.98585,0.3102537,1.033894,0.441087,-0.7071036,-0.1453978,0.5332039,115.5556,0.5213876,-0.8358328,-0.1718677,0.07790257,0.01415002,-0.01025373,0.07983842,-0.008444803,0.2000312,0.9625137,0.1829852,158.9126,-0.008589836,0.2034666,0.9790442,-0.03955872,1.101158,-0.03098117,1.102304,0.02397233,-0.04534069,0.07440013,0.9959087,10.36918,0.2652842,-0.5017523,0.8233319,False
1773055710027,0.7668057,0.05973087,0.8958026,0.2449485,0.9306072,-0.02610025,-0.3579607,-0.78529,0.5044825,119.406,-0.03022884,-0.4145837,-0.9095089,-0.01744977,0.9888487,0.2832488,1.028764,-0.02730429,1.006931,0.3094216,1.053754,-0.0424402,0.9840653,0.2913276,1.02716,-0.0199069,-0.06770405,0.1143103,0.134339,-0.01846477,-0.0658092,0.1495097,0.1643927,0.0004176236,-0.08339908,0.1261576,0.1512326,-0.01936489,-0.06832098,0.1139051,0.1342279,-0.01816648,-0.06598713,0.1495588,0.1644754,0.0006109723,-0.08322708,0.126927,0.1517814,-0.01326394,-0.07154708,0.1322116,0.1509133,0.1431644,0.497968,-0.302196,0.8001308,73.71481,0.2386768,0.8301882,-0.5038065,4.486351,-0.0008534621,-0.05734315,0.126345,0.1387517,0.7430234,0.1808741,0.161723,0.6237363,102.821,0.9506013,0.2314048,0.2069034,0.422477,True,True,False,-0.1057425,0.5954518,0.1270269,0.6179646,-0.1096244,-0.2186376,-0.312349,-0.9179424,313.2542,-0.2763314,-0.551122,-0.7873412,0.009882972,0.5881469,0.1859004,0.6169063,0.005599231,0.5420302,0.2091471,0.5810083,-0.04284467,0.5583149,0.1653871,0.5838699,0.06130587,-0.04933982,0.1129609,0.1376698,0.01953234,-0.07678234,0.1356684,0.1571081,0.009285428,-0.05200495,0.06962791,0.08740012,0.06136374,-0.04931986,0.1129434,0.1376742,0.01959906,-0.07679283,0.1356917,0.1571416,0.009300019,-0.05182577,0.06956571,0.08724556,0.0268139,-0.05877617,0.1017705,0.120544,-0.8698874,-0.2512601,0.4129789,0.09804527,168.7468,-0.8740988,-0.2524765,0.4149782,17.53058,0,0,0,0,0,0,0,0,0,1,0,0,0.3649613,False,True,False,-0.02730916,0.9852052,0.3091699,1.032938,0.4418461,-0.7089392,-0.1460432,0.5299516,115.9956,0.5210278,-0.8359857,-0.1722151,0.07730916,0.01479483,-0.009169936,0.07924444,-0.01158573,0.1986542,0.9630857,0.1812967,159.1094,-0.01178096,0.2020016,0.9793144,-0.03824506,1.101409,-0.03103284,1.102509,0.02349251,-0.04240203,0.07241388,0.996196,9.998324,0.2695915,-0.4865905,0.8309957,False
1773055710037,0.7776103,0.05979559,0.8945746,0.2434586,0.9290378,-0.02555946,-0.3571168,-0.787641,0.501434,119.8102,-0.02954181,-0.4127584,-0.9103615,-0.0166761,0.9881752,0.281969,1.027752,-0.02661929,1.005996,0.3078598,1.052385,-0.04176433,0.9831557,0.2893623,1.025705,-0.0200931,-0.06756655,0.1144114,0.1343836,-0.01851066,-0.06592237,0.1492597,0.1642159,0.0003079058,-0.08355277,0.1255563,0.1508162,-0.01948909,-0.06819072,0.1139919,0.1342533,-0.01822509,-0.06597605,0.1495076,0.1644309,0.0005595712,-0.08328229,0.1266932,0.151616,-0.01329082,-0.07155535,0.1321846,0.1508959,0.1462107,0.5028155,-0.3019304,0.7966411,74.37892,0.2418894,0.8318527,-0.4995104,4.490708,-0.0008788398,-0.05735096,0.1263195,0.1387318,0.7447771,0.1812964,0.160057,0.6219493,103.0828,0.9511139,0.2315236,0.2044,0.4530119,True,True,False,-0.1056875,0.5954907,0.1270752,0.6180025,-0.1094437,-0.2187483,-0.3122358,-0.9179761,313.2639,-0.27593,-0.5515094,-0.7872103,0.009953626,0.5881886,0.1859166,0.6169522,0.00564605,0.5420895,0.2092268,0.5810928,-0.04276851,0.5583348,0.1654462,0.5839001,0.06131602,-0.04936213,0.1129446,0.137669,0.01951655,-0.07677308,0.1356807,0.1571122,0.009283036,-0.05204088,0.06964089,0.08743158,0.06135565,-0.04932702,0.1129436,0.1376733,0.01958508,-0.07678949,0.1356898,0.1571366,0.009297146,-0.05186223,0.06957843,0.08727706,0.02681198,-0.05879138,0.1017785,0.1205577,-0.8698798,-0.2512051,0.4130866,0.09779924,168.7751,-0.8740699,-0.2524151,0.4150764,17.52459,0,0,0,0,0,0,0,0,0,1,0,0,0.3649379,False,True,False,-0.02681024,0.9842817,0.307671,1.031596,0.4427107,-0.7112929,-0.1469751,0.5258023,116.5555,0.5204645,-0.8362182,-0.1727886,0.07681024,0.01571828,-0.007670939,0.0787764,-0.01551456,0.196865,0.9638237,0.1790183,159.3748,-0.0157693,0.2000974,0.9796492,-0.03703212,1.101547,-0.03117589,1.102611,0.02283399,-0.03967783,0.07048453,0.9964619,9.642347,0.2716842,-0.472096,0.8386413,False
1773055710051,0.7915518,0.05979353,0.8936369,0.2419338,0.927736,-0.02491977,-0.3567313,-0.7900051,0.4980096,120.2632,-0.02873685,-0.4113735,-0.9110138,-0.01592724,0.9878376,0.2805878,1.027038,-0.02600578,1.005497,0.3062583,1.051425,-0.0411861,0.982644,0.2872536,1.024598,-0.02025978,-0.0673744,0.1145418,0.1344232,-0.01854686,-0.06597939,0.1491628,0.1641548,0.0002107139,-0.08372768,0.1250135,0.1504618,-0.01965073,-0.06801765,0.1141077,0.1342874,-0.01829245,-0.06597675,0.1494352,0.1643728,0.0004867964,-0.08337517,0.1263406,0.1513724,-0.01331908,-0.0715814,0.132139,0.1508708,0.1507049,0.5097201,-0.3016092,0.7915209,75.34426,0.2465954,0.8340452,-0.4935174,4.496229,-0.0009055415,-0.05737551,0.1262765,0.138703,0.7474647,0.1818725,0.1574848,0.6192072,103.4835,0.9519083,0.2316176,0.2005595,0.4802163,True,True,False,-0.1055818,0.5955007,0.1271224,0.6180038,-0.10934,-0.2187088,-0.3121004,-0.918044,313.2836,-0.2757777,-0.5516281,-0.7871809,0.01005921,0.5881639,0.1859574,0.6169425,0.005718119,0.5420855,0.2093225,0.5811242,-0.04266796,0.5583299,0.1655193,0.5839089,0.06131911,-0.04939239,0.1129283,0.1376679,0.01949926,-0.07676546,0.1356956,0.1571192,0.009282001,-0.0520499,0.069654,0.08744728,0.06134804,-0.04934062,0.1129404,0.1376722,0.01956719,-0.07678449,0.135691,0.157133,0.009293994,-0.05190135,0.06959416,0.08731252,0.0268094,-0.05880947,0.1017894,0.1205752,-0.8698823,-0.2510555,0.4132315,0.09754878,168.8039,-0.8740509,-0.2522586,0.4152117,17.51823,0,0,0,0,0,0,0,0,0,1,0,0,0.3632872,False,True,False,-0.02627128,0.9834355,0.30625,1.030352,0.4431972,-0.7137262,-0.1482761,0.521714,117.1054,0.5195012,-0.8366066,-0.1738044,0.07627128,0.01656455,-0.006249964,0.07829913,-0.01913866,0.1950149,0.9646341,0.176307,159.6906,-0.01944323,0.1981184,0.9799854,-0.03585741,1.101804,-0.03126496,1.10283,0.02279978,-0.03702315,0.06849576,0.9967035,9.307075,0.2810264,-0.4563413,0.8442675,False
1773055710065,0.8054783,0.05981259,0.8927732,0.240554,0.9265461,-0.02420932,-0.3563447,-0.7923892,0.4945217,120.7236,-0.02785352,-0.4099849,-0.9116669,-0.0151531,0.9875634,0.2793577,1.026427,-0.0253739,1.005064,0.3047901,1.050568,-0.0405805,0.982213,0.2853035,1.023615,-0.02041986,-0.06717891,0.1146734,0.1344618,-0.01858087,-0.06604474,0.1490554,0.1640874,0.0001161977,-0.08389154,0.1244886,0.1501174,-0.01981192,-0.06784011,0.1142266,0.1343224,-0.01835276,-0.06599101,0.1493555,0.1643129,0.0004095383,-0.08348279,0.1259517,0.1511071,-0.01334093,-0.07162099,0.1320802,0.1508401,0.155636,0.5170498,-0.3012525,0.7859287,76.3867,0.251709,0.836221,-0.4872136,4.501335,-0.0009261598,-0.05741291,0.126221,0.1386681,0.7504909,0.1824602,0.1545932,0.616095,103.937,0.952796,0.2316449,0.1962659,0.5020251,True,True,False,-0.1054729,0.5955098,0.1271687,0.6180035,-0.1092336,-0.2186557,-0.3119651,-0.9181153,313.3042,-0.2756241,-0.5517241,-0.7871675,0.01016797,0.5881364,0.1859965,0.6169299,0.005791828,0.5420803,0.2094224,0.5811561,-0.04256799,0.558328,0.1655946,0.583921,0.06132406,-0.04942588,0.1129094,0.1376666,0.01948211,-0.0767572,0.1357131,0.1571282,0.00928126,-0.05205354,0.06966688,0.08745962,0.06134305,-0.04935835,0.112934,0.137671,0.01954948,-0.07677881,0.1356956,0.157132,0.009291346,-0.05193305,0.06960928,0.08734313,0.0268067,-0.05882611,0.1018009,0.1205924,-0.8698961,-0.2508321,0.4133823,0.09736127,168.8255,-0.8740486,-0.2520294,0.4153556,17.51314,0,0,0,0,0,0,0,0,0,1,0,0,0.3618134,False,True,False,-0.02581339,0.9829547,0.3046418,1.029404,0.4443146,-0.7168928,-0.148636,0.5162913,117.8324,0.5188087,-0.8370877,-0.1735565,0.07581338,0.01704526,-0.004641831,0.07784444,-0.02464874,0.1933407,0.9653312,0.1736309,160.002,-0.0250289,0.1963226,0.9802198,-0.03457348,1.102078,-0.03127199,1.103063,0.02281085,-0.03499887,0.06672809,0.9968962,9.030717,0.2897493,-0.4445646,0.8475974,False
1773055710078,0.8194103,0.05984683,0.8919666,0.239285,0.9254422,-0.02345031,-0.3559624,-0.7947478,0.4910366,121.1825,-0.02691914,-0.4086172,-0.9123088,-0.01437186,0.9873291,0.2782393,1.025886,-0.02473928,1.004671,0.3034214,1.049781,-0.03996062,0.9818328,0.2834756,1.022717,-0.02057519,-0.06698547,0.1148032,0.1344997,-0.01861272,-0.06611786,0.1489378,0.1640136,2.354421E-05,-0.08404548,0.1239759,0.1497787,-0.01997196,-0.06765924,0.1143479,0.134358,-0.01840713,-0.0660176,0.149268,0.1642501,0.0003290313,-0.08360016,0.1255361,0.1508258,-0.01335686,-0.07167259,0.1320067,0.1508016,0.1608965,0.5246525,-0.3008209,0.7799736,77.48368,0.2571002,0.8383544,-0.4806887,4.505811,-0.0009411696,-0.05746164,0.1261516,0.1386252,0.7537768,0.183051,0.1514694,0.612675,104.4337,0.9537428,0.2316118,0.191652,0.5188122,True,True,False,-0.105361,0.5955179,0.1272139,0.6180015,-0.1091247,-0.2185896,-0.3118299,-0.9181898,313.3257,-0.2754694,-0.5517979,-0.7871695,0.01027988,0.5881062,0.1860342,0.6169143,0.005867116,0.5420738,0.2095265,0.5811883,-0.04246868,0.5583287,0.1656717,0.5839364,0.06133088,-0.04946258,0.112888,0.1376652,0.01946504,-0.07674846,0.1357334,0.1571393,0.009280861,-0.05205203,0.06967941,0.08746867,0.06134051,-0.04938003,0.1129244,0.1376698,0.01953189,-0.0767725,0.1357035,0.1571335,0.009289165,-0.05195784,0.06962387,0.08736927,0.02680388,-0.05884147,0.1018128,0.1206093,-0.8699206,-0.2505382,0.4135392,0.09723269,168.8403,-0.8740622,-0.251731,0.415508,17.50924,0,0,0,0,0,0,0,0,0,1,0,0,0.360499,False,True,False,-0.02534356,0.982537,0.3031617,1.028556,0.4457097,-0.7202498,-0.1487211,0.5103579,118.6247,0.51829,-0.8375367,-0.1729392,0.07534356,0.01746297,-0.003161728,0.07740545,-0.03082383,0.1916224,0.9659664,0.1709964,160.3085,-0.0312846,0.1944869,0.9804062,-0.03357268,1.102258,-0.0313807,1.103216,0.02287415,-0.03270298,0.06509966,0.9970804,8.758538,0.2995635,-0.4282834,0.8525554,False
1773055710093,0.8334191,0.05996166,0.8912785,0.2375747,0.9243454,-0.02278328,-0.3556121,-0.7962124,0.4889445,121.4575,-0.02611818,-0.4076648,-0.9127581,-0.01383708,0.9870048,0.2765637,1.025113,-0.02429322,1.004194,0.3016492,1.048803,-0.0394972,0.9813659,0.2814286,1.021685,-0.0207343,-0.06694168,0.1148492,0.1345416,-0.01864256,-0.06618624,0.1488422,0.1639578,-4.31578E-05,-0.08413695,0.123645,0.1495564,-0.02013251,-0.06750683,0.1144537,0.1343955,-0.01845657,-0.06605307,0.1491785,0.1641885,0.0002510538,-0.08371264,0.1251363,0.1505555,-0.01337442,-0.07173342,0.1319217,0.1507577,0.1655589,0.5318116,-0.3002594,0.7743455,78.50854,0.2616444,0.8404593,-0.4745211,4.509999,-0.000957758,-0.05751905,0.1260713,0.1385761,0.756717,0.1837258,0.1486308,0.6095356,104.8882,0.9545361,0.2317549,0.1874855,0.5074508,True,True,False,-0.1052951,0.5955008,0.1272798,0.6179874,-0.109038,-0.2184825,-0.3115757,-0.9183118,313.3611,-0.2754473,-0.5519217,-0.7870902,0.01033501,0.5879929,0.186106,0.6168289,0.005885676,0.54202,0.2096833,0.5811948,-0.04242907,0.5582998,0.1657835,0.5839375,0.0613134,-0.04951599,0.1128723,0.1376638,0.01945007,-0.07672862,0.1357814,0.1571693,0.009283572,-0.0520356,0.06970034,0.08747586,0.06133484,-0.04940844,0.1129135,0.1376685,0.01951477,-0.07676333,0.1357198,0.157141,0.009287997,-0.05197411,0.06963985,0.08739156,0.02679742,-0.05885553,0.1018273,0.120627,-0.8699783,-0.25014,0.413673,0.09717163,168.8474,-0.874115,-0.2513294,0.41564,17.5046,0,0,0,0,0,0,0,0,0,1,0,0,0.3608937,False,True,False,-0.02487304,0.9821572,0.3017761,1.027774,0.4473264,-0.7237146,-0.1485214,0.5040612,119.4619,0.5179379,-0.8379548,-0.1719658,0.07487305,0.01784277,-0.001776099,0.07699021,-0.03750575,0.1899176,0.9665129,0.168456,160.6039,-0.03804951,0.1926711,0.9805254,-0.03245084,1.102235,-0.03148231,1.103161,0.02263322,-0.03118617,0.06333788,0.997248,8.503387,0.305285,-0.4206503,0.8543241,False
1773055710107,0.8472924,0.06008142,0.8905892,0.2359332,0.9232678,-0.02213529,-0.3552895,-0.7975729,0.4869877,121.7144,-0.02534356,-0.4067848,-0.9131724,-0.01331754,0.9866633,0.2749539,1.024344,-0.02387256,1.003694,0.2999348,1.047823,-0.03904686,0.9808648,0.2794332,1.020639,-0.02089807,-0.06689654,0.1148964,0.1345847,-0.01867056,-0.06626047,0.1487415,0.1638995,-0.0001118291,-0.08423324,0.1232947,0.1493212,-0.02029253,-0.06737829,0.1145464,0.134434,-0.01850116,-0.06609633,0.1490874,0.1641282,0.0001755988,-0.08382092,0.1247496,0.1502945,-0.01339281,-0.07180171,0.1318274,0.1507093,0.1697183,0.5385904,-0.2995951,0.7689987,79.47189,0.2654958,0.8425344,-0.4686662,4.513913,-0.0009750959,-0.05758351,0.1259823,0.138522,0.7593952,0.18447,0.1460065,0.606607,105.3109,0.9552117,0.2320372,0.1836555,0.5016519,True,True,False,-0.1052296,0.5954814,0.1273461,0.6179712,-0.1089519,-0.2183597,-0.3113069,-0.9184425,313.3989,-0.275441,-0.5520344,-0.7870139,0.01038843,0.5878684,0.1861797,0.6167334,0.005901441,0.5419608,0.209849,0.5811995,-0.04239439,0.558271,0.1659,0.5839406,0.06129413,-0.04957417,0.1128555,0.1376624,0.01943536,-0.07670683,0.1358354,0.1572035,0.009286982,-0.05201302,0.0697222,0.08748021,0.0613264,-0.04944281,0.1129015,0.1376672,0.01949829,-0.07675162,0.1357437,0.1571539,0.009287787,-0.05198219,0.06965693,0.08740995,0.02678768,-0.05886819,0.101844,0.1206451,-0.8700663,-0.2496485,0.4137842,0.09717487,168.847,-0.8742036,-0.2508356,0.4157518,17.49935,0,0,0,0,0,0,0,0,0,1,0,0,0.3622933,False,True,False,-0.02452356,0.9816794,0.2999707,1.026781,0.4495352,-0.7260475,-0.1477357,0.4989462,120.1394,0.5187146,-0.8377798,-0.1704709,0.07452355,0.01832056,2.929568E-05,0.07674245,-0.04333131,0.18844,0.9667265,0.1674891,160.7163,-0.04395218,0.1911401,0.9805782,-0.03144905,1.102331,-0.03158695,1.103232,0.02275166,-0.02968738,0.06180338,0.9973873,8.285293,0.3149471,-0.4109569,0.8555328,False
1773055710120,0.8611539,0.06058705,0.8901599,0.2333624,0.9222329,-0.02225682,-0.3543222,-0.7984216,0.4862955,121.8052,-0.02547146,-0.4054984,-0.9137408,-0.01250066,0.986421,0.2726304,1.023479,-0.02310515,1.0033,0.2975532,1.046748,-0.03828265,0.980503,0.2769656,1.019589,-0.02103568,-0.06684858,0.1149467,0.1346253,-0.01869236,-0.06631666,0.1486693,0.1638593,-0.0001530295,-0.08425935,0.1231401,0.1492084,-0.02044777,-0.06726687,0.1146301,0.1344731,-0.01854096,-0.06614222,0.1490004,0.1640722,0.0001073066,-0.08391207,0.1244116,0.150065,-0.01341195,-0.0718675,0.1317317,0.1506587,0.1732115,0.5445805,-0.2988416,0.7642797,80.31408,0.268593,0.8444619,-0.4634031,4.516991,-0.0009931801,-0.05764563,0.125892,0.1384659,0.761582,0.1851795,0.1438685,0.6041554,105.6638,0.9557206,0.2323845,0.1805427,0.4733592,True,True,False,-0.1051573,0.5955421,0.1273869,0.6180258,-0.1089858,-0.2182253,-0.3110215,-0.9185671,313.435,-0.2757283,-0.5520985,-0.7868679,0.01045003,0.5878007,0.1862223,0.6166828,0.005930088,0.5419602,0.2099818,0.5812473,-0.04235329,0.5583112,0.1659888,0.5840013,0.06127238,-0.04963134,0.1128408,0.1376613,0.01942495,-0.07667951,0.1359021,0.1572465,0.009289042,-0.05198516,0.06975324,0.08748861,0.0613152,-0.04948189,0.1128889,0.137666,0.01948308,-0.07673668,0.1357765,0.1571731,0.009288047,-0.05198281,0.06967689,0.08742625,0.02677487,-0.05887917,0.1018644,0.1206648,-0.870178,-0.24907,0.4138842,0.09723257,168.8403,-0.8743209,-0.2502558,0.4158547,17.49334,0,0,0,0,0,0,0,0,0,1,0,0,0.3633968,False,True,False,-0.02419147,0.9811797,0.2982212,1.025785,0.4516424,-0.7281275,-0.1469881,0.4942106,120.7646,0.519522,-0.8375615,-0.1690797,0.07419147,0.01882029,0.001778841,0.07656201,-0.04872449,0.1870309,0.9668834,0.1666794,160.8104,-0.04941575,0.1896844,0.9806008,-0.03051503,1.102224,-0.03177099,1.103104,0.02300288,-0.0289007,0.06076453,0.9974685,8.155502,0.3234834,-0.4064229,0.8545156,False
1773055710134,0.8748806,0.06105956,0.8897024,0.230933,0.9212104,-0.02236566,-0.3533834,-0.7992412,0.4856269,121.8929,-0.02558514,-0.404252,-0.9142898,-0.01169453,0.9862079,0.2704158,1.022677,-0.022384,1.002872,0.2953044,1.045686,-0.03755885,0.9801046,0.2746267,1.018546,-0.02125042,-0.06680828,0.1150057,0.1346894,-0.0187117,-0.06637475,0.1485974,0.1638198,-0.0001944706,-0.08428659,0.1229799,0.1490917,-0.02061417,-0.06717123,0.1147081,0.1345171,-0.01857622,-0.06619024,0.1489172,0.16402,4.507516E-05,-0.08398933,0.1241132,0.1498609,-0.0134348,-0.07193246,0.131633,0.1506055,0.175973,0.5500685,-0.2979801,0.7600434,81.06394,0.2707809,0.8464257,-0.4585211,4.520608,-0.001014731,-0.05770694,0.1257988,0.1384069,0.7633946,0.1859693,0.142055,0.6020507,105.9662,0.9560859,0.2329105,0.1779116,0.4541199,True,True,False,-0.1050849,0.5956062,0.1274265,0.6180834,-0.1090366,-0.2180761,-0.3107206,-0.9186983,313.4731,-0.27607,-0.5521473,-0.7867141,0.01051071,0.5877258,0.1862642,0.6166251,0.005957462,0.5419577,0.2101193,0.581295,-0.04231592,0.5583553,0.1660794,0.5840665,0.06124876,-0.04969213,0.1128256,0.1376602,0.01941549,-0.07664964,0.1359753,0.157294,0.009291462,-0.0519516,0.06978633,0.08749532,0.06130153,-0.04952513,0.1128759,0.1376648,0.01946917,-0.07671878,0.1358174,0.1571979,0.009288749,-0.05197638,0.0696994,0.08744045,0.02675931,-0.05888846,0.1018879,0.1206858,-0.8703113,-0.2484128,0.4139734,0.09734126,168.8278,-0.8744641,-0.2495981,0.4159487,17.48669,0,0,0,0,0,0,0,0,0,1,0,0,0.3644966,False,True,False,-0.02347312,0.980777,0.2957742,1.024674,0.4537827,-0.728875,-0.1466842,0.4912292,121.1572,0.5209723,-0.8367964,-0.1684031,0.07347313,0.01922303,0.004225791,0.07606368,-0.05213711,0.1854784,0.966963,0.1669195,160.7825,-0.05287898,0.1881176,0.9807221,-0.02966513,1.102151,-0.03195253,1.103013,0.02350891,-0.02815262,0.05961684,0.9975473,8.027422,0.3358648,-0.4022081,0.851728,False
1773055710149,0.8888743,0.0614849,0.8892447,0.228724,0.9202452,-0.02247566,-0.3523667,-0.8001245,0.4849055,121.9874,-0.0256992,-0.4029044,-0.9148812,-0.01089656,0.9860401,0.2684217,1.02198,-0.02169309,1.002445,0.293298,1.044696,-0.03686404,0.9797031,0.2725047,1.017564,-0.02151941,-0.0667733,0.1150686,0.1347684,-0.01872864,-0.06643461,0.1485258,0.163781,-0.0002383703,-0.08432115,0.1227949,0.1489587,-0.02080476,-0.06708703,0.114784,0.1345692,-0.01860818,-0.06624146,0.1488353,0.1639699,-1.427643E-05,-0.08405884,0.1238342,0.1496689,-0.01346327,-0.07199997,0.1315269,0.1505476,0.1781091,0.5554364,-0.2969877,0.7560198,81.77089,0.2721097,0.848579,-0.4537288,4.525836,-0.00104162,-0.05777068,0.1256986,0.1383426,0.7649818,0.1869182,0.140393,0.6001289,106.2418,0.9563426,0.2336759,0.1755124,0.4420038,True,True,False,-0.1050123,0.5956736,0.1274648,0.6181439,-0.1091205,-0.2178719,-0.3103266,-0.91887,313.5229,-0.2765623,-0.5521887,-0.786512,0.01056533,0.5876223,0.1863124,0.6165419,0.005968757,0.5419319,0.2102675,0.5813246,-0.0422913,0.558391,0.1661754,0.5841261,0.0612234,-0.04975638,0.1128097,0.1376591,0.01940694,-0.07661744,0.1360548,0.157346,0.009294164,-0.05191257,0.06982147,0.08750048,0.06128521,-0.04957344,0.1128621,0.1376635,0.01945616,-0.07669763,0.135867,0.1572288,0.009289879,-0.05196305,0.0697249,0.08745297,0.02674074,-0.05889635,0.1019153,0.1207086,-0.8704683,-0.2476637,0.4140545,0.09750181,168.8093,-0.8746356,-0.2488494,0.4160368,17.47927,0,0,0,0,0,0,0,0,0,1,0,0,0.3660945,False,True,False,-0.0227933,0.9803432,0.2934581,1.023577,0.455694,-0.7294021,-0.1465863,0.4887004,121.4896,0.5223144,-0.8360372,-0.1680165,0.0727933,0.01965678,0.006541908,0.07568388,-0.05496119,0.1839654,0.9670522,0.1671711,160.7532,-0.05574565,0.1865911,0.9808548,-0.02885506,1.102107,-0.03208507,1.102951,0.02399668,-0.0274404,0.05860034,0.9976158,7.914608,0.3477112,-0.3976106,0.8491172,False
1773055710166,0.9057942,0.06145382,0.8886411,0.2254174,0.9188431,-0.02270266,-0.3502839,-0.8018129,0.4836134,122.1567,-0.02593755,-0.4001956,-0.9160627,-0.01041819,0.9856344,0.265641,1.020857,-0.02119561,1.001897,0.29055,1.043392,-0.03645441,0.9792832,0.2696449,1.016382,-0.02161916,-0.06673126,0.1151078,0.1347971,-0.01874058,-0.06646591,0.1485009,0.1637725,-0.000265336,-0.08434106,0.1227176,0.1489063,-0.02100334,-0.06699995,0.1148629,0.134624,-0.01864032,-0.06629591,0.1487542,0.163922,-7.516949E-05,-0.08412732,0.1235606,0.1494812,-0.01349354,-0.07206919,0.1314163,0.1504869,0.1801895,0.560753,-0.2959538,0.7519968,82.47271,0.2733596,0.8506998,-0.4489816,4.531801,-0.001070198,-0.057836,0.1255943,0.1382754,0.7664654,0.187828,0.1388359,0.5983112,106.5019,0.9565704,0.2344146,0.1732711,0.419732,True,True,False,-0.1049477,0.5956493,0.1275215,0.6181212,-0.1092228,-0.2175595,-0.3097368,-0.9191307,313.5987,-0.2772485,-0.5522479,-0.7862286,0.01060361,0.5874107,0.1863964,0.6163663,0.005938895,0.5417708,0.2104658,0.5812458,-0.04228547,0.5582953,0.1663105,0.5840727,0.06122702,-0.04979634,0.112791,0.1376598,0.01940276,-0.07658,0.1361475,0.1574075,0.009295708,-0.0518873,0.06987246,0.08752636,0.06127113,-0.04962739,0.1128449,0.1376626,0.01944323,-0.07666917,0.1359349,0.157272,0.009291288,-0.05194472,0.06976061,0.0874707,0.02672142,-0.05890337,0.1019547,0.120741,-0.8706371,-0.2467374,0.4142092,0.0976862,168.7881,-0.8748211,-0.2479232,0.4161998,17.4726,0,0,0,0,0,0,0,0,0,1,0,0,0.3675092,False,True,False,-0.02214162,0.9799117,0.291372,1.022553,0.4575435,-0.7297528,-0.1467475,0.4863948,121.7922,0.5236614,-0.8352067,-0.1679535,0.07214162,0.02008826,0.008628011,0.07538165,-0.05742402,0.1823109,0.9671777,0.167429,160.7233,-0.05824622,0.1849212,0.9810258,-0.02817166,1.101943,-0.03227541,1.102776,0.02471608,-0.02712967,0.0575679,0.9976668,7.829333,0.3620299,-0.3973831,0.8432285,False
1773055710175,0.9165531,0.06146528,0.8880541,0.2224149,0.9175438,-0.02295673,-0.3478673,-0.8037567,0.4821169,122.3525,-0.02620311,-0.3970603,-0.9174185,-0.009814866,0.9852827,0.2632325,1.019887,-0.02057327,1.001369,0.2882063,1.042221,-0.03593919,0.9789082,0.2671773,1.01535,-0.02175255,-0.0666943,0.1151485,0.134835,-0.01875001,-0.06649517,0.1484824,0.1637687,-0.0002905259,-0.08436097,0.1226475,0.1488599,-0.02113084,-0.06694775,0.1149115,0.1346594,-0.01865889,-0.06632962,0.1487083,0.1638961,-0.0001116016,-0.08416687,0.1234044,0.1493744,-0.01351383,-0.07211103,0.1313487,0.1504496,0.1812945,0.5638859,-0.2953127,0.7496368,82.88214,0.273921,0.8519853,-0.4461933,4.536381,-0.001089343,-0.05787552,0.1255304,0.138234,0.7672934,0.1883917,0.1379477,0.5972774,106.6497,0.9566831,0.2348921,0.1719971,0.4110878,True,True,False,-0.1048834,0.5956224,0.1275782,0.6180961,-0.1093639,-0.2171748,-0.3090314,-0.9194424,313.6894,-0.2781205,-0.552292,-0.78589,0.01063372,0.587163,0.1864908,0.6161593,0.005887225,0.5415742,0.2106789,0.5811393,-0.0422942,0.5581794,0.1664542,0.5840035,0.06123303,-0.04983596,0.1127714,0.1376608,0.01939986,-0.07653989,0.136247,0.1574737,0.009297349,-0.05185932,0.06992721,0.08755367,0.0612647,-0.0496626,0.1128325,0.1376623,0.01943591,-0.07664736,0.1359876,0.157306,0.00929231,-0.05193031,0.06978872,0.08748469,0.02670974,-0.05890671,0.1019863,0.1207668,-0.870743,-0.2460729,0.4143523,0.09781091,168.7737,-0.8749383,-0.2472585,0.4163487,17.46932,0,0,0,0,0,0,0,0,0,1,0,0,0.3704795,False,True,False,-0.02173077,0.9793509,0.2884423,1.021176,0.4590606,-0.7301525,-0.1483745,0.4838656,122.1237,0.5245553,-0.8343242,-0.1695432,0.07173078,0.02064908,0.0115577,0.07553323,-0.05935503,0.1796533,0.9676762,0.1667472,160.8025,-0.06019782,0.1822042,0.9814163,-0.0275552,1.101865,-0.03246114,1.102688,0.02542752,-0.02680748,0.05672311,0.9977061,7.763224,0.3756176,-0.3960025,0.837919,False
1773055710190,0.9306054,0.06149969,0.8876758,0.2194495,0.9164653,-0.02314395,-0.3436499,-0.8074423,0.4789636,122.7645,-0.02636481,-0.3914744,-0.9198112,-0.008755915,0.9852449,0.2612979,1.019343,-0.01939327,1.001143,0.2864484,1.041497,-0.0349836,0.9789793,0.2651737,1.01486,-0.0218528,-0.06665487,0.1151842,0.1348622,-0.01875858,-0.06649172,0.1485142,0.1637972,-0.0003126336,-0.0843753,0.1225932,0.1488233,-0.02128338,-0.06688571,0.114969,0.1347017,-0.01867985,-0.06636366,0.1486676,0.1638753,-0.0001538315,-0.08421067,0.1232322,0.1492569,-0.01353976,-0.07215545,0.1312768,0.1504105,0.1824531,0.5674312,-0.2946078,0.7469531,83.34573,0.2744164,0.8534383,-0.4431015,4.543898,-0.001113859,-0.05791746,0.1254626,0.1381902,0.7681851,0.1890363,0.1369577,0.5961544,106.8101,0.9567987,0.2354506,0.1705851,0.3999777,True,True,False,-0.1047564,0.5956005,0.1276741,0.6180732,-0.1095603,-0.2170226,-0.308523,-0.9196256,313.7428,-0.2789242,-0.5525072,-0.7854534,0.01076411,0.5869794,0.1865612,0.616008,0.005964056,0.5414298,0.2108751,0.5810766,-0.04220632,0.5581017,0.1666074,0.5839665,0.06125229,-0.04987393,0.1127468,0.137663,0.01939853,-0.07649954,0.1363474,0.1575408,0.009300763,-0.05182396,0.06998302,0.08757769,0.0612621,-0.04970691,0.1128145,0.1376624,0.01942807,-0.07661638,0.136063,0.1573552,0.009294081,-0.05190802,0.06982946,0.08750415,0.02669739,-0.05890898,0.1020328,0.1208044,-0.8708673,-0.2451601,0.414591,0.09798422,168.7538,-0.8750783,-0.2463455,0.4165958,17.46715,0,0,0,0,0,0,0,0,0,1,0,0,0.3720879,False,True,False,-0.02120496,0.97882,0.2859432,1.019952,0.459647,-0.7304966,-0.1509674,0.4819836,122.3699,0.5246033,-0.8337288,-0.1723018,0.07120496,0.02118003,0.0140568,0.07560644,-0.06004942,0.176907,0.9683928,0.1652675,160.9745,-0.06088668,0.1793736,0.9818951,-0.02699552,1.101786,-0.03270171,1.102602,0.02624453,-0.0266809,0.05591259,0.997734,7.715759,0.3900683,-0.3965539,0.8310198,False
1773055710204,0.9444427,0.06155558,0.8872916,0.216782,0.9154616,-0.02332351,-0.3392653,-0.8112279,0.4756726,123.1937,-0.02651536,-0.3856943,-0.9222456,-0.007625118,0.9852119,0.2596892,1.018891,-0.01814757,1.000896,0.2850455,1.040853,-0.03397206,0.9790462,0.2635135,1.014458,-0.02198115,-0.06661931,0.1152218,0.1348976,-0.01876459,-0.06648046,0.1485609,0.1638356,-0.0003327444,-0.08438887,0.1225481,0.148794,-0.02142901,-0.06682999,0.1150217,0.1347421,-0.01869744,-0.06638788,0.1486455,0.1638671,-0.0001909568,-0.08424766,0.1230888,0.1491595,-0.01356633,-0.07219081,0.1312197,0.1503801,0.1832757,0.5705349,-0.2940167,0.7446168,83.7476,0.2745735,0.854744,-0.4404796,4.553506,-0.001138951,-0.05795085,0.1254087,0.1381555,0.7689124,0.1896428,0.1360947,0.595221,106.9432,0.9568796,0.2360026,0.1693643,0.3951428,True,True,False,-0.1046257,0.5955768,0.1277726,0.6180485,-0.1097644,-0.2168853,-0.3080475,-0.9197931,313.7917,-0.2797231,-0.5527094,-0.7850269,0.01090277,0.586804,0.1866274,0.6158633,0.006053761,0.5412918,0.2110755,0.5810218,-0.04210345,0.5580222,0.1667731,0.5839304,0.06127632,-0.04991153,0.1127204,0.1376657,0.0193987,-0.07645633,0.136455,0.157613,0.009303135,-0.05179091,0.07005471,0.08761569,0.06126504,-0.0497493,0.1127951,0.1376631,0.01942199,-0.07658324,0.1361442,0.1574086,0.009295953,-0.05188379,0.06987611,0.08752722,0.0266883,-0.0589097,0.1020855,0.1208473,-0.8709697,-0.244213,0.414893,0.0981617,168.7334,-0.8751965,-0.2453982,0.4169064,17.46648,0,0,0,0,0,0,0,0,0,1,0,0,0.3738586,False,True,False,-0.02022953,0.9785919,0.2838788,1.019136,0.4597056,-0.7314221,-0.1561508,0.4788627,122.7777,0.5236483,-0.8331593,-0.1778706,0.07022953,0.02140808,0.01612121,0.07516905,-0.06064077,0.1722152,0.9698115,0.161649,161.3947,-0.06144893,0.1745103,0.9827362,-0.02651831,1.101639,-0.03299106,1.102452,0.02666863,-0.02688415,0.05526467,0.9977534,7.682695,0.398076,-0.4012931,0.824922,False
1773055710217,0.9583564,0.06181133,0.8872184,0.2145551,0.9148831,-0.02159441,-0.3345467,-0.8151209,0.47243,123.6157,-0.02450101,-0.3795765,-0.924836,-0.006523766,0.9852952,0.2585588,1.018677,-0.01702649,1.000701,0.2842018,1.040415,-0.03298686,0.9791481,0.2622012,1.014184,-0.02213262,-0.06659023,0.1152568,0.1349379,-0.0187736,-0.06644069,0.1486747,0.1639237,-0.0003619675,-0.08441303,0.1224381,0.1487172,-0.02157651,-0.06677967,0.1150709,0.1347827,-0.01871332,-0.06639887,0.1486516,0.1638789,-0.0002265946,-0.08428214,0.1229519,0.1490661,-0.01359646,-0.07221746,0.1311808,0.1503617,0.1838305,0.5735458,-0.2935185,0.7423601,84.1343,0.2743734,0.856037,-0.4380867,4.567646,-0.001167378,-0.05797599,0.125372,0.138133,0.7695592,0.190286,0.1352385,0.5943743,107.0639,0.9569386,0.2366186,0.1681677,0.394504,True,True,False,-0.1045494,0.595449,0.1278766,0.6179341,-0.1099147,-0.2166561,-0.3075643,-0.9199909,313.8495,-0.2804379,-0.552779,-0.7847234,0.01098549,0.5865459,0.1867101,0.6156439,0.006068848,0.5410457,0.2112935,0.5808719,-0.0420479,0.5578153,0.1669675,0.5837843,0.06132821,-0.04994247,0.1126849,0.1376709,0.01940011,-0.07642238,0.1365492,0.1576782,0.009300124,-0.05178391,0.07014368,0.08768239,0.06127817,-0.0497895,0.1127722,0.1376647,0.01941744,-0.07654979,0.1362285,0.1574647,0.00929682,-0.05186303,0.06993178,0.08755946,0.02668588,-0.0589112,0.1021456,0.1208983,-0.8710213,-0.2432436,0.4153164,0.0983201,168.7151,-0.8752621,-0.2444279,0.4173385,17.4679,0,0,0,0,0,0,0,0,0,1,0,0,0.3744454,False,True,False,-0.01919431,0.9783516,0.2821614,1.018408,0.4595391,-0.7323188,-0.1616811,0.475807,123.1762,0.522471,-0.8326065,-0.1838226,0.06919432,0.02164841,0.0178386,0.07466406,-0.06094794,0.167377,0.9712781,0.1577632,161.8458,-0.06172087,0.1694997,0.9835957,-0.02608944,1.101553,-0.03319253,1.102361,0.02712401,-0.02695835,0.05483164,0.997763,7.666162,0.4057446,-0.4032665,0.8202195,False
1773055710232,0.9724448,0.06204543,0.8870944,0.2124413,0.9142852,-0.01993647,-0.3300816,-0.8187544,0.4693506,124.0157,-0.0225778,-0.3738132,-0.927229,-0.005483031,0.9853172,0.2574748,1.018417,-0.01597862,1.000463,0.2834647,1.039968,-0.03206641,0.9791688,0.2609412,1.013849,-0.02230054,-0.06656423,0.1152917,0.1349826,-0.01878032,-0.06636914,0.1488578,0.1640616,-0.000391088,-0.08443806,0.1223247,0.1486381,-0.02172978,-0.06673402,0.1151175,0.1348246,-0.01872742,-0.06639262,0.1486949,0.1639173,-0.0002612114,-0.08431496,0.1228187,0.1489749,-0.01363161,-0.07223339,0.1311655,0.1503592,0.1840879,0.5765415,-0.2931325,0.7401251,84.51588,0.2737491,0.8573498,-0.4359046,4.588136,-0.001200518,-0.05799103,0.1253576,0.1381264,0.7701349,0.1909935,0.1343535,0.5936021,107.1739,0.9569759,0.23733,0.1669487,0.3948436,True,True,False,-0.1044739,0.5953125,0.1279832,0.6178119,-0.1100799,-0.2164124,-0.3070644,-0.9201955,313.9094,-0.281204,-0.552835,-0.7844095,0.01106899,0.5862777,0.1867929,0.615415,0.006080784,0.5407844,0.2115158,0.5807096,-0.04198267,0.5575851,0.1671802,0.5836205,0.06138735,-0.0499719,0.1126467,0.1376767,0.01940273,-0.07638805,0.1366455,0.1577454,0.009294464,-0.05178722,0.0702546,0.0877725,0.06130109,-0.04982783,0.1127458,0.1376672,0.01941435,-0.07651582,0.1363162,0.1575236,0.009296325,-0.05184712,0.06999963,0.08760419,0.02669033,-0.0589141,0.1022151,0.1209594,-0.8710144,-0.2422501,0.4158793,0.09845469,168.6996,-0.8752668,-0.2434328,0.4179097,17.47058,0,0,0,0,0,0,0,0,0,1,0,0,0.374972,False,True,False,-0.01824927,0.9781547,0.2808997,1.017853,0.4605901,-0.7333124,-0.1672518,0.4713137,123.7608,0.5222313,-0.8314523,-0.1896353,0.06824927,0.02184528,0.01910031,0.07416199,-0.06279027,0.1614784,0.9727372,0.154158,162.2641,-0.06354992,0.163432,0.9845057,-0.02565336,1.101556,-0.03336992,1.102359,0.02761768,-0.02721693,0.05436873,0.9977678,7.657983,0.4135709,-0.4075696,0.814164,False
1773055710245,0.9859862,0.0622689,0.8869327,0.2103663,0.9136635,-0.01836759,-0.3259027,-0.8221108,0.466459,124.3906,-0.02076506,-0.368442,-0.9294189,-0.004497513,0.9852909,0.2563566,1.018105,-0.01499724,1.000192,0.2827276,1.039492,-0.03120345,0.9791237,0.2596528,1.013448,-0.02248038,-0.06654074,0.1153258,0.1350299,-0.01878547,-0.06627645,0.1490837,0.1642298,-0.0004201729,-0.08446393,0.1222079,0.1485568,-0.02188379,-0.06669436,0.1151602,0.1348662,-0.01873926,-0.06636895,0.1487741,0.1639809,-0.0002936279,-0.08434535,0.122693,0.1488885,-0.01367043,-0.07223806,0.1311743,0.1503726,0.1840468,0.5794315,-0.2928727,0.737978,84.88109,0.2727327,0.85864,-0.4339981,4.614426,-0.001237166,-0.05799542,0.1253659,0.1381361,0.7706226,0.1917418,0.1334659,0.5929276,107.2699,0.9569908,0.2381129,0.1657434,0.3962831,True,True,False,-0.1043992,0.5951676,0.128092,0.6176822,-0.1102607,-0.2161534,-0.3065458,-0.9204075,313.9715,-0.2820252,-0.552878,-0.7840841,0.01115315,0.5859988,0.1868763,0.6151762,0.006089255,0.5405076,0.2117425,0.5805346,-0.04191219,0.5573351,0.1674064,0.5834415,0.06145338,-0.04999995,0.1126062,0.1376833,0.01940651,-0.07635338,0.1367442,0.1578145,0.009286931,-0.0517973,0.07038075,0.08787865,0.06133207,-0.04986288,0.1127174,0.1376704,0.01941276,-0.07648275,0.1364035,0.1575829,0.009294415,-0.05183699,0.07007727,0.08766004,0.02670117,-0.05891842,0.1022911,0.1210281,-0.8709491,-0.2412769,0.4165564,0.09855925,168.6876,-0.8752103,-0.2424573,0.4185944,17.47402,0,0,0,0,0,0,0,0,0,1,0,0,0.3757062,False,True,False,-0.0173664,0.9779091,0.2797121,1.017274,0.4616579,-0.7341668,-0.1725558,0.467007,124.3196,0.5220877,-0.8302673,-0.1951429,0.06736641,0.02209085,0.02028787,0.07374168,-0.06455363,0.1557885,0.974075,0.1508,162.6534,-0.0653004,0.1575907,0.9853432,-0.02520364,1.101434,-0.03370815,1.102238,0.02777769,-0.02750348,0.0539557,0.9977779,7.640576,0.4169126,-0.412797,0.8098158,False
1773055710259,0.9999514,0.0623637,0.8873098,0.2096821,0.9138788,-0.01448146,-0.3197244,-0.8270561,0.4621094,124.9534,-0.01632959,-0.3605278,-0.9326056,-0.003583133,0.9855793,0.257078,1.018562,-0.01409584,1.000095,0.2837181,1.039656,-0.0303591,0.9794208,0.2598117,1.01375,-0.0225756,-0.06652351,0.1153417,0.1350509,-0.01879672,-0.06625801,0.1491439,0.1642782,-0.0004852767,-0.08457135,0.1218091,0.1482903,-0.02202924,-0.06665845,0.1151982,0.1349047,-0.01875127,-0.06634579,0.1488513,0.1640429,-0.0003336761,-0.08439258,0.1225066,0.1487618,-0.01370507,-0.07225158,0.1311772,0.1503847,0.1844564,0.5829151,-0.2926327,0.7352224,85.34798,0.2721294,0.8599775,-0.4317224,4.641651,-0.001269855,-0.05800821,0.1253686,0.1381443,0.7713249,0.1925224,0.1323199,0.5920176,107.3994,0.9570675,0.2388837,0.1641839,0.4048812,True,True,False,-0.104302,0.5950414,0.1281341,0.6175528,-0.1102751,-0.2160223,-0.3063417,-0.9205046,313.9999,-0.282227,-0.5528659,-0.7840203,0.01127445,0.5858144,0.1868774,0.6150031,0.006166734,0.5403488,0.211898,0.5804443,-0.04180515,0.557179,0.167555,0.5833274,0.06150636,-0.05005024,0.1125641,0.1376907,0.01940736,-0.07631999,0.1368373,0.1578792,0.009282278,-0.05178514,0.070485,0.08795451,0.06136839,-0.04990199,0.1126854,0.1376746,0.01941163,-0.0764488,0.1364941,0.1576448,0.009291885,-0.05182618,0.07016241,0.08772147,0.02671499,-0.05892364,0.1023726,0.1211026,-0.8708616,-0.2402307,0.417312,0.09869187,168.6723,-0.875134,-0.2414093,0.4193593,17.47779,0,0,0,0,0,0,0,0,0,1,0,0,0.3758512,False,True,False,-0.01653793,0.977631,0.2785197,1.016666,0.4627092,-0.7348825,-0.1775696,0.4629437,124.8456,0.5220167,-0.8290758,-0.2003296,0.06653793,0.02236903,0.02148026,0.07341029,-0.06619383,0.1503609,0.9752927,0.147696,163.0131,-0.06692784,0.1520283,0.9861076,-0.02482884,1.10139,-0.03405174,1.102196,0.02794313,-0.02791321,0.05365679,0.9977781,7.640371,0.4194069,-0.4189578,0.805351,False
1773055710273,1.013934,0.06245634,0.8875887,0.2089579,0.9139901,-0.0107635,-0.3137489,-0.8317388,0.4578826,125.4989,-0.01210725,-0.3529184,-0.9355758,-0.002702668,0.9857475,0.2577056,1.018881,-0.01323,0.9998974,0.284635,1.039705,-0.02953807,0.9795945,0.2598575,1.013905,-0.02267172,-0.0665094,0.115355,0.1350714,-0.0188071,-0.06622445,0.1492354,0.1643489,-0.0005538887,-0.08468543,0.1213781,0.148002,-0.02216444,-0.06662712,0.1152311,0.1349394,-0.01876294,-0.06632043,0.1489316,0.1641069,-0.0003797383,-0.08445386,0.1222684,0.1486006,-0.01373556,-0.07227114,0.1311781,0.1503977,0.1852301,0.5868748,-0.2924226,0.7319542,85.89906,0.2718559,0.8613362,-0.4291788,4.670287,-0.001298652,-0.05802665,0.1253694,0.1381531,0.7722383,0.1933572,0.1308978,0.5908698,107.5625,0.957201,0.2396692,0.1622499,0.4242533,True,True,False,-0.104204,0.5949093,0.128174,0.6174173,-0.1102848,-0.2158878,-0.306144,-0.9206007,314.0281,-0.2824155,-0.552842,-0.7839688,0.01139845,0.5856268,0.1868738,0.6148256,0.006245568,0.5401863,0.2120534,0.5803506,-0.04169354,0.5570157,0.1677087,0.5832075,0.06156306,-0.05010235,0.1125196,0.1376987,0.01940877,-0.07628641,0.1369315,0.1579448,0.00927667,-0.05177473,0.07059725,0.08803779,0.061409,-0.04994385,0.1126508,0.1376796,0.01941103,-0.07641488,0.1365856,0.1577075,0.009288711,-0.05181545,0.07025333,0.08778753,0.02673152,-0.05892973,0.1024577,0.1211811,-0.8707511,-0.2391435,0.4181298,0.09884585,168.6546,-0.8750363,-0.2403204,0.4201875,17.48163,0,0,0,0,0,0,0,0,0,1,0,0,0.3760194,False,True,False,-0.01582954,0.9776229,0.2790593,1.016795,0.464784,-0.7363287,-0.1846621,0.4557368,125.7753,0.522162,-0.8272291,-0.2074587,0.06582955,0.02237713,0.02094072,0.0726139,-0.06997605,0.142027,0.9769763,0.1430008,163.557,-0.07070269,0.1435018,0.9871213,-0.02455822,1.101339,-0.03435541,1.102148,0.02792016,-0.02810623,0.05304609,0.9978059,7.592345,0.4217092,-0.4245197,0.801214,False
1773055710288,1.028048,0.06252274,0.8879084,0.2085797,0.9142188,-0.002951413,-0.3098817,-0.8382547,0.4486577,126.6848,-0.003302452,-0.3467388,-0.937956,-0.001708128,0.9863479,0.2580437,1.019545,-0.01247953,1.000154,0.2850805,1.040065,-0.02867708,0.9804385,0.2593585,1.014568,-0.02276976,-0.0664929,0.1153716,0.1350939,-0.01882172,-0.0662214,0.1492655,0.1643768,-0.000610926,-0.08477709,0.1210309,0.1477701,-0.02229275,-0.0665987,0.1152608,0.1349719,-0.01877533,-0.06629959,0.1490019,0.1641637,-0.0004284547,-0.08452199,0.1220051,0.148423,-0.01376249,-0.07229743,0.1311696,0.1504054,0.1862154,0.5910182,-0.2921735,0.7284614,86.48487,0.2718129,0.862691,-0.4264766,4.697904,-0.001324073,-0.05805148,0.1253614,0.1381564,0.7732585,0.1942009,0.1293695,0.5895941,107.7436,0.9573587,0.240437,0.1601703,0.4336379,True,True,False,-0.1041403,0.5948209,0.1281935,0.6173254,-0.1103939,-0.2157989,-0.3059636,-0.9206684,314.048,-0.2828108,-0.5528407,-0.7838275,0.01149584,0.5854632,0.1868307,0.6146584,0.006295025,0.5400488,0.2121481,0.5802578,-0.04166048,0.556945,0.167791,0.5831614,0.06161097,-0.05016331,0.1124754,0.1377062,0.01940429,-0.0762582,0.1370087,0.1579975,0.009279886,-0.0517031,0.0706477,0.08803649,0.06145146,-0.04999005,0.1126139,0.1376851,0.01940962,-0.07638191,0.1366748,0.1577686,0.009286857,-0.05179184,0.07033641,0.08783992,0.026747,-0.05893223,0.1025372,0.121253,-0.8706662,-0.2380057,0.4188937,0.09910448,168.6248,-0.8749737,-0.2391832,0.4209661,17.48748,0,0,0,0,0,0,0,0,0,1,0,0,0.3751752,False,True,False,-0.0151558,0.9775081,0.2795066,1.016797,0.4669881,-0.7377414,-0.1913058,0.4483993,126.7179,0.5224555,-0.8253679,-0.2140284,0.0651558,0.02249187,0.02049339,0.07191066,-0.07406896,0.1339023,0.9784628,0.1385446,164.0727,-0.07479022,0.1352062,0.9879908,-0.02423377,1.101309,-0.03456933,1.102118,0.02783492,-0.02838561,0.05258434,0.9978248,7.559467,0.4222458,-0.4305995,0.7976857,False
1773055710302,1.04161,0.06259766,0.8882085,0.2081062,0.9144074,0.004232794,-0.306072,-0.8441763,0.4400778,127.7823,0.004713791,-0.3408527,-0.9401049,-0.0007622316,0.9868738,0.258293,1.020116,-0.01176368,1.000354,0.2854311,1.040344,-0.02783666,0.9811966,0.2588205,1.01514,-0.02286865,-0.06647853,0.1153867,0.1351165,-0.01883662,-0.06621762,0.149297,0.1644056,-0.0006669964,-0.08486598,0.1206869,0.1475398,-0.02241102,-0.06657406,0.1152866,0.1350013,-0.01878783,-0.06628287,0.1490622,0.1642131,-0.0004771595,-0.08459226,0.1217333,0.1482399,-0.01378568,-0.07232783,0.1311537,0.1504083,0.1873053,0.595131,-0.2918941,0.724937,87.07278,0.2719238,0.8639924,-0.4237626,4.723755,-0.001345976,-0.05808017,0.1253464,0.1381551,0.774321,0.1950264,0.1278166,0.5882644,107.9321,0.9575254,0.2411696,0.158058,0.442168,True,True,False,-0.1040783,0.5947307,0.1282098,0.6172314,-0.1105128,-0.2157134,-0.3057906,-0.9207317,314.0666,-0.2832236,-0.5528331,-0.7836841,0.01159403,0.5852973,0.1867799,0.6144868,0.006343804,0.5399089,0.2122356,0.5801601,-0.0416439,0.5568957,0.1678746,0.5831371,0.06166064,-0.05022688,0.1124294,0.137714,0.01939952,-0.07623044,0.1370841,0.158049,0.009283872,-0.05160156,0.07069406,0.08801455,0.06149407,-0.05003836,0.1125763,0.1376909,0.01940756,-0.07635103,0.1367584,0.1578258,0.009286249,-0.05175309,0.07040942,0.0878755,0.02676064,-0.05892968,0.1026087,0.1213152,-0.8706083,-0.2368606,0.4195734,0.09948102,168.5814,-0.8749485,-0.2380414,0.4216651,17.49509,0,0,0,0,0,0,0,0,0,1,0,0,0.3746082,False,True,False,-0.01469542,0.9778933,0.279483,1.017154,0.4678888,-0.7433803,-0.1971418,0.435432,128.3744,0.5197484,-0.8257748,-0.2189925,0.06469542,0.02210671,0.02051702,0.07138033,-0.08379247,0.1262544,0.9799172,0.1296189,165.1049,-0.08450536,0.1273286,0.9882542,-0.02394876,1.101422,-0.03477358,1.102231,0.0277749,-0.02878034,0.0523977,0.997825,7.559156,0.4213527,-0.4366054,0.7948871,False
1773055710316,1.055567,0.06268902,0.8885235,0.2074894,0.9145795,0.01063132,-0.3024793,-0.8493882,0.4323574,128.7655,0.01179028,-0.3354536,-0.9419829,0.0001202077,0.9873657,0.2583697,1.020611,-0.01109397,1.000544,0.2856016,1.040567,-0.02703281,0.981894,0.2581634,1.015625,-0.02296847,-0.06646625,0.1154002,0.1351389,-0.01885171,-0.06621309,0.1493299,0.1644354,-0.0007230708,-0.08495393,0.1203396,0.1473069,-0.02252812,-0.06655145,0.1153103,0.13503,-0.01880117,-0.06626831,0.1491181,0.1642595,-0.0005285257,-0.08466785,0.1214392,0.1480419,-0.01380723,-0.07236315,0.1311306,0.1504072,0.188524,0.5994449,-0.2915666,0.721189,87.69454,0.2721432,0.8653264,-0.4208899,4.74976,-0.001366321,-0.05811352,0.1253246,0.1381496,0.775469,0.1958846,0.126165,0.5868215,108.1365,0.9577045,0.2419176,0.1558138,0.4487007,True,True,False,-0.1040178,0.5946387,0.1282231,0.6171353,-0.1106409,-0.2156312,-0.3056247,-0.9207906,314.0839,-0.2836529,-0.5528193,-0.7835379,0.01169325,0.585129,0.1867218,0.6143108,0.006392092,0.5397663,0.2123164,0.5800575,-0.0416286,0.5568499,0.1679649,0.5831183,0.061712,-0.05029314,0.1123818,0.1377223,0.0193943,-0.07620343,0.137158,0.1580994,0.009286832,-0.05149115,0.07075016,0.08799528,0.0615395,-0.05009153,0.1125358,0.1376974,0.0194048,-0.07632025,0.1368419,0.157883,0.00928637,-0.0516985,0.0704806,0.08790044,0.02677389,-0.05892251,0.1026788,0.121374,-0.870562,-0.2356406,0.4202346,0.09999151,168.5226,-0.874947,-0.2368275,0.4223513,17.50419,0,0,0,0,0,0,0,0,0,1,0,0,0.3741033,False,True,False,-0.01424415,0.9782204,0.2793804,1.017434,0.468767,-0.7484288,-0.2025261,0.4231963,129.9269,0.5173811,-0.8260458,-0.2235293,0.06424415,0.0217796,0.0206196,0.07090014,-0.09291717,0.1190116,0.9810559,0.121376,166.057,-0.09360924,0.119898,0.9883631,-0.02372832,1.101553,-0.03493721,1.102362,0.02748228,-0.02908578,0.05187765,0.9978514,7.513115,0.4194645,-0.4439389,0.7918132,False
1773055710329,1.069515,0.06273015,0.8890149,0.2067564,0.9148939,0.0144566,-0.2997204,-0.8525612,0.4278996,129.3313,0.01599489,-0.3316129,-0.94328,0.0006308332,0.9878851,0.2582026,1.021071,-0.01068647,1.000859,0.2855017,1.040838,-0.02656098,0.9825671,0.2576607,1.016136,-0.02302394,-0.06646711,0.1154126,0.1351593,-0.01887245,-0.06621505,0.1493489,0.1644558,-0.000752653,-0.08497676,0.1202312,0.1472317,-0.02263219,-0.06653379,0.1153317,0.1350569,-0.01881604,-0.06625721,0.1491662,0.1643004,-0.0005753168,-0.08473238,0.1211844,0.1478701,-0.01382822,-0.07239501,0.1311094,0.1504059,0.1895472,0.60317,-0.2912315,0.717943,88.23019,0.272298,0.8664967,-0.4183747,4.772165,-0.001386143,-0.0581436,0.1253045,0.1381442,0.7764198,0.1966162,0.1248021,0.5856099,108.3078,0.9578415,0.2425585,0.1539639,0.4311626,True,True,False,-0.1039843,0.5945578,0.1282291,0.617053,-0.1105864,-0.2155545,-0.3055063,-0.9208544,314.1026,-0.2836228,-0.5528364,-0.7835374,0.01175243,0.5850129,0.1866884,0.6141911,0.006408721,0.5396738,0.212409,0.5800056,-0.04160101,0.5567938,0.1680838,0.583097,0.06175409,-0.05034679,0.1123447,0.1377305,0.0193861,-0.07618316,0.13722,0.1581424,0.009284073,-0.05143246,0.07084374,0.08803595,0.06158421,-0.05014478,0.1124959,0.1377042,0.0194009,-0.07629167,0.1369209,0.1579371,0.009285892,-0.05164308,0.07055642,0.08792863,0.02678788,-0.0589154,0.1027502,0.121434,-0.8704944,-0.2344515,0.4209107,0.1005301,168.4606,-0.8749267,-0.2356453,0.4230539,17.51177,0,0,0,0,0,0,0,0,0,1,0,0,0.3751622,False,True,False,-0.01380826,0.9785339,0.2791246,1.017659,0.4697383,-0.7528247,-0.207245,0.4118865,131.3532,0.5154962,-0.8261585,-0.2274331,0.06380826,0.02146614,0.02087539,0.07048455,-0.1014064,0.1123363,0.9818767,0.1140857,166.8982,-0.1020728,0.1130746,0.9883295,-0.02344826,1.101706,-0.0350756,1.102514,0.02715051,-0.0294047,0.05128326,0.9978819,7.459653,0.4173668,-0.4520189,0.7883435,False
1773055710343,1.083295,0.06278345,0.889529,0.2058744,0.9151983,0.01806405,-0.2970931,-0.8555316,0.423645,129.8701,0.01994203,-0.3279794,-0.9444743,0.001126908,0.9884193,0.2578585,1.021501,-0.01028516,1.001203,0.2852202,1.041088,-0.02609391,0.9832512,0.2569958,1.016617,-0.0230746,-0.06647138,0.1154234,0.1351793,-0.0188942,-0.06621744,0.1493673,0.1644759,-0.0007822549,-0.08500035,0.1201222,0.1471564,-0.02272415,-0.06652085,0.1153507,0.1350822,-0.01883219,-0.066249,0.1492078,0.1643367,-0.0006181048,-0.08478782,0.1209625,0.1477203,-0.01384858,-0.07242393,0.1310901,0.1504049,0.1904131,0.6063985,-0.2908972,0.7151242,88.69324,0.2724088,0.8675261,-0.4161634,4.791374,-0.001405343,-0.05817088,0.1252864,0.1381394,0.7772129,0.1972417,0.1236712,0.5845866,108.4524,0.9579474,0.2431086,0.1524299,0.4188684,True,True,False,-0.1039538,0.594476,0.1282323,0.6169697,-0.1105176,-0.2154811,-0.3053994,-0.9209154,314.1205,-0.2835511,-0.5528521,-0.7835525,0.01180922,0.5849003,0.1866525,0.6140741,0.006422818,0.5395844,0.2124979,0.5799552,-0.04157793,0.5567445,0.1682051,0.5830833,0.06179636,-0.05040105,0.1123076,0.1377391,0.01937718,-0.07616436,0.1372793,0.1581837,0.009281035,-0.05136685,0.07093958,0.08807448,0.061628,-0.05019774,0.1124571,0.1377113,0.01939601,-0.07626538,0.136995,0.1579881,0.009284891,-0.05158607,0.07063567,0.08795868,0.02680233,-0.05890793,0.1028221,0.1214945,-0.8704084,-0.2332985,0.4215922,0.1010999,168.395,-0.874891,-0.2345,0.4237635,17.51804,0,0,0,0,0,0,0,0,0,1,0,0,0.3763889,False,True,False,-0.01354028,0.9789314,0.2787402,1.017932,0.4709173,-0.7551368,-0.2103143,0.4046892,132.2567,0.5149708,-0.8257785,-0.2299888,0.06354028,0.02106857,0.02125984,0.07023697,-0.1068006,0.1076276,0.9822959,0.1100221,167.3668,-0.1074529,0.108285,0.9882957,-0.02324151,1.101838,-0.03522819,1.102646,0.02665277,-0.02966632,0.0509795,0.9979031,7.422181,0.4117825,-0.4583414,0.7876278,False
1773055710357,1.09728,0.0629192,0.8896749,0.2052008,0.9151981,0.01668599,-0.2963917,-0.8557465,0.4237589,129.8557,0.01842178,-0.3272244,-0.9447671,0.001488678,0.9886156,0.2573914,1.021574,-0.009824723,1.001415,0.2847677,1.041164,-0.02569657,0.983443,0.2565133,1.016671,-0.02307561,-0.06648071,0.1154356,0.1351945,-0.01891325,-0.06624011,0.1493647,0.1644849,-0.0008145404,-0.0850186,0.1200238,0.1470868,-0.02279805,-0.06651243,0.1153685,0.1351057,-0.01884913,-0.06624714,0.1492406,0.1643677,-0.0006592001,-0.08483613,0.1207641,0.1475858,-0.01386671,-0.07245214,0.1310726,0.1504049,0.1912881,0.6092175,-0.2905552,0.7126294,89.10149,0.2726685,0.8683994,-0.4141672,4.806129,-0.001422454,-0.05819751,0.1252698,0.1381358,0.7779176,0.1977473,0.1227143,0.5836795,108.5805,0.9580451,0.2435359,0.1511289,0.4088326,True,True,False,-0.1038912,0.5945307,0.1281775,0.6170005,-0.1103245,-0.2153779,-0.3054085,-0.9209596,314.1335,-0.2831316,-0.5527357,-0.7837858,0.01188648,0.5849568,0.1865872,0.6141096,0.006466761,0.5396678,0.2125311,0.5800453,-0.04152664,0.5568484,0.1682388,0.5831885,0.06182597,-0.05045536,0.1122775,0.1377477,0.0193684,-0.076157,0.1373155,0.1582105,0.009283253,-0.05131818,0.07098993,0.08808692,0.06166935,-0.05025161,0.1124195,0.1377189,0.01939024,-0.07624274,0.1370621,0.1580347,0.009284549,-0.05153012,0.07070982,0.08798542,0.02681595,-0.0589017,0.1028885,0.1215506,-0.8703296,-0.2321949,0.4222246,0.1016782,168.3284,-0.8748636,-0.2334045,0.4244242,17.52362,0,0,0,0,0,0,0,0,0,1,0,0,0.3748437,False,True,False,-0.01326931,0.9793555,0.2781908,1.018186,0.4718271,-0.7572802,-0.2132721,0.3980212,133.0909,0.5143223,-0.8254849,-0.2324806,0.06326932,0.02064449,0.02180922,0.07003459,-0.111683,0.1032564,0.9826559,0.1060778,167.8215,-0.1123167,0.1038423,0.9882317,-0.02299979,1.10196,-0.03533716,1.102766,0.02620409,-0.02989341,0.05045917,0.9979347,7.36604,0.4079323,-0.4653658,0.7855234,False
1773055710371,1.111047,0.06305714,0.8898089,0.2044811,0.9151768,0.01585627,-0.2958298,-0.8559858,0.4237,129.8632,0.01750521,-0.3265941,-0.9450026,0.001783803,0.9887804,0.2568306,1.021593,-0.00945501,1.001596,0.2842074,1.041181,-0.02535653,0.9836103,0.2559051,1.016671,-0.02306604,-0.06649351,0.1154468,0.1352087,-0.01893268,-0.06626562,0.1493587,0.164492,-0.0008472521,-0.08503667,0.1199263,0.1470179,-0.02285367,-0.06650851,0.1153847,0.135127,-0.01886638,-0.06625096,0.149265,0.1643934,-0.0006980515,-0.08487758,0.1205892,0.1474668,-0.0138823,-0.07247932,0.1310572,0.150406,0.1921692,0.6116329,-0.2902171,0.7104578,89.45565,0.2730685,0.869118,-0.4123926,4.816534,-0.001437187,-0.05822318,0.1252553,0.1381336,0.7785422,0.1981422,0.1219134,0.5828801,108.6933,0.958137,0.2438498,0.1500365,0.4016052,True,True,False,-0.1038289,0.5945935,0.1281167,0.6170378,-0.1101039,-0.2152736,-0.3054418,-0.9209993,314.1452,-0.2826336,-0.5526012,-0.7840604,0.01196231,0.5850293,0.18652,0.6141597,0.006510407,0.5397669,0.2125576,0.5801478,-0.04147509,0.5569666,0.1682696,0.5833066,0.06185409,-0.05051008,0.1122484,0.1377567,0.01935906,-0.07615251,0.1373464,0.1582341,0.009285451,-0.05126819,0.07104025,0.08809861,0.06170746,-0.05030499,0.1123842,0.1377266,0.01938382,-0.07622413,0.1371209,0.1580759,0.009284735,-0.05147608,0.07077812,0.08800873,0.0268285,-0.05889664,0.1029485,0.1216017,-0.8702574,-0.2311646,0.4227989,0.1022553,168.2619,-0.8748431,-0.2323827,0.4250268,17.52831,0,0,0,0,0,0,0,0,0,1,0,0,0.3737617,False,True,False,-0.01284757,0.9795662,0.2777298,1.018258,0.4722387,-0.7569483,-0.2136125,0.3979819,133.0958,0.5147615,-0.8251078,-0.2328472,0.06284757,0.02043378,0.0222702,0.06973749,-0.1115986,0.1026995,0.9826936,0.1063578,167.7892,-0.1122352,0.1032853,0.9882993,-0.02275083,1.102082,-0.03545267,1.102886,0.02568051,-0.02987216,0.04971712,0.9979862,7.273592,0.4048545,-0.470936,0.7837927,False
1773055710385,1.125043,0.06333114,0.8899597,0.2030317,0.9150196,0.01138762,-0.2945563,-0.85519,0.4263296,129.5303,0.01258901,-0.3256321,-0.9454129,0.002304055,0.9888734,0.2558057,1.021427,-0.008648887,1.00176,0.283275,1.041077,-0.02476133,0.9836379,0.2550939,1.016479,-0.0230264,-0.0665099,0.1154602,0.1352214,-0.01894815,-0.06626961,0.1493878,0.1645217,-0.0008779471,-0.08504422,0.1198563,0.1469654,-0.02288998,-0.0665088,0.1154005,0.1351468,-0.01888348,-0.06625485,0.1492907,0.1644202,-0.0007357064,-0.08491248,0.1204343,0.1473604,-0.01389575,-0.07250237,0.1310514,0.1504133,0.1930689,0.6137101,-0.2899207,0.708541,89.76735,0.2735967,0.8696847,-0.4108447,4.823754,-0.001449881,-0.05824494,0.1252498,0.138138,0.779102,0.1984377,0.1212266,0.5821744,108.7928,0.9582295,0.2440616,0.1490984,0.3941431,True,True,False,-0.1037949,0.5945841,0.1280182,0.6170027,-0.1099694,-0.2151333,-0.3053926,-0.9210645,314.1644,-0.2824,-0.5524595,-0.7842444,0.01201027,0.5850147,0.186413,0.6141142,0.006517552,0.5397632,0.2125416,0.5801385,-0.04146898,0.5570071,0.1682609,0.5833423,0.06189653,-0.05055211,0.1122179,0.1377663,0.01935502,-0.07614584,0.137381,0.1582603,0.00928847,-0.05120133,0.07108809,0.08809863,0.06174698,-0.0503567,0.1123495,0.1377348,0.0193778,-0.07620776,0.1371754,0.1581146,0.009285514,-0.05141864,0.07084305,0.08802747,0.02684202,-0.0588901,0.1030053,0.1216496,-0.8701811,-0.230173,0.4233496,0.1028605,168.1922,-0.8748214,-0.2314004,0.4256071,17.53389,0,0,0,0,0,0,0,0,0,1,0,0,0.3733102,False,True,False,-0.01250897,0.9797454,0.2771591,1.01827,0.4726518,-0.7568344,-0.2138246,0.3975939,133.1443,0.5151173,-0.8248324,-0.2330357,0.06250897,0.02025461,0.02284092,0.06956528,-0.111908,0.1021791,0.9827005,0.1064697,167.7763,-0.1125477,0.1027632,0.9883182,-0.02253795,1.102224,-0.0355767,1.103028,0.0251909,-0.02956547,0.04912248,0.9980372,7.18083,0.4022603,-0.4721155,0.7844111,False
1773055710399,1.139135,0.06362879,0.8901109,0.2014195,0.914831,0.004854441,-0.2924722,-0.8540987,0.4300603,129.0572,0.005377094,-0.3239612,-0.9460551,0.003009692,0.9889343,0.2548558,1.02125,-0.007523924,1.001911,0.2824762,1.040997,-0.02396663,0.983618,0.2544939,1.01629,-0.02297377,-0.0665295,0.1154732,0.1352332,-0.01896291,-0.06626497,0.149436,0.1645654,-0.0009085633,-0.08505017,0.1197913,0.146916,-0.02290768,-0.06651317,0.1154158,0.135165,-0.01890018,-0.06625698,0.1493213,0.1644507,-0.0007720819,-0.08494147,0.1202977,0.1472657,-0.01390729,-0.07252043,0.1310574,0.1504283,0.1939832,0.6154791,-0.2896786,0.7068539,90.04098,0.2742356,0.8701077,-0.409521,4.828514,-0.001460777,-0.058262,0.1252555,0.1381504,0.7796028,0.198644,0.1206363,0.5815559,108.8799,0.9583239,0.2441823,0.1482917,0.3882672,True,True,False,-0.1037633,0.5945764,0.1279121,0.6169679,-0.109825,-0.2149869,-0.3053512,-0.9211296,314.1836,-0.2821408,-0.5523021,-0.7844484,0.01205518,0.5850061,0.1863012,0.614073,0.006521344,0.5397629,0.2125169,0.5801293,-0.04147074,0.5570585,0.1682475,0.5833877,0.06193997,-0.05059247,0.1121879,0.1377762,0.01935136,-0.07614109,0.1374119,0.1582845,0.009291824,-0.05112452,0.07113401,0.08809144,0.06178754,-0.0504063,0.1123155,0.1377435,0.01937225,-0.07619375,0.1372252,0.1581503,0.009286839,-0.05135681,0.07090432,0.08804084,0.02685625,-0.05888158,0.1030585,0.1216937,-0.8701016,-0.2292262,0.4238705,0.1034999,168.1185,-0.8747999,-0.2304639,0.4261592,17.54032,0,0,0,0,0,0,0,0,0,1,0,0,0.3732563,False,True,False,-0.01172381,0.9798768,0.2762694,1.018146,0.4727777,-0.7545438,-0.2144381,0.4014488,132.6624,0.5161996,-0.8238444,-0.234133,0.06172381,0.02012318,0.02373064,0.06912246,-0.1079789,0.1023494,0.9828775,0.108706,167.5185,-0.1086226,0.1029596,0.9887368,-0.02233129,1.102322,-0.03568889,1.103125,0.02473852,-0.0293223,0.0484102,0.9980905,7.082653,0.4005035,-0.4747126,0.7837355,False
1773055710412,1.152842,0.06392424,0.8902497,0.1997867,0.9146287,-0.001836389,-0.2901179,-0.8530397,0.4337643,128.5866,-0.002038108,-0.321986,-0.9467422,0.003689051,0.9889138,0.2539588,1.021009,-0.006328538,1.002044,0.2817397,1.040918,-0.02311737,0.9835878,0.2539446,1.016104,-0.02281605,-0.06657099,0.1154871,0.1352388,-0.01897706,-0.06624988,0.1495072,0.1646256,-0.0009392821,-0.08505462,0.1197312,0.1468697,-0.02288876,-0.06652508,0.1154305,0.1351802,-0.01891599,-0.06625552,0.1493595,0.1644867,-0.0008065024,-0.08496477,0.12018,0.1471832,-0.01391302,-0.07253205,0.131083,0.1504567,0.1950567,0.6168541,-0.2895398,0.7054153,90.27379,0.2751951,0.8702866,-0.4084962,4.828903,-0.001466189,-0.05827295,0.1252797,0.138177,0.7800612,0.1986987,0.1201447,0.5810241,108.9548,0.9584397,0.2441356,0.1476184,0.3838204,True,True,False,-0.1037338,0.59457,0.1277988,0.6169333,-0.1096711,-0.2148347,-0.3053174,-0.9211947,314.2027,-0.2818569,-0.5521294,-0.7846719,0.01209709,0.585003,0.1861851,0.6140356,0.006521896,0.539766,0.212484,0.58012,-0.0414778,0.557117,0.1682293,0.5834389,0.06198415,-0.05063144,0.1121583,0.1377863,0.019348,-0.07613816,0.1374393,0.1583064,0.009295309,-0.05104217,0.07117899,0.08808038,0.06182797,-0.05045264,0.1122832,0.1377522,0.01936727,-0.07618232,0.1372693,0.1581825,0.009288577,-0.05129209,0.07096091,0.08804889,0.02687073,-0.05887128,0.1031071,0.1217331,-0.8700204,-0.228346,0.4243509,0.1041585,168.0426,-0.8747787,-0.2295948,0.4266717,17.54728,0,0,0,0,0,0,0,0,0,1,0,0,0.3735802,False,True,False,-0.01063438,0.9799861,0.275534,1.01804,0.4724781,-0.7511033,-0.2158488,0.4074526,131.9102,0.5173723,-0.8224722,-0.2363585,0.06063438,0.02001393,0.02446598,0.06837887,-0.1015389,0.1025324,0.9832212,0.1115934,167.1856,-0.1021771,0.1031769,0.9894011,-0.02210201,1.102439,-0.03577071,1.103241,0.02432604,-0.02905375,0.0477653,0.9981396,6.991056,0.3989794,-0.4765202,0.7834144,False
1773055710427,1.166847,0.06384978,0.890349,0.1981108,0.9143556,-0.01567608,-0.2866553,-0.8497396,0.4421829,127.5135,-0.01747759,-0.3195979,-0.947392,0.004385892,0.9888781,0.2533934,1.020837,-0.004839197,1.00218,0.2813604,1.040938,-0.0222576,0.9832962,0.2541388,1.015851,-0.022764,-0.0665927,0.1154974,0.1352496,-0.01898073,-0.06626719,0.1495183,0.164643,-0.0009785803,-0.08505397,0.1195975,0.1467607,-0.02286256,-0.06653925,0.1154445,0.1351947,-0.01892953,-0.06625796,0.1493928,0.1645194,-0.0008425343,-0.08498345,0.120057,0.1470937,-0.01391714,-0.07254355,0.1311073,0.1504838,0.1961896,0.6182526,-0.2893464,0.7039546,90.50969,0.2762281,0.870478,-0.4073896,4.826781,-0.001470086,-0.05828379,0.1253026,0.1382024,0.7805427,0.1987503,0.1196541,0.5804607,109.0341,0.9585579,0.2440785,0.1469431,0.3843786,True,True,False,-0.1037012,0.5945768,0.1277498,0.6169243,-0.1095579,-0.2146996,-0.305295,-0.921247,314.2182,-0.2816557,-0.5519581,-0.7848643,0.01214354,0.5850034,0.1861304,0.6140203,0.006539524,0.5397856,0.2125236,0.580153,-0.04146305,0.5571643,0.1682674,0.5834939,0.06202056,-0.0506735,0.1121325,0.1377971,0.01934953,-0.07612642,0.1374876,0.158343,0.009296935,-0.05098792,0.0712318,0.08809183,0.06186825,-0.05049888,0.1122517,0.1377616,0.01936356,-0.07617063,0.1373151,0.1582161,0.009290323,-0.05122843,0.07101768,0.08805778,0.02688523,-0.0588613,0.1031562,0.121773,-0.8699388,-0.2274673,0.4248301,0.1048074,167.9678,-0.8747565,-0.228727,0.4271828,17.55432,0,0,0,0,0,0,0,0,0,1,0,0,0.3729627,False,True,False,-0.009486079,0.9800769,0.2748525,1.017932,0.4719374,-0.7475795,-0.2175774,0.4135942,131.1384,0.5183497,-0.8210996,-0.2389748,0.05948608,0.01992309,0.0251475,0.06758638,-0.09474532,0.1026048,0.9835851,0.1142629,166.8778,-0.09536994,0.1032813,0.9900695,-0.02183126,1.102548,-0.03581537,1.103345,0.02416258,-0.0284403,0.04698517,0.9981983,6.879715,0.402703,-0.4739971,0.7830731,False
1773055710441,1.180811,0.06379646,0.8904372,0.1964899,0.914088,-0.02789506,-0.2833331,-0.8467345,0.4494274,126.5861,-0.03122639,-0.3171698,-0.9478546,0.005063795,0.9888451,0.252783,1.020656,-0.003442913,1.002306,0.2808944,1.040928,-0.02136262,0.9830083,0.2540984,1.015543,-0.02270302,-0.06661701,0.1155072,0.1352597,-0.01898271,-0.06628588,0.1495286,0.1646601,-0.001031794,-0.08503988,0.1193602,0.1465595,-0.02282916,-0.0665555,0.1154576,0.1352082,-0.01894063,-0.06626378,0.1494211,0.1645488,-0.0008820714,-0.08499523,0.1199101,0.146981,-0.01391918,-0.07255438,0.1311286,0.1505078,0.1974488,0.6198953,-0.2890183,0.7022907,90.77785,0.2773584,0.8707737,-0.4059871,4.821989,-0.001471981,-0.05829405,0.1253227,0.138225,0.7811083,0.1988447,0.1191048,0.5797802,109.1298,0.9586819,0.2440491,0.1461815,0.3910432,True,True,False,-0.1036702,0.5945857,0.1276988,0.616917,-0.109442,-0.2145619,-0.3052802,-0.9212978,314.2331,-0.2814449,-0.551775,-0.7850693,0.01218779,0.585008,0.1860754,0.6140089,0.006556407,0.5398094,0.2125615,0.5801892,-0.04145154,0.557217,0.1683046,0.5835541,0.0620566,-0.05071474,0.1121074,0.1378081,0.01935199,-0.07611493,0.1375358,0.1583796,0.009298505,-0.05093027,0.07128421,0.08810104,0.06190756,-0.05054398,0.1122215,0.1377712,0.01936115,-0.07615901,0.1373612,0.1582503,0.009292028,-0.05116617,0.0710734,0.08806672,0.0268994,-0.05885145,0.1032045,0.1218123,-0.8698583,-0.2266091,0.4252965,0.105441,167.8949,-0.8747344,-0.2278794,0.4276806,17.56131,0,0,0,0,0,0,0,0,0,1,0,0,0.3726046,False,True,False,-0.008005708,0.980134,0.2747616,1.017949,0.4706297,-0.7398904,-0.2197003,0.4275532,129.3752,0.5206137,-0.8184718,-0.243034,0.05800571,0.01986599,0.02523839,0.06630457,-0.080127,0.1042381,0.9839225,0.1208749,166.1148,-0.08071885,0.105008,0.9911902,-0.02150844,1.102608,-0.03585085,1.1034,0.02384689,-0.02810503,0.04634771,0.9982451,6.789767,0.402703,-0.4746103,0.7826749,False
1773055710454,1.194321,0.06336364,0.8906553,0.1953447,0.9140248,-0.04059535,-0.2802895,-0.8422437,0.4587106,125.3921,-0.04568535,-0.3154332,-0.9478475,0.005041301,0.988786,0.2525597,1.020544,-0.002753139,1.002404,0.2807911,1.040993,-0.02091074,0.9823136,0.2540435,1.014847,-0.02264944,-0.06665996,0.1155035,0.1352687,-0.018978,-0.06631013,0.1495202,0.1646618,-0.001163619,-0.08495131,0.11852,0.1458255,-0.02279253,-0.06657676,0.115467,0.1352205,-0.01894823,-0.0662732,0.1494413,0.1645718,-0.0009393696,-0.0849863,0.1196247,0.1467434,-0.0139179,-0.07256362,0.1311327,0.1505156,0.1991781,0.6231638,-0.2880381,0.6993061,91.25728,0.27864,0.8717744,-0.4029507,4.812771,-0.001470768,-0.05830272,0.1253265,0.1382321,0.7822085,0.1993482,0.1180465,0.5783386,109.3325,0.9588274,0.24436,0.1447008,0.4455609,True,True,False,-0.1036458,0.5945076,0.1276533,0.6168283,-0.10943,-0.2144495,-0.3053468,-0.9213033,314.2347,-0.2814235,-0.5515044,-0.7852667,0.0122313,0.5849205,0.1860104,0.6139067,0.006582581,0.5397451,0.2125854,0.5801384,-0.0414579,0.5572202,0.1683649,0.5835751,0.06208594,-0.05076209,0.1120814,0.1378176,0.01935339,-0.07609924,0.1375878,0.1584173,0.009297025,-0.05081809,0.07135428,0.08809283,0.06194383,-0.05058836,0.112193,0.1377806,0.01935957,-0.07614686,0.1374073,0.1582843,0.009293042,-0.05109536,0.0711306,0.0880719,0.02691143,-0.05883784,0.103253,0.1218495,-0.8697795,-0.2257577,0.4257366,0.1061382,167.8145,-0.8747205,-0.2270401,0.4281552,17.56733,0,0,0,0,0,0,0,0,0,1,0,0,0.3751797,False,True,False,-0.006613441,0.980194,0.2745432,1.017938,0.4695007,-0.7329735,-0.2216238,0.4395475,127.85,0.5227016,-0.8160295,-0.2467369,0.05661344,0.01980603,0.02545685,0.06515682,-0.06739908,0.1054527,0.9840226,0.1266364,165.4495,-0.0679461,0.1063085,0.9920089,-0.0212209,1.10274,-0.03589382,1.103528,0.02373179,-0.02751491,0.04582223,0.9982886,6.705157,0.4058089,-0.4704995,0.783551,False
1773055710468,1.208209,0.06298333,0.8908511,0.1942266,0.9139511,-0.0513621,-0.2774934,-0.8383715,0.4663611,124.4033,-0.05806288,-0.3136956,-0.9477468,0.005054504,0.9887508,0.2522492,1.020433,-0.002118282,1.002509,0.2805657,1.041031,-0.02045788,0.9817424,0.2538415,1.014235,-0.02258978,-0.06670757,0.1154975,0.135277,-0.01897094,-0.06633624,0.1495087,0.164661,-0.001286044,-0.08485635,0.1177731,0.1451646,-0.02275031,-0.06660396,0.1154733,0.1352322,-0.01895295,-0.06628629,0.1494553,0.1645903,-0.001011496,-0.08495928,0.1192356,0.1464112,-0.01391436,-0.07257127,0.1311248,0.1505121,0.2012653,0.6276502,-0.2865407,0.6952999,91.89776,0.2800331,0.8732892,-0.3986822,4.799067,-0.001467436,-0.05830998,0.1253191,0.1382284,0.7838117,0.2002397,0.1165112,0.5761673,109.6372,0.9589881,0.2449918,0.1425506,0.4945183,True,True,False,-0.1036232,0.5944254,0.1276067,0.6167356,-0.1094299,-0.2143384,-0.3054304,-0.9213015,314.2342,-0.2814201,-0.5512127,-0.7854732,0.01227343,0.5848299,0.1859436,0.6138009,0.00660985,0.5396781,0.2126057,0.5800839,-0.04146111,0.5572162,0.1684248,0.5835888,0.06211411,-0.05080963,0.1120559,0.1378271,0.01935535,-0.0760832,0.1376402,0.1584554,0.009294867,-0.05071008,0.07142865,0.08809063,0.06197922,-0.05063438,0.1121645,0.1377902,0.0193587,-0.07613364,0.1374558,0.1583199,0.00929342,-0.05101522,0.07119265,0.08807562,0.02692242,-0.05882091,0.1033045,0.1218874,-0.8696958,-0.2248709,0.4261827,0.1069146,167.725,-0.8747094,-0.2261673,0.4286395,17.57259,0,0,0,0,0,0,0,0,0,1,0,0,0.377142,False,True,False,-0.005822994,0.9802043,0.2747316,1.017994,0.4701419,-0.7246771,-0.2218007,0.452343,126.2118,0.5271571,-0.8125604,-0.2486989,0.05582299,0.01979566,0.02526844,0.06439386,-0.05490735,0.1070156,0.9834836,0.1352517,164.4537,-0.05541656,0.108008,0.9926043,-0.02099119,1.102771,-0.03593868,1.103556,0.02378748,-0.02666437,0.04510072,0.9983432,6.597306,0.4134035,-0.463401,0.783807,False
1773055710482,1.222233,0.06263256,0.8910357,0.1930974,0.9138676,-0.06068927,-0.2749139,-0.8349684,0.4728287,123.5639,-0.06887473,-0.3119929,-0.9475847,0.005075321,0.9887362,0.2518369,1.020317,-0.001543678,1.002622,0.2802133,1.041044,-0.02002943,0.9812713,0.2535031,1.013685,-0.02252425,-0.06675968,0.1154891,0.1352846,-0.01896173,-0.06636403,0.1494941,0.1646579,-0.001398801,-0.08476043,0.1171088,0.1445709,-0.0227029,-0.06663658,0.1154766,0.1352431,-0.01895478,-0.06630255,0.1494634,0.1646045,-0.001092711,-0.08491763,0.1187848,0.1460207,-0.01390909,-0.07257726,0.1311082,0.1505001,0.2035345,0.6328747,-0.2846859,0.6906499,92.63686,0.2814401,0.8751163,-0.3936534,4.781518,-0.001462449,-0.05831562,0.1253034,0.1382165,0.7857677,0.2014318,0.1146396,0.5734566,110.0168,0.9591467,0.2458776,0.1399347,0.529848,True,True,False,-0.1036023,0.5943393,0.1275587,0.6166391,-0.1094412,-0.2142287,-0.3055304,-0.9212925,314.2316,-0.2814337,-0.5509002,-0.7856874,0.01231428,0.5847362,0.185875,0.6136918,0.006638177,0.5396086,0.2126224,0.5800257,-0.04146082,0.5572033,0.1684806,0.5835925,0.06214108,-0.05085743,0.112031,0.1378367,0.01935787,-0.07606677,0.137693,0.1584936,0.009292337,-0.05060928,0.07150409,0.08809359,0.06201312,-0.05068114,0.1121366,0.1377999,0.01935852,-0.07611964,0.1375056,0.1583563,0.009293194,-0.05093011,0.07125799,0.08807918,0.02693243,-0.05880208,0.1033578,0.1219257,-0.8696079,-0.2239699,0.4266299,0.1077338,167.6306,-0.8746988,-0.2252811,0.4291275,17.57698,0,0,0,0,0,0,0,0,0,1,0,0,0.3784064,False,True,False,-0.005096935,0.9802355,0.2747412,1.018023,0.4714902,-0.7176397,-0.221488,0.462205,124.941,0.531692,-0.8092709,-0.2497685,0.05509694,0.01976454,0.02525881,0.063752,-0.04552621,0.1079555,0.9827704,0.1429524,163.5626,-0.04599864,0.1090757,0.9929687,-0.02072403,1.10287,-0.03592933,1.10365,0.02408461,-0.02589884,0.04433622,0.9983905,6.502374,0.42467,-0.4566593,0.7817549,False
1773055710496,1.236386,0.06222469,0.8911854,0.1926938,0.9139006,-0.06502012,-0.2747106,-0.8338885,0.4742748,123.3757,-0.07385487,-0.3120374,-0.9471949,0.004964538,0.9890351,0.2514789,1.020518,-0.001375511,1.00305,0.2798272,1.041352,-0.01982342,0.9813486,0.2529635,1.013621,-0.02245117,-0.06683606,0.1154612,0.1352864,-0.01894454,-0.06640865,0.1494453,0.1646295,-0.001497019,-0.08467064,0.1165454,0.1440631,-0.02264975,-0.06667866,0.1154734,0.1352522,-0.01895262,-0.0663249,0.1494596,0.1646097,-0.001178118,-0.08486556,0.1183062,0.1456019,-0.01390218,-0.07258414,0.1310818,0.1504798,0.2057923,0.6384081,-0.2826122,0.6857223,93.41512,0.2827348,0.877099,-0.3882765,4.759826,-0.001455953,-0.05832212,0.1252785,0.1381966,0.7878606,0.2028086,0.1126353,0.5704893,110.4313,0.9592786,0.2469345,0.1371418,0.5456856,True,True,False,-0.1035951,0.594265,0.127601,0.6165751,-0.1093896,-0.2140891,-0.3057215,-0.9212677,314.2242,-0.2812584,-0.5504581,-0.78606,0.01233876,0.5846955,0.1859079,0.6136634,0.006647423,0.5395753,0.2127359,0.5800364,-0.04149838,0.557243,0.1686039,0.5836687,0.06217957,-0.05089431,0.1120043,0.1378459,0.0193565,-0.07605128,0.1377347,0.1585223,0.00929716,-0.05048287,0.07153492,0.08804659,0.06204823,-0.05072614,0.1121087,0.1378096,0.0193581,-0.07610523,0.137554,0.1583914,0.009294029,-0.05083565,0.07131651,0.08807205,0.02694182,-0.05877884,0.1034069,0.1219582,-0.8695363,-0.2230684,0.4270275,0.1086041,167.5303,-0.8747101,-0.2243957,0.4295683,17.58353,0,0,0,0,0,0,0,0,0,1,0,0,0.379134,False,True,False,-0.004437745,0.9802843,0.2745838,1.018024,0.4734039,-0.7115422,-0.2208196,0.4699311,123.9404,0.5363116,-0.8060946,-0.2501629,0.05443775,0.01971567,0.0254162,0.06323099,-0.03843835,0.1084297,0.981968,0.1500146,162.7445,-0.0388783,0.1096708,0.9932074,-0.02048782,1.102951,-0.03602026,1.103729,0.02396964,-0.02505578,0.04358103,0.9984481,6.384977,0.4304056,-0.4499087,0.7825533,False
1773055710510,1.249944,0.06186563,0.8913196,0.1922811,0.9139202,-0.06912325,-0.2743042,-0.832797,0.4758449,123.1712,-0.07859119,-0.3118762,-0.9468668,0.004857369,0.989264,0.2511544,1.020659,-0.001207627,1.00339,0.2794768,1.041586,-0.01960317,0.9813459,0.2524531,1.013487,-0.02237235,-0.06691916,0.115429,0.1352869,-0.01892465,-0.06645671,0.1493897,0.1645962,-0.001594708,-0.08457378,0.1159816,0.1435514,-0.02259316,-0.06672768,0.1154643,0.1352592,-0.01894693,-0.06635173,0.1494453,0.1646069,-0.001263196,-0.08480611,0.1178254,0.1451775,-0.01389393,-0.07259142,0.1310481,0.1504532,0.2079309,0.6439661,-0.2804283,0.6807587,94.19408,0.2838618,0.8791253,-0.3828332,4.735244,-0.001448162,-0.05832901,0.1252467,0.1381706,0.7899883,0.2043037,0.110593,0.5674047,110.8611,0.9593765,0.2481103,0.1343063,0.5620491,True,True,False,-0.1035902,0.5941882,0.1276476,0.6165099,-0.1093398,-0.2139471,-0.3059369,-0.9212351,314.2146,-0.2810746,-0.5499837,-0.7864574,0.01236102,0.5846581,0.1859458,0.6136397,0.006655946,0.5395436,0.2128522,0.5800498,-0.041535,0.5572802,0.1687305,0.5837435,0.06221859,-0.05092992,0.1119778,0.1378551,0.01935523,-0.07603544,0.1377751,0.1585497,0.009301998,-0.05035943,0.07156624,0.08800185,0.06208297,-0.05076773,0.112082,0.1378188,0.01935751,-0.07609101,0.1375991,0.1584237,0.009295652,-0.0507384,0.07136752,0.08805747,0.02695053,-0.05875324,0.1034508,0.121985,-0.8694784,-0.2222058,0.4273729,0.1094733,167.4301,-0.8747358,-0.2235494,0.4299571,17.59144,0,0,0,0,0,0,0,0,0,1,0,0,0.3800417,False,True,False,-0.004261583,0.9806905,0.2743436,1.01835,0.4747467,-0.7101966,-0.2190574,0.4714344,123.7451,0.5383219,-0.8053019,-0.2483923,0.05426158,0.01930946,0.02565637,0.06305096,-0.03802009,0.1092564,0.9814602,0.1528186,162.4194,-0.03847197,0.1105549,0.9931253,-0.02026016,1.102937,-0.03606946,1.103712,0.02403102,-0.02389124,0.04289174,0.9985049,6.267007,0.4396259,-0.4370688,0.7846659,False
1773055710524,1.263835,0.06153409,0.8914304,0.1918322,0.9139115,-0.07571214,-0.2736386,-0.830236,0.4796851,122.6703,-0.08628748,-0.31186,-0.9462017,0.004434239,0.9893506,0.2506251,1.020611,-0.0009293929,1.00366,0.2791588,1.04176,-0.01919238,0.9810098,0.2519681,1.013033,-0.02218566,-0.06737126,0.1151836,0.1352714,-0.01889377,-0.06650612,0.1493034,0.1645343,-0.001737883,-0.0843545,0.1151445,0.1427478,-0.02250847,-0.06686129,0.115406,0.1352612,-0.01893589,-0.06638377,0.1494159,0.1645918,-0.001362042,-0.08471236,0.1172594,0.1446645,-0.01389295,-0.07259376,0.1310202,0.1504299,0.2090986,0.6502811,-0.2776623,0.6755116,95.01222,0.2835815,0.8819173,-0.3765682,4.698054,-0.001447235,-0.05833119,0.1252204,0.1381476,0.7922287,0.2067852,0.1083062,0.5638115,111.3604,0.9592268,0.2503746,0.1311367,0.6198964,True,True,False,-0.1035752,0.5940825,0.1276433,0.6164046,-0.1092533,-0.2138346,-0.3060897,-0.9212208,314.2104,-0.2808277,-0.5496466,-0.7867815,0.01239794,0.5845941,0.185922,0.6135723,0.006663635,0.5394738,0.2129052,0.5800043,-0.04155842,0.5572787,0.1688064,0.5837656,0.0622678,-0.05096376,0.1119451,0.1378633,0.01934766,-0.07602675,0.1377982,0.1585646,0.009306426,-0.05024651,0.07159915,0.08796453,0.0621214,-0.05080851,0.1120535,0.137828,0.01935547,-0.07607765,0.1376406,0.158453,0.009297888,-0.05063598,0.07141574,0.08803784,0.02696091,-0.0587255,0.1034922,0.1220091,-0.8694146,-0.2213437,0.4277165,0.1103808,167.3255,-0.87476,-0.2227045,0.4303462,17.60111,0,0,0,0,0,0,0,0,0,1,0,0,0.3802307,False,True,False,-0.004073434,0.981011,0.2741261,1.018599,0.4764984,-0.7086798,-0.2173327,0.472746,123.5746,0.5407388,-0.8042225,-0.2466331,0.05407343,0.01898903,0.0258739,0.06288067,-0.03781345,0.1097482,0.9809285,0.1559003,162.062,-0.03828152,0.1111067,0.993071,-0.02006099,1.102937,-0.03612157,1.103711,0.0241808,-0.02339415,0.04221332,0.998542,6.1888,0.44795,-0.4333773,0.7820028,False
1773055710537,1.277716,0.06118779,0.8915481,0.1913191,0.9138955,-0.08294481,-0.2727397,-0.8273987,0.483885,122.1211,-0.09477981,-0.3116556,-0.9454563,0.003967009,0.9894159,0.2500392,1.020529,-0.0006032772,1.003911,0.2787555,1.041893,-0.01877783,0.9807077,0.2515909,1.012639,-0.02197246,-0.06790038,0.1148891,0.1352507,-0.01886054,-0.06658848,0.1491417,0.1644171,-0.001863615,-0.08414146,0.1144143,0.1420348,-0.02239721,-0.06707691,0.1152987,0.135258,-0.01892025,-0.06642624,0.1493589,0.1645555,-0.001466449,-0.08459394,0.1166582,0.1441091,-0.01389858,-0.07259567,0.1309956,0.1504099,0.2091206,0.6568059,-0.274501,0.6704654,95.79402,0.2818562,0.8852537,-0.3699769,4.647853,-0.001452535,-0.05833301,0.1251972,0.1381274,0.7942455,0.2100911,0.1061093,0.5601579,111.8666,0.9587868,0.2536151,0.1280916,0.6517944,True,True,False,-0.1035613,0.5939728,0.1276393,0.6162958,-0.1091635,-0.2137239,-0.306254,-0.9212024,314.205,-0.2805656,-0.5493006,-0.7871161,0.01243424,0.5845312,0.1858976,0.6135057,0.006669916,0.5394019,0.2129556,0.5799561,-0.04158217,0.5572747,0.1688822,0.5837854,0.06231873,-0.05099638,0.1119116,0.1378712,0.01933923,-0.07601888,0.1378179,0.158577,0.009310929,-0.05013376,0.07163173,0.0879272,0.0621624,-0.05084757,0.1120241,0.137837,0.0193521,-0.07606545,0.1376774,0.1584788,0.009300592,-0.05053144,0.07146069,0.08801453,0.02697274,-0.05869655,0.1035308,0.1220305,-0.8693449,-0.2205034,0.4280533,0.1113014,167.2193,-0.8747802,-0.221882,0.4307296,17.61209,0,0,0,0,0,0,0,0,0,1,0,0,0.3804085,False,True,False,-0.003709771,0.9812669,0.2740356,1.01882,0.4793766,-0.7046255,-0.2150155,0.4769375,123.0289,0.5454049,-0.801679,-0.2446312,0.05370977,0.01873308,0.02596441,0.06252854,-0.03515361,0.1103982,0.9799392,0.16216,161.3354,-0.03562512,0.111879,0.9930831,-0.01996436,1.102931,-0.03614227,1.103703,0.02405928,-0.02281728,0.04191055,0.998571,6.126743,0.4502061,-0.4269654,0.7842457,False
1773055710552,1.291722,0.06098714,0.8915529,0.1908729,0.9137934,-0.09197024,-0.2712719,-0.8241007,0.488683,121.4919,-0.1054147,-0.3109271,-0.9445698,0.003688999,0.9894035,0.2494946,1.020383,0.0001501031,1.004077,0.2784652,1.041975,-0.01813602,0.9804995,0.2517911,1.012476,-0.02175943,-0.06862739,0.1144673,0.1352256,-0.01881969,-0.06670298,0.1488941,0.1642344,-0.001932523,-0.08399523,0.1140609,0.1416644,-0.02226398,-0.06740143,0.115125,0.1352494,-0.01889923,-0.06648407,0.1492618,0.1644883,-0.001564177,-0.08446878,0.1161049,0.1435889,-0.01391621,-0.07260451,0.1309808,0.150403,0.2071148,0.6624606,-0.2713614,0.6667927,96.35999,0.2779157,0.8889186,-0.3641245,4.585328,-0.001469194,-0.05834133,0.1251832,0.1381184,0.7952102,0.2137258,0.1047694,0.5576606,112.2117,0.958005,0.2574796,0.1262177,0.6111467,True,True,False,-0.1035595,0.5939067,0.1276149,0.6162267,-0.109032,-0.21364,-0.3063245,-0.9212141,314.2085,-0.2802475,-0.5491241,-0.7873532,0.01246559,0.5845108,0.1858411,0.6134698,0.006656729,0.5393679,0.2129957,0.579939,-0.04162226,0.5573113,0.1689425,0.5838406,0.06238481,-0.0510275,0.1118719,0.1378803,0.01932853,-0.07600787,0.1378426,0.1585918,0.009316371,-0.0500194,0.07166611,0.08789065,0.06220895,-0.05088525,0.1119922,0.137846,0.01934717,-0.07605341,0.137712,0.1585025,0.009303888,-0.05042408,0.07150374,0.08798826,0.02698738,-0.05866609,0.1035682,0.1220508,-0.8692633,-0.2196566,0.4284098,0.1122377,167.1113,-0.8747908,-0.2210533,0.431134,17.62547,0,0,0,0,0,0,0,0,0,1,0,0,0.3806393,False,True,False,-0.003269725,0.9815382,0.2739398,1.019054,0.4827501,-0.6994738,-0.2129329,0.4820253,122.3645,0.5509856,-0.7983427,-0.2430304,0.05326973,0.01846182,0.02606016,0.06210986,-0.03149324,0.1106164,0.9788018,0.1694678,160.4863,-0.03195545,0.1122398,0.9931672,-0.01993186,1.102928,-0.03611687,1.1037,0.02416906,-0.02243129,0.04184321,0.9985799,6.10767,0.4536733,-0.4210539,0.7854318,False
1773055710566,1.305796,0.06078385,0.8915586,0.1903891,0.9136846,-0.1009552,-0.2696954,-0.8207213,0.493446,120.8653,-0.1160703,-0.3100744,-0.9436004,0.003456052,0.9893741,0.2489831,1.020228,0.0008864142,1.004208,0.2780907,1.042003,-0.01747748,0.9802868,0.2519647,1.012301,-0.02156153,-0.06928825,0.114073,0.1351976,-0.01877606,-0.06683894,0.1485898,0.1640089,-0.001999679,-0.08383574,0.1137145,0.1412919,-0.02211662,-0.06779854,0.1149042,0.1352359,-0.0188734,-0.06655853,0.1491209,0.1643876,-0.001655851,-0.08433587,0.1155934,0.1430982,-0.01394169,-0.0726188,0.1309651,0.1503985,0.2035622,0.6674347,-0.2681641,0.6642149,96.75575,0.2723088,0.8928395,-0.3587279,4.512246,-0.001493244,-0.05835481,0.1251683,0.1381109,0.795458,0.21757,0.1040718,0.5559489,112.4478,0.9569804,0.2617489,0.1252042,0.5801471,True,True,False,-0.1035595,0.5938405,0.1275894,0.6161576,-0.108892,-0.2135612,-0.3063909,-0.9212269,314.2122,-0.2799094,-0.5489641,-0.787585,0.01249664,0.5844943,0.185781,0.6134365,0.006640509,0.5393344,0.2130339,0.5799217,-0.04166472,0.5573495,0.1690023,0.5838974,0.06245464,-0.05105738,0.1118306,0.1378895,0.01931673,-0.07599711,0.1378654,0.158605,0.009322026,-0.04990376,0.0717003,0.08785339,0.06226056,-0.05092143,0.1119583,0.1378551,0.01934079,-0.07604159,0.1377443,0.1585241,0.009307691,-0.05031454,0.07154508,0.08795956,0.02700467,-0.05863439,0.1036045,0.1220702,-0.8691695,-0.2188082,0.4287851,0.1131849,167.0021,-0.8747909,-0.2202234,0.4315583,17.64104,0,0,0,0,0,0,0,0,0,1,0,0,0.3808667,False,True,False,-0.002386354,0.981776,0.2740612,1.019313,0.4850281,-0.6925312,-0.2123077,0.4899733,121.3224,0.5563924,-0.7944263,-0.2435454,0.05238635,0.018224,0.02593881,0.06123125,-0.02402429,0.1106773,0.9776366,0.177201,159.5865,-0.0244106,0.1124569,0.9933568,-0.01993623,1.102909,-0.03610749,1.10368,0.02425638,-0.02195638,0.04158245,0.9985993,6.065859,0.4584475,-0.4149772,0.7859114,False
1773055710580,1.319502,0.0605682,0.8915656,0.1898467,0.9135641,-0.1096629,-0.2680733,-0.8173528,0.4980413,120.259,-0.1264631,-0.3091418,-0.9425701,0.003235124,0.9893308,0.248457,1.020057,0.001573693,1.004311,0.2776229,1.041977,-0.01681591,0.9801235,0.2521896,1.012188,-0.02137625,-0.0698961,0.1137005,0.1351673,-0.01872938,-0.06698354,0.1482555,0.1637599,-0.002051251,-0.08362444,0.1135155,0.1410072,-0.02196443,-0.06823161,0.1146565,0.1352187,-0.01884382,-0.06664589,0.148943,0.1642583,-0.001737363,-0.08418952,0.1151577,0.1426611,-0.01397381,-0.0726313,0.1309498,0.1503942,0.1986945,0.6714129,-0.2649755,0.6629578,96.9483,0.2654013,0.8968236,-0.3539347,4.432081,-0.001523573,-0.0583666,0.1251539,0.1381032,0.7950344,0.22158,0.1040723,0.5549698,112.5827,0.9557189,0.2663636,0.1251064,0.5795687,True,True,False,-0.1035612,0.5937741,0.1275627,0.6160883,-0.1087438,-0.2134874,-0.3064535,-0.9212406,314.2162,-0.2795518,-0.5488203,-0.7878117,0.01252741,0.5844814,0.1857174,0.6134056,0.006621435,0.5393017,0.2130703,0.5799044,-0.0417098,0.5573906,0.1690628,0.5839574,0.06252798,-0.05108607,0.1117877,0.1378986,0.01930406,-0.07598643,0.1378864,0.1586167,0.009328017,-0.04978503,0.07173532,0.08781525,0.06231559,-0.05095531,0.1119232,0.137864,0.01933325,-0.07603025,0.1377735,0.1585431,0.009311864,-0.05020536,0.07158426,0.08792949,0.02702404,-0.05860217,0.1036392,0.1220885,-0.8690651,-0.2179796,0.42917,0.1141221,166.894,-0.8747802,-0.219413,0.4319923,17.65814,0,0,0,0,0,0,0,0,0,1,0,0,0.3814082,False,True,False,-0.001496367,0.9820166,0.2741337,1.019563,0.4868862,-0.6849205,-0.2123587,0.4987279,120.1682,0.5617322,-0.7902092,-0.2450033,0.05149637,0.01798338,0.02586636,0.06036842,-0.01526658,0.1104834,0.976402,0.1849315,158.6857,-0.01553452,0.1124225,0.993539,-0.02000201,1.102933,-0.03608662,1.103704,0.02435464,-0.02178542,0.04160183,0.9985998,6.064697,0.4603927,-0.411825,0.7864284,False
1773055710592,1.333231,0.06034675,0.8917145,0.1890271,0.9135249,-0.1139482,-0.2674334,-0.8151649,0.5010004,119.8676,-0.131664,-0.3090119,-0.9419003,0.002885789,0.9893696,0.2476429,1.019896,0.001573499,1.004347,0.2766394,1.041751,-0.01672616,0.9801762,0.2519255,1.012172,-0.02128539,-0.07016622,0.1135205,0.1351416,-0.01868402,-0.06713256,0.1478901,0.1634851,-0.0020588,-0.08348521,0.1136399,0.141025,-0.02182457,-0.06863218,0.1144222,0.1352003,-0.01881097,-0.0667461,0.1487261,0.1640986,-0.001803716,-0.08404436,0.1148391,0.1423191,-0.01400341,-0.07264725,0.1309137,0.1503732,0.1935026,0.6740231,-0.2621096,0.6629843,96.94426,0.2584745,0.9003382,-0.3501175,4.351454,-0.001551495,-0.05838167,0.1251198,0.1380789,0.7941954,0.2249961,0.1046761,0.5546832,112.6222,0.9544911,0.270408,0.1258033,0.5527413,True,True,False,-0.1035221,0.5937356,0.1275712,0.6160464,-0.1086596,-0.2133419,-0.3064038,-0.9213008,314.234,-0.2794378,-0.5486472,-0.7879729,0.01258785,0.5844492,0.185703,0.6133717,0.006620593,0.5392566,0.2131452,0.57989,-0.04172385,0.5574316,0.1691603,0.5840257,0.06259128,-0.05111866,0.1117483,0.1379075,0.01929124,-0.07597674,0.1379069,0.1586283,0.009332788,-0.04967396,0.0717729,0.08778356,0.06237239,-0.05098897,0.1118872,0.1378729,0.01932461,-0.07601924,0.137801,0.1585607,0.009316166,-0.05009562,0.07162316,0.08789903,0.02704446,-0.05856976,0.1036733,0.1221064,-0.8689534,-0.217152,0.4295637,0.1150653,166.7852,-0.8747637,-0.218604,0.432436,17.67592,0,0,0,0,0,0,0,0,0,1,0,0,0.3814734,False,True,False,-0.0006347075,0.9822551,0.2741206,1.019788,0.4883104,-0.6768273,-0.2129455,0.5080472,118.9323,0.5669265,-0.785794,-0.2472289,0.05063471,0.0177449,0.02587938,0.05956927,-0.005522245,0.1101166,0.9750757,0.1925392,157.798,-0.00562754,0.1122162,0.993668,-0.02005482,1.102959,-0.03607573,1.103731,0.02449268,-0.02134474,0.04137017,0.9986156,6.030515,0.465623,-0.4057783,0.7864758,False
1773055710607,1.347271,0.06010826,0.8918759,0.188114,0.9134783,-0.1182704,-0.2667218,-0.8130097,0.503872,119.487,-0.1369222,-0.3087849,-0.9412249,0.002508108,0.9894158,0.2467228,1.019717,0.001583703,1.004389,0.2755587,1.041505,-0.01659869,0.9802623,0.2516141,1.012176,-0.02118265,-0.07047537,0.1133119,0.1351113,-0.01863749,-0.06728274,0.1475029,0.1631914,-0.002063792,-0.08331282,0.1137982,0.1410507,-0.02168993,-0.06902114,0.1141889,0.1351794,-0.01877466,-0.06685863,0.1484693,0.1639076,-0.00185836,-0.0838908,0.1146168,0.1420498,-0.01403328,-0.07266446,0.1308603,0.1503378,0.1877032,0.6753784,-0.2594205,0.6643288,96.73831,0.2511278,0.9035879,-0.3470784,4.268178,-0.00157968,-0.05839794,0.1250694,0.1380404,0.7929073,0.2280882,0.1058965,0.5550315,112.5742,0.9532089,0.2742007,0.1273056,0.5379068,True,True,False,-0.1034818,0.5936986,0.1275809,0.616006,-0.1085767,-0.2131914,-0.3063371,-0.9213675,314.2537,-0.2793382,-0.5484834,-0.7881219,0.01264913,0.5844155,0.1856898,0.6133369,0.006617025,0.5392086,0.2132212,0.5798732,-0.04173873,0.5574726,0.16926,0.5840948,0.06265604,-0.05115088,0.1117082,0.1379163,0.01927755,-0.07596733,0.1379258,0.1586385,0.009337646,-0.04956208,0.07181077,0.0877518,0.06243189,-0.05102294,0.1118497,0.1378819,0.01931476,-0.07600836,0.1378272,0.158577,0.009320661,-0.04998344,0.07166255,0.08786774,0.02706627,-0.05853656,0.1037075,0.1221244,-0.8688319,-0.2163123,0.4299732,0.1160309,166.6738,-0.8747402,-0.2177833,0.4328972,17.69462,0,0,0,0,0,0,0,0,0,1,0,0,0.3814257,False,True,False,-0.0004492588,0.9824486,0.2735075,1.01981,0.4901021,-0.6710902,-0.2129589,0.5138934,118.153,0.5713117,-0.7822896,-0.2482461,0.05044926,0.01755142,0.02649248,0.05962408,0.0003717619,0.1095288,0.9739875,0.198373,157.1163,0.0003792999,0.1117497,0.9937364,-0.020134,1.102964,-0.03605502,1.103737,0.02427428,-0.02103256,0.04146218,0.9986237,6.012699,0.4628389,-0.4010288,0.7905616,False
1773055710621,1.361116,0.06002361,0.8920174,0.1876294,0.9135112,-0.1183859,-0.2665783,-0.8124047,0.5048955,119.3512,-0.1371508,-0.3088327,-0.9411759,0.002245441,0.9894362,0.2462369,1.019618,0.001311041,1.004333,0.275106,1.04133,-0.01675468,0.9803355,0.2514811,1.012216,-0.0212067,-0.07052294,0.1132618,0.1350979,-0.01858379,-0.06729911,0.1474383,0.1631336,-0.00204043,-0.08320791,0.1140901,0.1412242,-0.02158965,-0.06933483,0.1139961,0.1351612,-0.01873514,-0.06695,0.1482551,0.1637464,-0.001896188,-0.08374897,0.1145057,0.1418769,-0.01406046,-0.07266886,0.1308229,0.15031,0.1821588,0.6755586,-0.2573265,0.6664997,96.40504,0.2443427,0.9061755,-0.3451706,4.201327,-0.001605338,-0.05840209,0.1250341,0.1380106,0.7915417,0.2303529,0.1072685,0.5557815,112.4709,0.9521406,0.2770901,0.1290326,0.486878,True,True,False,-0.1034243,0.593573,0.127569,0.6158728,-0.1084434,-0.2129881,-0.3063041,-0.9214412,314.2754,-0.2791207,-0.5482067,-0.7883913,0.01272298,0.584289,0.1856646,0.6132103,0.006626584,0.5390853,0.2133082,0.5797908,-0.04177051,0.5574815,0.1693653,0.5841361,0.06271566,-0.05119934,0.1116638,0.1379254,0.01926293,-0.07595341,0.1379604,0.1586602,0.009345613,-0.04938517,0.07184581,0.08768156,0.06249077,-0.05105953,0.1118111,0.1378909,0.01930403,-0.07599698,0.1378549,0.1585943,0.009325827,-0.04985902,0.07170059,0.08782862,0.02708617,-0.05849946,0.1037412,0.1221396,-0.8687235,-0.2154236,0.430351,0.1170906,166.5516,-0.8747407,-0.2169157,0.4333318,17.71415,0,0,0,0,0,0,0,0,0,1,0,0,0.3849708,False,True,False,-0.0002534315,0.982655,0.2727944,1.019817,0.4910729,-0.6652285,-0.2133781,0.5203732,117.2854,0.5750679,-0.7790117,-0.2498751,0.05025343,0.01734495,0.02720562,0.05971935,0.007253806,0.1091838,0.9728912,0.2037379,156.4888,0.00740921,0.1115229,0.9937342,-0.02020409,1.102949,-0.03604918,1.103723,0.02440642,-0.02076037,0.04130999,0.9986325,5.993525,0.4668428,-0.3971016,0.7901722,False
1773055710635,1.375036,0.05994798,0.8921447,0.1871793,0.9135382,-0.1186927,-0.2664193,-0.8118579,0.5057861,119.2329,-0.1375894,-0.308835,-0.9411112,0.002100371,0.989544,0.2457341,1.019601,0.001108147,1.00429,0.2746694,1.041174,-0.01684135,0.9804441,0.2514181,1.012307,-0.02133903,-0.07055897,0.113205,0.1350899,-0.01852812,-0.06732032,0.1473566,0.1630622,-0.00201447,-0.08308609,0.1144149,0.1414147,-0.02153742,-0.06959174,0.1138308,0.1351456,-0.01869209,-0.06702716,0.1480675,0.1636032,-0.001920864,-0.08361066,0.1144865,0.1417801,-0.01408933,-0.07266464,0.1307857,0.1502782,0.1764444,0.6747407,-0.2556195,0.6695156,95.94063,0.2375402,0.9083772,-0.3441305,4.149294,-0.001632622,-0.0583981,0.124999,0.1379774,0.7900347,0.2321613,0.108825,0.5568694,112.3209,0.9511614,0.2795103,0.1310197,0.4499695,True,True,False,-0.1033647,0.5934427,0.1275567,0.6157347,-0.1083044,-0.2127739,-0.3062621,-0.921521,314.299,-0.2788989,-0.5479225,-0.7886675,0.01279809,0.5841548,0.18564,0.6130766,0.006634533,0.538956,0.2133991,0.579704,-0.0417997,0.5574825,0.1694723,0.5841702,0.06277575,-0.05124984,0.1116181,0.1379346,0.01924764,-0.07593882,0.1379959,0.1586823,0.009353637,-0.04921141,0.07188267,0.08761491,0.06255016,-0.05109918,0.1117709,0.1378999,0.0192923,-0.07598488,0.1378843,0.1586126,0.009331607,-0.04972372,0.07173854,0.08778352,0.02710498,-0.05845911,0.1037752,0.1221534,-0.8686221,-0.2144772,0.4307147,0.1182372,166.4193,-0.8747582,-0.2159923,0.4337573,17.73461,0,0,0,0,0,0,0,0,0,1,0,0,0.3877205,False,True,False,-0.0004382618,0.9826633,0.2723325,1.019702,0.4923934,-0.6622081,-0.2136227,0.5228714,116.9499,0.5776474,-0.7768643,-0.2506098,0.05043826,0.01733673,0.02766752,0.06008388,0.009885758,0.1083168,0.9723259,0.2067659,156.1342,0.0101041,0.1107091,0.9938015,-0.02028671,1.102918,-0.03604214,1.103693,0.02437446,-0.02079158,0.04165906,0.9986181,6.024928,0.4638053,-0.395629,0.7927024,False
1773055710649,1.389199,0.05987379,0.8922703,0.1867229,0.9135626,-0.1191877,-0.2662133,-0.8112183,0.5068035,119.0977,-0.1382589,-0.3088101,-0.9410212,0.001992915,0.9897362,0.2451285,1.019642,0.0009113103,1.004222,0.2741848,1.040981,-0.01690121,0.9805481,0.2513882,1.012401,-0.02161055,-0.07063626,0.1131021,0.1350873,-0.01847242,-0.06736271,0.1472152,0.1629457,-0.001988333,-0.08294759,0.1147555,0.1416089,-0.02155287,-0.06981403,0.1136764,0.1351327,-0.01864577,-0.06709805,0.147887,0.1634637,-0.00193513,-0.08347035,0.1145441,0.1417441,-0.01412601,-0.07265835,0.1307283,0.1502287,0.1699639,0.6730336,-0.2540825,0.6734837,95.32698,0.2299288,0.9104866,-0.3437254,4.11145,-0.001667241,-0.05839217,0.1249448,0.1379262,0.7882375,0.233867,0.1106783,0.5583353,112.1185,0.9501238,0.2818981,0.1334091,0.4311551,True,True,False,-0.1033031,0.593308,0.127544,0.6155919,-0.1081598,-0.2125491,-0.3062111,-0.9216068,314.3243,-0.2786727,-0.5476308,-0.7889501,0.01287433,0.5840133,0.1856161,0.6129361,0.006640948,0.5388206,0.213494,0.5796131,-0.04182453,0.5574725,0.1695797,0.5841936,0.06283627,-0.05130223,0.1115713,0.1379437,0.01923151,-0.07592385,0.1380326,0.158705,0.009361463,-0.04904518,0.07192107,0.08755402,0.0626106,-0.05114207,0.1117288,0.1379091,0.01927949,-0.07597201,0.1379156,0.1586321,0.009337899,-0.04957997,0.07177711,0.08773439,0.02712326,-0.05841648,0.1038101,0.1221667,-0.8685238,-0.2134717,0.4310766,0.1194542,166.2788,-0.8747874,-0.2150112,0.4341854,17.75598,0,0,0,0,0,0,0,0,0,1,0,0,0.38939,False,True,False,-0.0005509444,0.9826928,0.2719063,1.019617,0.4929811,-0.659416,-0.2141321,0.5256308,116.5786,0.5794918,-0.7751334,-0.251709,0.05055095,0.01730716,0.02809373,0.06036716,0.01300198,0.1077453,0.9718401,0.2091621,155.8535,0.01329608,0.1101824,0.9938225,-0.02036264,1.102884,-0.03606294,1.103662,0.02467962,-0.02078397,0.0417535,0.9986068,6.049572,0.467703,-0.3938766,0.7912699,False
1773055710663,1.402817,0.0597758,0.8923569,0.1863007,0.9135545,-0.1192526,-0.2661852,-0.8111231,0.5069551,119.0775,-0.1383485,-0.3088095,-0.9410083,0.002039827,0.9900202,0.2445427,1.019777,0.0007788427,1.004236,0.2737568,1.040881,-0.01698947,0.9806967,0.2511813,1.012495,-0.02194482,-0.07062064,0.1130608,0.1350984,-0.01842331,-0.06736702,0.1471691,0.1629002,-0.001966948,-0.08289222,0.1149783,0.1417568,-0.02163307,-0.06998044,0.11355,0.1351253,-0.01860029,-0.06715313,0.1477395,0.1633478,-0.00194165,-0.08335173,0.1146341,0.1417471,-0.0141643,-0.07265428,0.1306552,0.1501667,0.1637291,0.6711504,-0.2528319,0.677367,94.72354,0.2225652,0.9123288,-0.3436873,4.092381,-0.001703368,-0.0583883,0.1248758,0.1378625,0.7865189,0.2353602,0.1123883,0.5597879,111.9177,0.949173,0.2840334,0.1356305,0.416548,True,True,False,-0.1032373,0.5931317,0.1275508,0.6154124,-0.1080906,-0.2123079,-0.3062936,-0.9216431,314.335,-0.2785564,-0.5471309,-0.789338,0.01296432,0.5838763,0.1856024,0.6128032,0.006665803,0.5386521,0.2135888,0.5794918,-0.04182778,0.557416,0.1696959,0.5841736,0.0629239,-0.05133498,0.1115194,0.1379539,0.01921847,-0.07591094,0.1380629,0.1587236,0.009369588,-0.04889331,0.0719622,0.08750373,0.06267478,-0.05118157,0.1116859,0.1379182,0.01926702,-0.07595952,0.1379458,0.1586509,0.009344373,-0.04943891,0.07181503,0.08768649,0.02714419,-0.05837404,0.1038447,0.1221804,-0.8684079,-0.2124972,0.431461,0.1206408,166.1418,-0.8747972,-0.2140606,0.4346354,17.7789,0,0,0,0,0,0,0,0,0,1,0,0,0.3902824,False,True,False,-0.0006350391,0.9827151,0.2714699,1.019522,0.4931879,-0.6563528,-0.2148744,0.5289572,116.13,0.581145,-0.7734095,-0.253196,0.05063504,0.01728493,0.02853012,0.06063534,0.0168795,0.1072818,0.971323,0.2115125,155.578,0.01727024,0.1097652,0.9938076,-0.02044185,1.102855,-0.0360681,1.103634,0.02485594,-0.02093389,0.04162325,0.9986048,6.053971,0.470702,-0.3964293,0.788228,False
1773055710676,1.416663,0.05967522,0.8924464,0.1858561,0.9135448,-0.1193608,-0.266148,-0.8110145,0.507123,119.0552,-0.1384899,-0.3088017,-0.94099,0.002128631,0.9903538,0.243907,1.019949,0.0006512403,1.004254,0.2733088,1.040781,-0.017074,0.980867,0.2509986,1.012616,-0.02234994,-0.07059303,0.1130169,0.1351137,-0.01837344,-0.06736968,0.1471228,0.1628539,-0.00193971,-0.08282782,0.1152487,0.1419383,-0.02178158,-0.07010847,0.113439,0.1351223,-0.01855329,-0.06719807,0.1476112,0.1632448,-0.001941247,-0.0832428,0.1147629,0.1417874,-0.01420892,-0.07265153,0.1305613,0.150088,0.1572696,0.6689463,-0.2517407,0.6814718,94.08247,0.2148948,0.9140553,-0.3439812,4.089131,-0.001745491,-0.05838573,0.1247872,0.1377817,0.7846894,0.2368155,0.1141608,0.5613809,111.6973,0.948199,0.2861619,0.1379491,0.4156877,True,True,False,-0.1031695,0.5929493,0.1275584,0.6152268,-0.1080259,-0.212056,-0.3063847,-0.9216784,314.3454,-0.2784497,-0.5465997,-0.7897434,0.01305667,0.5837365,0.1855892,0.612668,0.006691352,0.5384772,0.2136854,0.5793651,-0.04182871,0.5573519,0.1698128,0.5841466,0.06301539,-0.05136674,0.1114658,0.1379641,0.01920525,-0.07589794,0.1380932,0.1587422,0.00937775,-0.04874315,0.07200342,0.08745474,0.06274547,-0.05121998,0.1116403,0.1379276,0.01925423,-0.07594676,0.1379763,0.1586698,0.009351282,-0.04929405,0.07185413,0.0876377,0.02716859,-0.05832997,0.1038807,0.1221954,-0.8682699,-0.2115039,0.4318859,0.1218529,166.0019,-0.8747887,-0.2130918,0.4351284,17.80435,0,0,0,0,0,0,0,0,0,1,0,0,0.39074,False,True,False,-0.0007149503,0.9827743,0.2709861,1.01945,0.4929636,-0.6542512,-0.2157887,0.531392,115.8009,0.5819248,-0.7723187,-0.2547304,0.05071495,0.01722574,0.02901387,0.06091418,0.01995325,0.1068782,0.9710381,0.2127532,155.4325,0.02042076,0.1093824,0.99379,-0.02054208,1.10282,-0.0360583,1.103601,0.02494368,-0.0209802,0.04174909,0.9985964,6.072181,0.4709464,-0.3961143,0.788239,False
1773055710691,1.430748,0.05966274,0.892485,0.1855147,0.9135123,-0.1193253,-0.2661733,-0.8110311,0.5070915,119.0594,-0.1384458,-0.3088244,-0.940989,0.002162039,0.9904664,0.2434892,1.019958,0.0006039515,1.004242,0.2729284,1.040669,-0.01710615,0.9809764,0.2507766,1.012668,-0.02246478,-0.07059729,0.1129932,0.1351152,-0.0183313,-0.06738941,0.1470653,0.1628053,-0.001923001,-0.08282598,0.1154017,0.1420612,-0.02192494,-0.070212,0.113345,0.1351203,-0.01850667,-0.06723832,0.147496,0.1631519,-0.001937409,-0.08315494,0.1148984,0.1418455,-0.01424732,-0.07265382,0.1304677,0.1500113,0.1516301,0.6666777,-0.2509283,0.6852621,93.48755,0.2081984,0.9153932,-0.3445414,4.089458,-0.001781761,-0.05838789,0.1246989,0.137703,0.7830667,0.2379531,0.1157402,0.5628402,111.4951,0.9473739,0.2878817,0.1400255,0.4056138,True,True,False,-0.1031552,0.5928893,0.1275395,0.6151626,-0.1079355,-0.2119466,-0.3065015,-0.9216753,314.3445,-0.2782114,-0.5463076,-0.7900296,0.01310811,0.5837426,0.1855291,0.6126567,0.006689779,0.5384437,0.213721,0.5793471,-0.04184622,0.5573878,0.1698822,0.5842022,0.06310362,-0.05139051,0.1114181,0.1379748,0.0191926,-0.07589098,0.138111,0.1587527,0.009383752,-0.04863701,0.072049,0.08743382,0.06282084,-0.05125584,0.1115935,0.1379374,0.01924129,-0.07593505,0.1380046,0.1586872,0.009358096,-0.04915537,0.07189512,0.08759414,0.02719681,-0.05828784,0.1039174,0.1222128,-0.8681033,-0.2105452,0.4323577,0.1230207,165.8671,-0.8747479,-0.2121568,0.435667,17.8308,0,0,0,0,0,0,0,0,0,1,0,0,0.3884234,False,True,False,-0.000787966,0.9828325,0.2704631,1.019368,0.4926042,-0.6520839,-0.2168175,0.5339643,115.4526,0.582614,-0.7712342,-0.2564349,0.05078797,0.01716751,0.0295369,0.06120923,0.02325118,0.106476,0.9707507,0.2139283,155.2947,0.02380222,0.1089994,0.9937568,-0.02063282,1.102794,-0.0360327,1.103575,0.02502593,-0.02107634,0.04174991,0.9985922,6.081073,0.4718081,-0.3973474,0.7871015,False
1773055710704,1.444415,0.05965099,0.8925233,0.1851698,0.913479,-0.1193139,-0.2661961,-0.811042,0.5070649,119.063,-0.13843,-0.3088452,-0.9409845,0.002237037,0.9906211,0.2430455,1.020003,0.0005608276,1.004231,0.2725429,1.040557,-0.01715271,0.9811171,0.2506009,1.012761,-0.02264246,-0.07058822,0.1129704,0.135121,-0.01828969,-0.06741016,0.147006,0.1627557,-0.00189804,-0.08283618,0.1156162,0.1422412,-0.022072,-0.07028977,0.1132678,0.13512,-0.01846216,-0.06727361,0.1473951,0.1630702,-0.001929324,-0.08308934,0.1150468,0.1419272,-0.01428191,-0.07266142,0.1303731,0.149936,0.1467172,0.6643082,-0.250426,0.6888073,92.92846,0.2023841,0.9163574,-0.3454416,4.094855,-0.001814437,-0.0583951,0.1246095,0.1376256,0.7815939,0.2388116,0.1171709,0.564226,111.3029,0.9466748,0.2892511,0.1419186,0.4018922,True,True,False,-0.1031426,0.5928321,0.1275196,0.6151013,-0.1078453,-0.2118471,-0.3066287,-0.9216665,314.3419,-0.277964,-0.5460216,-0.7903146,0.0131596,0.5837572,0.185465,0.6126524,0.006688781,0.5384152,0.2137517,0.5793319,-0.04186552,0.5574306,0.1699508,0.5842643,0.06319445,-0.05141246,0.1113697,0.1379855,0.01917991,-0.07588475,0.1381268,0.1587621,0.009389861,-0.04852733,0.07209499,0.08741144,0.06289761,-0.051288,0.1115476,0.1379472,0.01922871,-0.07592474,0.1380297,0.1587026,0.009364604,-0.04902591,0.07193618,0.08755597,0.02722732,-0.05824846,0.1039534,0.1222314,-0.8679177,-0.2096532,0.4328507,0.1241163,165.7406,-0.874681,-0.2112869,0.4362237,17.85726,0,0,0,0,0,0,0,0,0,1,0,0,0.3871043,False,True,False,-0.0007839352,0.9828534,0.2700243,1.019272,0.4921058,-0.6504297,-0.2177524,0.5360569,115.1688,0.5829381,-0.7704852,-0.2579448,0.05078394,0.01714659,0.02997574,0.06141302,0.0260081,0.1062024,0.9705512,0.214651,155.2099,0.02662879,0.108737,0.9937139,-0.02068714,1.102763,-0.0359957,1.103545,0.02507089,-0.02104208,0.04177904,0.9985906,6.084548,0.4723855,-0.3964748,0.7872005,False
1773055710718,1.458398,0.05963925,0.8925635,0.1848018,0.913443,-0.1193257,-0.2662163,-0.8110474,0.5070428,119.0659,-0.1384415,-0.308864,-0.9409767,0.00236138,0.9908289,0.2425506,1.020087,0.0005210936,1.004224,0.2721329,1.040443,-0.01722935,0.9813167,0.2504918,1.012929,-0.02289693,-0.07056279,0.112948,0.1351319,-0.01824862,-0.06743183,0.1469454,0.1627053,-0.001858516,-0.08286853,0.1159436,0.1425256,-0.02224431,-0.07034721,0.1132007,0.135122,-0.01841756,-0.0673067,0.1473007,0.1629936,-0.001914522,-0.08304307,0.1152353,0.1420528,-0.01431868,-0.07267572,0.1302679,0.149855,0.1420098,0.6614699,-0.2502674,0.6925728,92.33177,0.1968673,0.9169914,-0.346944,4.107506,-0.001849142,-0.05840857,0.1245102,0.1375419,0.7800671,0.2394555,0.1186475,0.5657554,111.0905,0.9460254,0.2903993,0.1438896,0.4042124,True,True,False,-0.1031319,0.5927775,0.1274987,0.6150425,-0.1077555,-0.211757,-0.3067658,-0.9216521,314.3376,-0.2777078,-0.5457411,-0.7905982,0.01321116,0.5837802,0.1853974,0.6126549,0.006688379,0.5383914,0.2137779,0.5793194,-0.04188767,0.557482,0.1700195,0.584335,0.06328782,-0.05143252,0.1113209,0.1379964,0.01916708,-0.07587933,0.138141,0.1587703,0.009396187,-0.04841162,0.07214148,0.0873863,0.06297927,-0.05131822,0.1115002,0.1379574,0.01921585,-0.07591526,0.138053,0.1587168,0.009371194,-0.04889696,0.07197912,0.08751985,0.0272612,-0.05820905,0.1039903,0.1222516,-0.8677063,-0.2087792,0.4333813,0.1252109,165.6141,-0.8745892,-0.2104353,0.436819,17.88508,0,0,0,0,0,0,0,0,0,1,0,0,0.3862455,False,True,False,-0.0007813759,0.9828744,0.269582,1.019175,0.4914946,-0.6490271,-0.2186341,0.5379554,114.9109,0.5830488,-0.769926,-0.2593606,0.05078138,0.01712561,0.03041804,0.06162217,0.02854396,0.1060317,0.9703907,0.2151381,155.1527,0.02922839,0.1085741,0.9936587,-0.02065876,1.102705,-0.03595876,1.103484,0.02519483,-0.02093145,0.04183976,0.9985873,6.091751,0.4741592,-0.3939238,0.787412,False
1773055710732,1.472242,0.05975968,0.8925839,0.1841959,0.9133484,-0.1196284,-0.2658813,-0.8112406,0.5068383,119.0931,-0.1387735,-0.3084322,-0.9410694,0.00261588,0.9909164,0.2419735,1.020036,0.0006829649,1.004149,0.2713979,1.040179,-0.01713248,0.9815941,0.2503129,1.013152,-0.02295739,-0.07057174,0.1129361,0.1351369,-0.01820466,-0.06755296,0.146709,0.1625372,-0.001795469,-0.08296097,0.1163886,0.1429407,-0.02239217,-0.07039406,0.1131457,0.1351247,-0.01837344,-0.06735779,0.1471775,0.1628984,-0.001889838,-0.08302601,0.1154754,0.1422373,-0.01434601,-0.07271077,0.1301444,0.1497672,0.1380915,0.6578628,-0.2505889,0.6966724,91.67872,0.1924917,0.9170234,-0.3493067,4.115708,-0.001874933,-0.05844167,0.1243936,0.1374508,0.7785116,0.2396254,0.1202651,0.5674819,110.8504,0.9455004,0.2910244,0.1460617,0.4219887,True,True,False,-0.1031202,0.5927191,0.1274432,0.6149727,-0.1077315,-0.2117084,-0.3068741,-0.92163,314.3311,-0.2776085,-0.5455421,-0.7907705,0.01326394,0.5838054,0.1852906,0.6126478,0.006695844,0.5383508,0.2137429,0.5792689,-0.04188936,0.5574934,0.1700301,0.5843492,0.06338478,-0.05142943,0.1112779,0.138005,0.01915805,-0.07587494,0.1381474,0.1587726,0.009401214,-0.04833319,0.07218609,0.08738028,0.06306348,-0.05134128,0.1114541,0.1379672,0.01920388,-0.07590691,0.1380726,0.1587283,0.009377408,-0.04877954,0.07202207,0.08749033,0.02729854,-0.05817219,0.1040266,0.1222732,-0.8674682,-0.2080047,0.4339423,0.1262027,165.4996,-0.87446,-0.2096812,0.4374399,17.91325,0,0,0,0,0,0,0,0,0,1,0,0,0.3835741,False,True,False,-0.0007789545,0.9828973,0.2691062,1.019071,0.4906421,-0.6477129,-0.2196017,0.53992,114.6436,0.5829067,-0.7695144,-0.2608975,0.05077896,0.01710272,0.0308938,0.06185008,0.03121891,0.1059563,0.9702575,0.2154047,155.1215,0.03196938,0.1085034,0.9935818,-0.02061861,1.102628,-0.03594103,1.103406,0.02547025,-0.02053307,0.04224097,0.9985718,6.125209,0.476728,-0.3843185,0.7906265,False
1773055710746,1.486078,0.0598968,0.8926067,0.1835072,0.913241,-0.1202788,-0.2651892,-0.8116245,0.5064321,119.1471,-0.1394893,-0.3075442,-0.9412542,0.003014043,0.9910396,0.2413848,1.020017,0.0009477437,1.004058,0.2705309,1.039865,-0.01692665,0.9819499,0.2501922,1.013463,-0.02302365,-0.07057835,0.1129262,0.1351433,-0.01815655,-0.06776505,0.1463434,0.1622903,-0.001716971,-0.08307619,0.1169056,0.1434277,-0.02252312,-0.07043248,0.1131,0.1351282,-0.0183285,-0.06744228,0.1470039,0.1627714,-0.001854022,-0.08303643,0.1157724,0.1424842,-0.01436394,-0.07277561,0.1299835,0.1496607,0.1348473,0.6534178,-0.2512723,0.7012302,90.94843,0.1891439,0.9165182,-0.3524477,4.117437,-0.00189182,-0.05850285,0.1242417,0.1373396,0.776869,0.2393092,0.1221429,0.5694619,110.5746,0.9450758,0.2911242,0.1485891,0.4460154,True,True,False,-0.1031099,0.5926627,0.1273849,0.6149046,-0.1077153,-0.2116722,-0.3069873,-0.9216024,314.323,-0.27752,-0.545357,-0.7909288,0.01331672,0.5838382,0.1851784,0.6126463,0.006704584,0.5383126,0.2136989,0.5792172,-0.04189378,0.5575113,0.1700367,0.5843684,0.06348421,-0.05142198,0.1112351,0.1380135,0.01914936,-0.07587129,0.1381513,0.1587732,0.009406357,-0.04824942,0.07222985,0.08737069,0.06315082,-0.05135801,0.1114087,0.1379767,0.0191926,-0.07589953,0.1380889,0.1587376,0.009383398,-0.04866917,0.07206517,0.08746499,0.02733917,-0.05813641,0.1040624,0.1222958,-0.8672048,-0.2073113,0.4345301,0.1271275,165.3927,-0.8742986,-0.2090071,0.4380846,17.94216,0,0,0,0,0,0,0,0,0,1,0,0,0.3818012,False,True,False,-0.0005407929,0.9829061,0.2684484,1.018906,0.4891101,-0.6466045,-0.2210837,0.5420295,114.3562,0.5820248,-0.769438,-0.2630824,0.05054079,0.0170939,0.03155166,0.06198452,0.03438217,0.1059182,0.9702573,0.2149419,155.1758,0.03520503,0.1084531,0.9934781,-0.02055321,1.102537,-0.03593102,1.103314,0.02577881,-0.02036821,0.04269241,0.998548,6.176007,0.4785378,-0.3780997,0.7925088,False
1773055710760,1.500084,0.05973719,0.8927627,0.1827922,0.9132397,-0.1253071,-0.2613333,-0.813521,0.5041694,119.4475,-0.1450977,-0.3026075,-0.9420061,0.00433623,0.9915932,0.2414268,1.02057,0.0003773049,1.002821,0.2657225,1.037429,-0.01562853,0.9827468,0.2504811,1.014286,-0.02298399,-0.07059498,0.1129252,0.1351444,-0.01800197,-0.07084106,0.1411494,0.1589518,-0.001693612,-0.08313569,0.1169979,0.1435372,-0.02261964,-0.07046667,0.1130633,0.1351315,-0.01826018,-0.06815638,0.145767,0.1619467,-0.001820477,-0.08305723,0.116029,0.1427044,-0.01428316,-0.07323705,0.1290057,0.1490306,0.1360587,0.6488044,-0.2480025,0.7064245,90.11051,0.1922307,0.9166642,-0.3503908,3.972068,-0.001815586,-0.05893846,0.1233187,0.1366914,0.7758927,0.2361181,0.130863,0.5701874,110.4734,0.9444662,0.287418,0.1592947,1.204608,True,True,False,-0.1031544,0.59273,0.1273234,0.6149642,-0.1076344,-0.2117631,-0.3071438,-0.9215388,314.3042,-0.2772038,-0.5453792,-0.7910246,0.01331553,0.5840327,0.1850656,0.6127974,0.006680079,0.5384259,0.2136333,0.5792981,-0.04193705,0.5576654,0.1700239,0.5845148,0.06357225,-0.05139116,0.1112089,0.1380214,0.01913668,-0.07587068,0.1381481,0.1587686,0.009413472,-0.04817383,0.07226551,0.08735923,0.06323916,-0.05136495,0.1113669,0.137986,0.01918091,-0.07589351,0.1381013,0.1587441,0.009389681,-0.04856505,0.07210712,0.08744237,0.02738203,-0.0581005,0.1040975,0.1223181,-0.8669242,-0.2067415,0.4351125,0.1279749,165.2948,-0.8741117,-0.2084556,0.43872,17.97171,0,0,0,0,0,0,0,0,0,1,0,0,0.3797753,False,True,False,-0.0001759119,0.9829247,0.2677455,1.018739,0.4867754,-0.6456559,-0.2230987,0.544431,114.0284,0.5803197,-0.7697325,-0.2659719,0.05017591,0.0170753,0.03225452,0.06204468,0.03821401,0.1059948,0.970374,0.2137272,155.3183,0.0391179,0.1085019,0.9933264,-0.0204779,1.102454,-0.03591634,1.103229,0.02598264,-0.01991448,0.04303184,0.9985372,6.198788,0.4805532,-0.3683216,0.7958809,False
1773055710774,1.513924,0.05957372,0.892922,0.1820608,0.9132387,-0.1315168,-0.2566192,-0.8157352,0.501424,119.8115,-0.152007,-0.2966005,-0.9428266,0.00600059,0.9922194,0.2416012,1.021228,0.001255162,1.002264,0.2629707,1.036189,-0.01398417,0.9836644,0.2509506,1.015267,-0.02293499,-0.07061091,0.1129269,0.1351459,-0.01791312,-0.0724593,0.1378736,0.1567813,-0.001666114,-0.08320674,0.1171003,0.1436615,-0.02268507,-0.07049672,0.113035,0.1351344,-0.01818823,-0.06905542,0.1441035,0.1608269,-0.001788507,-0.08308826,0.1162509,0.1429026,-0.0141543,-0.07380708,0.1277397,0.1482068,0.1393244,0.6443951,-0.2431987,0.711476,89.28973,0.1982672,0.9170138,-0.3460868,3.765422,-0.001693956,-0.05947652,0.1221237,0.1358474,0.7766036,0.2316686,0.1411756,0.5685823,110.6971,0.9440541,0.2816207,0.1716157,1.281618,True,True,False,-0.1032034,0.5928067,0.1272593,0.6150331,-0.1075517,-0.21188,-0.3073097,-0.9214664,314.2828,-0.2768682,-0.5454383,-0.791101,0.01331091,0.5842455,0.1849487,0.6129649,0.006655887,0.5385523,0.213558,0.5793875,-0.04198564,0.5578363,0.1700059,0.5846761,0.06366072,-0.05135382,0.1111851,0.1380291,0.01912386,-0.07587098,0.1381419,0.1587618,0.009421057,-0.04809188,0.07229879,0.08734243,0.06332672,-0.05136264,0.1113292,0.1379948,0.0191691,-0.07588884,0.1381097,0.1587478,0.009396174,-0.04846653,0.07214689,0.08742119,0.02742588,-0.05806429,0.1041309,0.1223393,-0.8666345,-0.2062947,0.4356726,0.1287498,165.2053,-0.8739079,-0.2080261,0.439329,18.00141,0,0,0,0,0,0,0,0,0,1,0,0,0.378552,False,True,False,0.001011364,0.9830751,0.2669319,1.018671,0.477621,-0.6447724,-0.224703,0.5528612,112.873,0.5731865,-0.7737825,-0.269663,0.04898864,0.01692492,0.03306812,0.0614804,0.04885198,0.1115679,0.9700864,0.2099966,155.7557,0.04996612,0.1141124,0.9922106,-0.02029777,1.102397,-0.03591125,1.103168,0.02618541,-0.01939584,0.04324218,0.9985331,6.207624,0.4836137,-0.3582183,0.7986321,False
1773055710788,1.527816,0.05884945,0.8932549,0.1808778,0.9132822,-0.1442787,-0.247698,-0.8186038,0.4977121,120.3025,-0.1663457,-0.2855828,-0.943807,0.008215897,0.9928851,0.2423358,1.022064,0.001508474,0.9981712,0.2523586,1.029579,-0.01125871,0.9849594,0.2515137,1.016627,-0.02219651,-0.0707923,0.1129207,0.1351123,-0.01794396,-0.07644756,0.1249422,0.1475695,-0.001710527,-0.08332513,0.1166483,0.1433626,-0.02258347,-0.07055846,0.1130112,0.1351297,-0.01813743,-0.07061465,0.1399836,0.1578316,-0.00177231,-0.08313753,0.1163335,0.1429981,-0.01372492,-0.07486685,0.1248665,0.1462363,0.1492437,0.6403469,-0.2332137,0.7164451,88.47649,0.2139255,0.9178712,-0.3342878,3.227668,-0.001288614,-0.06047694,0.1194114,0.1338589,0.7829562,0.2235169,0.155687,0.5592687,111.9895,0.944474,0.2696266,0.187804,1.299998,True,True,False,-0.1032218,0.592828,0.1272377,0.6150522,-0.1074577,-0.2120022,-0.3073165,-0.921447,314.2771,-0.2765935,-0.5456885,-0.7910249,0.01332892,0.5843567,0.1848815,0.613051,0.006646246,0.5385967,0.2135328,0.5794194,-0.04201445,0.557936,0.1700296,0.5847802,0.06373201,-0.05132287,0.1111671,0.138036,0.01910937,-0.07587039,0.1381395,0.1587577,0.009429132,-0.04801152,0.07232886,0.08732399,0.06341115,-0.05135437,0.1112954,0.1380033,0.0191567,-0.07588501,0.1381159,0.1587498,0.009403015,-0.0483715,0.07218475,0.08740056,0.02746886,-0.05802786,0.1041632,0.1223591,-0.8663487,-0.2059334,0.4361964,0.129476,165.1214,-0.8737031,-0.2076816,0.4398993,18.03055,0,0,0,0,0,0,0,0,0,1,0,0,0.3774329,False,True,False,0.002462383,0.9831648,0.2660195,1.018521,0.4673815,-0.644681,-0.2242006,0.5618498,111.6324,0.5649895,-0.7793162,-0.2710227,0.04753762,0.01683521,0.03398052,0.06081057,0.0591474,0.1196396,0.9693604,0.2062246,156.1976,0.06044672,0.1222678,0.9906548,-0.02004338,1.102324,-0.03593096,1.103091,0.02621345,-0.01878014,0.04305777,0.9985521,6.167253,0.4872974,-0.3491152,0.8004264,False
1773055710802,1.541726,0.05809341,0.8936015,0.1796458,0.9133297,-0.1558955,-0.2395643,-0.8209662,0.4942874,120.7545,-0.1793348,-0.2755834,-0.9444007,0.009987555,0.9932951,0.242911,1.022615,0.003337473,0.9962966,0.2472935,1.026534,-0.008888207,0.9860275,0.2515484,1.017647,-0.02121399,-0.07101522,0.1129122,0.1350643,-0.01800918,-0.07740919,0.1184022,0.1426029,-0.001778314,-0.08349513,0.1159696,0.142911,-0.02229883,-0.07065396,0.1129905,0.1351151,-0.01811074,-0.072057,0.1352563,0.1543194,-0.001773558,-0.08321197,0.1162578,0.1429799,-0.01305063,-0.07591297,0.1219022,0.1441987,0.1637265,0.6371177,-0.2208055,0.7200831,87.87733,0.2359553,0.9181854,-0.318215,2.611262,-0.0006521416,-0.06146447,0.1166133,0.1318217,0.7930841,0.2128034,0.1706171,0.5446304,114.0012,0.9456381,0.2537372,0.2034362,1.3,True,True,False,-0.1032419,0.5928532,0.1272168,0.6150755,-0.1073607,-0.2121461,-0.3073093,-0.9214275,314.2714,-0.2763111,-0.545994,-0.7909126,0.01334511,0.5844726,0.1848147,0.6131417,0.006636687,0.5386443,0.2135037,0.5794528,-0.04204669,0.5580431,0.1700518,0.5848911,0.06380125,-0.0512876,0.1111519,0.1380426,0.01909453,-0.07587042,0.1381353,0.1587522,0.00943762,-0.04792675,0.07235678,0.08730146,0.06349251,-0.05134048,0.1112656,0.1380115,0.01914378,-0.07588198,0.1381199,0.1587503,0.009410206,-0.04827854,0.07222058,0.08737952,0.0275108,-0.05799074,0.1041942,0.1223773,-0.8660679,-0.2056514,0.4366817,0.1301651,165.0417,-0.8734994,-0.207416,0.4404287,18.05919,0,0,0,0,0,0,0,0,0,1,0,0,0.3767295,False,True,False,0.004607342,0.9828813,0.2642032,1.017782,0.4534046,-0.6457512,-0.2186442,0.5741293,109.9226,0.5537667,-0.7886896,-0.2670415,0.04539266,0.01711869,0.03579685,0.06029061,0.07077356,0.1346634,0.967379,0.2025705,156.6254,0.07227193,0.1375144,0.9878597,-0.01978071,1.102254,-0.03597675,1.103018,0.02665516,-0.01811833,0.04305847,0.9985526,6.166237,0.4955902,-0.3368679,0.8005711,False
1773055710814,1.555608,0.05737226,0.8939314,0.1784731,0.913377,-0.1658414,-0.2325928,-0.8227993,0.4913233,121.1448,-0.1904084,-0.2670481,-0.9446852,0.01136189,0.9935479,0.2433057,1.022968,0.005056344,0.9949425,0.2435507,1.02433,-0.006950617,0.9868702,0.2512474,1.018374,-0.02021218,-0.07123494,0.1128988,0.1350152,-0.01807519,-0.07769827,0.113626,0.138833,-0.001853228,-0.08367396,0.115218,0.1424077,-0.02186537,-0.07077525,0.1129714,0.1350917,-0.01810335,-0.07325717,0.1304504,0.1507038,-0.001790095,-0.08330791,0.1160417,0.1428604,-0.01209358,-0.07691357,0.1192773,0.1424395,0.1839432,0.6339064,-0.2044724,0.7228545,87.41869,0.2661985,0.917375,-0.2959078,1.999174,0.0002512959,-0.06240901,0.1141354,0.130084,0.8072674,0.1983947,0.1879322,0.5231066,116.9183,0.9471998,0.2327846,0.2205085,1.3,True,True,False,-0.1032635,0.5928821,0.1271966,0.6151028,-0.107261,-0.2123107,-0.3072887,-0.9214081,314.2657,-0.2760217,-0.5463529,-0.7907661,0.01335958,0.5845931,0.1847484,0.613237,0.006627277,0.538695,0.2134707,0.5794877,-0.04208187,0.5581568,0.1700725,0.5850082,0.06386847,-0.05124821,0.1111395,0.1380491,0.0190794,-0.07587105,0.1381294,0.1587456,0.009446507,-0.04783828,0.07238275,0.08727542,0.0635708,-0.05132132,0.1112394,0.1380193,0.01913042,-0.07587972,0.1381219,0.1587493,0.009417738,-0.04818666,0.0722543,0.08735749,0.02755155,-0.05795265,0.1042238,0.1223936,-0.8657934,-0.2054431,0.4371265,0.1308253,164.9654,-0.8732991,-0.2072241,0.4409161,18.08737,0,0,0,0,0,0,0,0,0,1,0,0,0.3763399,False,True,False,0.006152745,0.982299,0.26218,1.016704,0.4409366,-0.6497847,-0.2059697,0.5838931,108.5503,0.5431388,-0.8003946,-0.2537103,0.04384726,0.01770103,0.03781998,0.06054964,0.07594197,0.1543832,0.9644175,0.2007429,156.8392,0.07751997,0.1575911,0.9844571,-0.01955409,1.102183,-0.03604317,1.102945,0.02675108,-0.0174203,0.04270709,0.9985775,6.112796,0.5017188,-0.3267192,0.8009751,False
1773055710832,1.572683,0.05635667,0.894184,0.1772763,0.913328,-0.170886,-0.2272887,-0.8235841,0.4907618,121.2187,-0.196129,-0.2608635,-0.9452427,0.01170314,0.9940282,0.2429065,1.023344,0.00550703,0.9952259,0.2434674,1.024588,-0.006528035,0.9872682,0.2513522,1.018783,-0.02044949,-0.07143889,0.1128588,0.1351251,-0.01805803,-0.07765852,0.1136614,0.1388375,-0.001820311,-0.08373063,0.115349,0.1425465,-0.02151968,-0.07093786,0.1129439,0.1350985,-0.0180923,-0.07435705,0.1260496,0.1474612,-0.001797458,-0.08341092,0.1158726,0.1427833,-0.01096627,-0.07788808,0.1172875,0.1412203,0.2109226,0.6270943,-0.1778515,0.7284458,86.48748,0.3078697,0.9153279,-0.2595981,1.465243,0.001315448,-0.0633289,0.112257,0.128895,0.8241854,0.1791399,0.2176399,0.4911825,121.1633,0.9461902,0.2056581,0.2498573,1.29997,True,True,False,-0.1033529,0.5928696,0.127178,0.615102,-0.1071167,-0.2124171,-0.3072914,-0.9213995,314.2631,-0.275636,-0.546598,-0.7907315,0.0133016,0.5846673,0.184692,0.6132895,0.006540634,0.5387123,0.2134499,0.5794951,-0.04218177,0.558218,0.1700948,0.5850802,0.06393335,-0.05122381,0.1111213,0.1380554,0.01906722,-0.0758747,0.1381169,0.158735,0.009454723,-0.04777059,0.072404,0.08725686,0.06365942,-0.05129755,0.1112105,0.1380281,0.01911502,-0.07587849,0.1381207,0.1587458,0.009426747,-0.04808477,0.07229084,0.08733255,0.02759834,-0.05791,0.1042553,0.1224108,-0.8654804,-0.2052514,0.4376172,0.1315553,164.8811,-0.8730684,-0.2070509,0.4414539,18.11913,0,0,0,0,0,0,0,0,0,1,0,0,0.3738793,False,True,False,0.007044587,0.9815589,0.2603901,1.015535,0.4294038,-0.6572469,-0.1832137,0.5916684,107.449,0.5326392,-0.8152595,-0.2272611,0.04295541,0.01844108,0.03960994,0.06127143,0.0738804,0.181577,0.9596635,0.2015378,156.7462,0.07542813,0.1853808,0.9797676,-0.01933002,1.10213,-0.03611897,1.102891,0.02686099,-0.01675299,0.04240353,0.9985989,6.066633,0.5076099,-0.3165924,0.8013276,False
1773055710843,1.583382,0.05541103,0.8944231,0.1761544,0.9132871,-0.1755911,-0.2225722,-0.8242639,0.4901208,121.303,-0.2014458,-0.2553445,-0.9456314,0.01186971,0.9944943,0.2423805,1.023674,0.005955711,0.9954029,0.2431467,1.024687,-0.006136402,0.9876769,0.2513862,1.019185,-0.02063278,-0.07178372,0.1127352,0.1352325,-0.01805444,-0.07758202,0.1134886,0.1386528,-0.001784723,-0.08379158,0.1154891,0.1426953,-0.02137027,-0.07108086,0.1129087,0.1351205,-0.01808593,-0.07491485,0.1237462,0.1457822,-0.001795319,-0.08347483,0.1158081,0.1427683,-0.01025912,-0.078438,0.1164545,0.1407815,0.2298316,0.6205574,-0.1560984,0.7332934,85.67358,0.3380313,0.912702,-0.229586,1.19806,0.001982988,-0.06384801,0.1114708,0.1284766,0.8344024,0.1655311,0.2424372,0.4664722,124.3889,0.9433223,0.1871389,0.2740842,1.299728,True,True,False,-0.1034476,0.5928578,0.1271601,0.6151028,-0.1069648,-0.2125336,-0.3072859,-0.9213921,314.2609,-0.2752327,-0.546873,-0.7906814,0.01323767,0.5847422,0.1846369,0.6133429,0.006449044,0.5387306,0.2134273,0.5795028,-0.04228956,0.5582834,0.1701165,0.5851567,0.06399626,-0.05119794,0.1111044,0.1380614,0.01905515,-0.07587925,0.1381022,0.158723,0.009463212,-0.04769901,0.0724225,0.08723397,0.0637162,-0.05128082,0.1111927,0.1380337,0.01910497,-0.07587862,0.1381176,0.158742,0.009432869,-0.04801962,0.07231299,0.0873157,0.02762864,-0.05788247,0.1042741,0.1224206,-0.8652791,-0.2051571,0.4379195,0.13202,164.8273,-0.8729197,-0.2069687,0.4417864,18.13949,0,0,0,0,0,0,0,0,0,1,0,0,0.3742084,False,True,False,0.006193791,0.9803592,0.2589552,1.014002,0.4186122,-0.6653196,-0.1410052,0.6018566,105.994,0.5241798,-0.8331031,-0.1765646,0.04380621,0.0196408,0.04104477,0.06316184,0.06525178,0.2238272,0.9491822,0.2114165,155.5892,0.06676083,0.2290036,0.9711336,-0.01912313,1.102123,-0.03614191,1.102881,0.02670207,-0.01633625,0.04206179,0.9986245,6.011006,0.5092732,-0.3115718,0.8022204,False
1773055710858,1.597381,0.05332677,0.8947169,0.1740021,0.9130382,-0.1785728,-0.217875,-0.8245628,0.4906509,121.2333,-0.2049367,-0.2500413,-0.9462982,0.01021606,0.99463,0.2408277,1.023421,0.005057998,0.9958104,0.2427238,1.024977,-0.007268205,0.9877734,0.2503964,1.019042,-0.02065568,-0.07230981,0.1124484,0.1352775,-0.01806435,-0.07731625,0.1143657,0.1392251,-0.001768369,-0.08379544,0.115599,0.1427863,-0.02122048,-0.07133943,0.1128123,0.1351526,-0.01808142,-0.07543083,0.1216119,0.1442436,-0.001789689,-0.08354177,0.1157643,0.1427719,-0.009524542,-0.07900083,0.1158316,0.1405304,0.250667,0.6110336,-0.1281056,0.7398602,84.56099,0.3725946,0.9082481,-0.1904178,0.960876,0.002676417,-0.06437926,0.1108827,0.1282452,0.8434648,0.1504777,0.2747708,0.4363762,128.2542,0.9374289,0.1672412,0.305381,1.293189,True,True,False,-0.1033753,0.5929201,0.1271246,0.6151433,-0.1068046,-0.2125712,-0.307223,-0.921423,314.2701,-0.2748721,-0.5470728,-0.7906686,0.01332667,0.584852,0.1845862,0.6134343,0.006509863,0.5388156,0.213432,0.5795842,-0.04224062,0.5584115,0.1701278,0.5852787,0.06404021,-0.05118713,0.111091,0.1380669,0.01904369,-0.07587076,0.1381164,0.1587299,0.009471622,-0.04763113,0.07243989,0.08721223,0.06378412,-0.05126124,0.1111714,0.1380406,0.01909216,-0.07587698,0.1381173,0.1587395,0.009440963,-0.04793803,0.07233955,0.08729374,0.02766421,-0.05784805,0.1042981,0.1224328,-0.865047,-0.2050115,0.4382733,0.1325916,164.7613,-0.8727527,-0.2068377,0.4421774,18.16458,0,0,0,0,0,0,0,0,0,1,0,0,0.3731836,False,True,False,0.005871695,0.9799101,0.2582766,1.013393,0.4095311,-0.6678915,-0.1090237,0.6118163,104.5581,0.5177385,-0.8443636,-0.1378302,0.04412831,0.02008992,0.04172343,0.06396684,0.06212332,0.2557468,0.9392045,0.2205209,154.5208,0.06369125,0.2622016,0.962909,-0.01892116,1.102177,-0.03613287,1.102932,0.02621607,-0.01618169,0.04146743,0.9986648,5.922291,0.5074862,-0.3132424,0.8027195,False
1773055710870,1.611254,0.05139586,0.8949974,0.1719943,0.9128219,-0.1817858,-0.2131969,-0.8248702,0.4910092,121.1861,-0.2086723,-0.2447291,-0.9468703,0.008795455,0.9947959,0.2394041,1.023235,0.004270259,0.9959166,0.241843,1.024869,-0.008178085,0.9879017,0.249542,1.018964,-0.02069111,-0.07281973,0.1121712,0.1353263,-0.01807955,-0.0771338,0.1145447,0.1392731,-0.001749426,-0.08380071,0.1157242,0.1428906,-0.02111029,-0.07164891,0.1126788,0.1351877,-0.01808103,-0.07579391,0.1200156,0.1430922,-0.001781339,-0.08359545,0.115756,0.1427964,-0.008916711,-0.07946725,0.1154703,0.1404562,0.267457,0.6011394,-0.1013381,0.7462096,83.47381,0.4017614,0.9030035,-0.1522254,0.7920315,0.00325018,-0.06481957,0.1105417,0.1281858,0.8484967,0.1387646,0.3049535,0.409635,131.6362,0.9301149,0.1521125,0.3342874,1.254517,True,True,False,-0.1032966,0.5929875,0.1270885,0.6151877,-0.106637,-0.2126067,-0.3071458,-0.92146,314.2809,-0.2745027,-0.5472879,-0.7906485,0.01341974,0.5849618,0.1845383,0.6135266,0.00657542,0.5389052,0.2134402,0.5796713,-0.04218923,0.5585468,0.1701386,0.5854073,0.06407997,-0.05117729,0.1110793,0.1380723,0.01903236,-0.07586121,0.1381328,0.1587382,0.009480265,-0.04755979,0.07245477,0.0871866,0.0638457,-0.05124383,0.1111523,0.1380472,0.01907976,-0.07587371,0.1381205,0.1587392,0.009449113,-0.04785917,0.07236349,0.08727118,0.02769564,-0.05781484,0.1043212,0.1224439,-0.8648461,-0.2048462,0.4385827,0.1331337,164.6986,-0.872614,-0.206686,0.442522,18.18816,0,0,0,0,0,0,0,0,0,1,0,0,0.372554,False,True,False,0.003954846,0.9793005,0.2567961,1.012418,0.4001345,-0.6676667,-0.06810436,0.6240796,102.7707,0.5120996,-0.8544922,-0.08716122,0.04604515,0.0206995,0.04320392,0.066447,0.05834245,0.2941508,0.9245762,0.2350115,152.8154,0.06002355,0.3026266,0.9512173,-0.01876608,1.102276,-0.03614709,1.103029,0.026059,-0.01585318,0.04074033,0.9987041,5.834509,0.512027,-0.3114952,0.8004969,False
1773055710885,1.625135,0.04840763,0.8951889,0.1695866,0.9123958,-0.1829751,-0.2119374,-0.8251289,0.4906781,121.2297,-0.2099926,-0.2432313,-0.9469644,0.005816072,0.9950686,0.2369406,1.022906,0.002107233,0.9966156,0.240712,1.025275,-0.01069497,0.9882769,0.2477595,1.018916,-0.02071395,-0.07324446,0.1119298,0.1353592,-0.01810261,-0.0767532,0.115797,0.1400989,-0.001704177,-0.08372986,0.116142,0.1431871,-0.02102774,-0.07198296,0.1125228,0.1352224,-0.01808551,-0.07599828,0.1190648,0.1424052,-0.001765329,-0.08362334,0.1158362,0.1428776,-0.008510668,-0.07979273,0.1153386,0.1405073,0.2731447,0.5937734,-0.08491243,0.7520738,82.45933,0.414434,0.900914,-0.128835,0.6950702,0.003343523,-0.0620607,0.1125228,0.128546,0.8493367,0.1383226,0.3048328,0.4081311,131.825,0.9303483,0.1515161,0.3339085,0.9571218,True,False,True,-0.1032649,0.5929892,0.1270891,0.6151841,-0.1065344,-0.2125485,-0.3070967,-0.9215016,314.2932,-0.2743084,-0.5472772,-0.7907233,0.01345444,0.5849937,0.1845471,0.6135603,0.006586231,0.538914,0.2134943,0.5796995,-0.04218803,0.5586032,0.170186,0.5854747,0.0641146,-0.05116515,0.1110708,0.138077,0.01902379,-0.07585183,0.1381549,0.1587519,0.009488481,-0.04749515,0.07246934,0.08716436,0.06390169,-0.05122751,0.1111353,0.1380534,0.01906814,-0.07586917,0.1381277,0.1587418,0.009457281,-0.04778324,0.07238549,0.08724871,0.02772351,-0.05778279,0.1043442,0.1224547,-0.8646708,-0.2046711,0.4388552,0.133643,164.6397,-0.8724975,-0.2065237,0.4428276,18.21056,0,0,0,0,0,0,0,0,0,1,0,0,0.3717366,False,True,False,0.00240507,0.9789022,0.2556095,1.011727,0.3916016,-0.6636618,-0.03248934,0.6365106,100.9358,0.5077374,-0.8604814,-0.04212459,0.04759493,0.02109778,0.04439056,0.06841721,0.0580065,0.3269661,0.9096407,0.2495644,151.0965,0.0599019,0.3376499,0.9393638,-0.01859979,1.102378,-0.03621689,1.10313,0.02543578,-0.01578039,0.03984593,0.9987574,5.713134,0.5103917,-0.3166478,0.7995445,False
1773055710902,1.641962,0.04584813,0.8953676,0.1674909,0.9120517,-0.1841644,-0.2107336,-0.8253654,0.4903537,121.2723,-0.2113132,-0.2417991,-0.9470375,0.003272884,0.9953519,0.2347713,1.02267,0.0002009347,0.9970281,0.2393396,1.025353,-0.01274823,0.9886906,0.2464093,1.019014,-0.02076265,-0.07366336,0.1116939,0.1353991,-0.01812219,-0.07650474,0.1163969,0.1404622,-0.00164343,-0.08362015,0.11671,0.1435836,-0.02096365,-0.07239156,0.1123222,0.1352638,-0.01809436,-0.07612316,0.1183726,0.1418951,-0.001735969,-0.08362257,0.1160468,0.1430476,-0.008171497,-0.08006856,0.1153482,0.1406519,0.2678297,0.5880317,-0.07714964,0.7592983,81.19525,0.4115754,0.9036316,-0.1185563,0.6254094,0.00366368,-0.06232108,0.1125318,0.1286886,0.8493367,0.1383226,0.3048328,0.4081311,131.825,0.9303483,0.1515161,0.3339085,1.293433,True,False,True,-0.1032313,0.5929906,0.1270919,0.6151804,-0.1064352,-0.2124754,-0.3070404,-0.9215487,314.3071,-0.2741318,-0.5472465,-0.7908056,0.01348746,0.5850194,0.1845634,0.6135904,0.006596453,0.5389203,0.2135548,0.5797277,-0.0421877,0.5586579,0.1702352,0.5855412,0.06414511,-0.05115341,0.1110638,0.1380813,0.01901582,-0.07584142,0.1381793,0.1587672,0.009496788,-0.04743012,0.07248209,0.08714046,0.06396052,-0.05120966,0.1111181,0.1380602,0.01905554,-0.07586249,0.1381401,0.158748,0.009466798,-0.04769776,0.0724088,0.0872223,0.02775189,-0.05774663,0.1043706,0.1224666,-0.8644956,-0.2044573,0.4391293,0.1342018,164.5751,-0.8723872,-0.2063237,0.4431379,18.23526,0,0,0,0,0,0,0,0,0,1,0,0,0.3703229,False,True,False,0.00240507,0.9789022,0.2556095,1.011727,0.3916016,-0.6636618,-0.03248934,0.6365106,100.9358,0.5077374,-0.8604814,-0.04212459,0.04759493,0.02109778,0.04439056,0.06841721,0.0580065,0.3269661,0.9096407,0.2495644,151.0965,0.0599019,0.3376499,0.9393638,-0.01845828,1.102483,-0.03627405,1.103234,0.02499963,-0.01526489,0.03900798,0.9988095,5.592068,0.5124923,-0.3129302,0.7996636,False
1773055710912,1.652876,0.04368043,0.8955301,0.1656902,0.9117759,-0.1855317,-0.2093873,-0.8256212,0.4899845,121.3209,-0.2128313,-0.2401971,-0.9471051,0.001177721,0.9956412,0.2329094,1.022521,-0.001332164,0.9971904,0.2378532,1.025166,-0.01433947,0.9891068,0.2454167,1.019199,-0.02083293,-0.07408421,0.1114574,0.1354446,-0.01815507,-0.07629271,0.1164717,0.1404131,-0.001578819,-0.08349776,0.1173182,0.1440067,-0.02094125,-0.07268379,0.1121738,0.1352939,-0.01810472,-0.07615281,0.1180218,0.1416198,-0.001709154,-0.08360127,0.1162638,0.1432109,-0.007973206,-0.08022104,0.1154274,0.1407923,0.2577486,0.5853513,-0.07790916,0.7647612,80.22849,0.4000358,0.9084879,-0.120918,0.5898675,0.00366368,-0.06232108,0.1125318,0.1286886,0.8493367,0.1383226,0.3048328,0.4081311,131.825,0.9303483,0.1515161,0.3339085,0.5252932,False,True,False,-0.103196,0.5929918,0.1270967,0.6151766,-0.1063392,-0.2123881,-0.3069769,-0.921601,314.3225,-0.2739723,-0.5471964,-0.7908952,0.01351909,0.5850391,0.1845873,0.6136172,0.006606273,0.5389238,0.2136218,0.5797558,-0.04218817,0.5587111,0.1702863,0.5856068,0.06417178,-0.05114207,0.1110588,0.1380854,0.01900835,-0.07583028,0.1382063,0.1587846,0.009505186,-0.04736487,0.07249308,0.08711502,0.06399671,-0.05119812,0.111108,0.1380645,0.01904748,-0.07585699,0.1381514,0.1587542,0.009473351,-0.04764063,0.0724232,0.08720376,0.02776865,-0.05772238,0.1043885,0.1224742,-0.864395,-0.2043039,0.4392875,0.1345652,164.5331,-0.8723291,-0.2061792,0.4433196,18.25136,0,0,0,0,0,0,0,0,0,1,0,0,0.3707671,False,True,False,-0.000134185,0.9789729,0.2538422,1.011348,0.3912403,-0.6630538,-0.0338717,0.6372939,100.8193,0.507695,-0.8604151,-0.04395379,0.05013419,0.02102715,0.04615784,0.07131706,0.05951442,0.3261873,0.9098992,0.2492858,151.1295,0.06145454,0.3368207,0.9395612,-0.01828796,1.102623,-0.03633127,1.103373,0.02448188,-0.01519452,0.03847006,0.9988443,5.509833,0.509359,-0.3161304,0.8003909,False
1773055710927,1.666922,0.04106999,0.8952029,0.1643546,0.9110913,-0.1861494,-0.2094201,-0.8255949,0.4897804,121.3477,-0.2135118,-0.2402032,-0.9469505,-0.001576886,0.9954656,0.2313155,1.021989,-0.003404345,0.9972875,0.2372878,1.025134,-0.01654503,0.9892142,0.245007,1.019238,-0.02088909,-0.07440384,0.1112741,0.1354777,-0.01818394,-0.07592107,0.1174289,0.1410114,-0.001466095,-0.08322866,0.1183823,0.1447188,-0.02093029,-0.07304821,0.1119844,0.1353315,-0.01812132,-0.07610326,0.1178887,0.1414844,-0.001658264,-0.08352326,0.1167084,0.1435261,-0.007845026,-0.08030193,0.1156745,0.1410338,0.2339145,0.5831071,-0.09032922,0.7727295,78.80075,0.3685228,0.9186615,-0.14231,0.5748858,0.00366368,-0.06232108,0.1125318,0.1286886,0.8493367,0.1383226,0.3048328,0.4081311,131.825,0.9303483,0.1515161,0.3339085,1.203376,False,True,False,-0.1031155,0.593036,0.1270453,0.6151951,-0.1060544,-0.2123108,-0.3067463,-0.9217285,314.3602,-0.2734518,-0.5474244,-0.7909179,0.01358641,0.5850914,0.1845674,0.6136625,0.006644867,0.5389862,0.2136727,0.579833,-0.04214864,0.5587978,0.1703064,0.5856925,0.06419504,-0.05113386,0.1110514,0.1380872,0.01900868,-0.0758144,0.1382416,0.1588077,0.009510601,-0.04731267,0.07251321,0.08710399,0.06403838,-0.05118467,0.1110961,0.1380693,0.01903935,-0.07584807,0.1381703,0.1587654,0.009481152,-0.0475716,0.07244208,0.0871826,0.02778747,-0.05769283,0.1044125,0.122485,-0.8642808,-0.2040899,0.4394801,0.1349939,164.4835,-0.8722651,-0.2059753,0.4435401,18.27034,0,0,0,0,0,0,0,0,0,1,0,0,0.3697673,False,True,False,-0.000134185,0.9789729,0.2538422,1.011348,0.3912403,-0.6630538,-0.0338717,0.6372939,100.8193,0.507695,-0.8604151,-0.04395379,0.05013419,0.02102715,0.04615784,0.07131706,0.05951442,0.3261873,0.9098992,0.2492858,151.1295,0.06145454,0.3368207,0.9395612,-0.01809891,1.10278,-0.03639944,1.103529,0.02413512,-0.01479565,0.03804765,0.9988748,5.436444,0.5089191,-0.3119847,0.802282,False
1773055710941,1.680786,0.0387366,0.8949592,0.1630777,0.91052,-0.1867663,-0.2094122,-0.8255758,0.4895811,121.3739,-0.2141919,-0.2401633,-0.946807,-0.00405933,0.99538,0.2297718,1.021564,-0.005289674,0.997279,0.2364352,1.024937,-0.01849318,0.989355,0.2445503,1.019299,-0.02095916,-0.07473948,0.1110802,0.1355142,-0.01821615,-0.07561606,0.1179564,0.1412916,-0.001366985,-0.08298262,0.1193165,0.1453424,-0.02093629,-0.07340313,0.1117959,0.1353686,-0.01814098,-0.07600036,0.1179037,0.1414441,-0.001597884,-0.08341116,0.1172515,0.1439024,-0.007791753,-0.08031244,0.1159976,0.1413019,0.2045676,0.5802007,-0.1089129,0.7808055,77.33122,0.3274264,0.9286567,-0.1743236,0.5762237,0.00366368,-0.06232108,0.1125318,0.1286886,0.8493367,0.1383226,0.3048328,0.4081311,131.825,0.9303483,0.1515161,0.3339085,0.6019292,False,True,False,-0.1030309,0.5930826,0.1269921,0.6152149,-0.1057143,-0.2122132,-0.3064602,-0.9218851,314.4065,-0.2728368,-0.5476989,-0.7909398,0.0136513,0.5851385,0.1845569,0.6137057,0.006677605,0.5390521,0.2137387,0.579919,-0.04211107,0.5588847,0.1703327,0.5857804,0.06421462,-0.05112635,0.1110449,0.1380884,0.01901051,-0.07579711,0.1382799,0.158833,0.00951564,-0.04726192,0.07253306,0.08709352,0.06407503,-0.05117258,0.1110855,0.1380733,0.01903337,-0.07583751,0.138193,0.1587794,0.0094883,-0.0475071,0.07246097,0.0871639,0.0278035,-0.05766493,0.1044369,0.1224963,-0.8641825,-0.2038624,0.439659,0.1353841,164.4384,-0.8722128,-0.2057568,0.4437445,18.28756,0,0,0,0,0,0,0,0,0,1,0,0,0.368962,False,True,False,-0.000134185,0.9789729,0.2538422,1.011348,0.3912403,-0.6630538,-0.0338717,0.6372939,100.8193,0.507695,-0.8604151,-0.04395379,0.05013419,0.02102715,0.04615784,0.07131706,0.05951442,0.3261873,0.9098992,0.2492858,151.1295,0.06145454,0.3368207,0.9395612,-0.01785434,1.102931,-0.03646807,1.103678,0.02363781,-0.01407897,0.0371625,0.9989305,5.30022,0.511234,-0.3044971,0.8037432,False
1773055710954,1.694384,0.03800487,0.8944188,0.1625132,0.909857,-0.1877876,-0.2102886,-0.8251615,0.4895131,121.3828,-0.2153538,-0.2411578,-0.9462906,-0.004817344,0.9949949,0.2289629,1.02101,-0.005549349,0.9969573,0.2359438,1.024512,-0.01878357,0.9893942,0.2448908,1.019424,-0.02092625,-0.07480316,0.1110482,0.135518,-0.018278,-0.07518271,0.1182908,0.1413479,-0.001237578,-0.08260544,0.1205501,0.1461421,-0.02093424,-0.07369257,0.1116423,0.1353988,-0.01816895,-0.07583068,0.1179875,0.1414265,-0.001524316,-0.08324653,0.1179298,0.1443598,-0.007753787,-0.08025286,0.1164211,0.1416139,0.1752098,0.5742461,-0.1284069,0.7893381,75.7526,0.2853771,0.9353173,-0.2091458,0.5839769,0.00366368,-0.06232108,0.1125318,0.1286886,0.8493367,0.1383226,0.3048328,0.4081311,131.825,0.9303483,0.1515161,0.3339085,0.7329397,False,True,False,-0.1029455,0.5930261,0.1269648,0.6151405,-0.1053968,-0.2121347,-0.3060327,-0.9220816,314.4646,-0.2723463,-0.5481579,-0.7907912,0.0137205,0.5850544,0.1845597,0.6136279,0.006695636,0.5389749,0.2137969,0.5798689,-0.04208268,0.5588528,0.1703795,0.5857615,0.06424028,-0.05111906,0.1110341,0.1380889,0.01901099,-0.07579672,0.1382895,0.1588413,0.009519824,-0.04721051,0.07254902,0.08707939,0.06410886,-0.05116167,0.111075,0.1380765,0.01902881,-0.07582918,0.1382127,0.1587921,0.009494735,-0.04744628,0.07247897,0.08714643,0.0278185,-0.0576392,0.104459,0.1225064,-0.8640848,-0.203663,0.439826,0.1357643,164.3944,-0.87216,-0.2055663,0.4439364,18.30318,0,0,0,0,0,0,0,0,0,1,0,0,0.3683672,False,True,False,-0.000134185,0.9789729,0.2538422,1.011348,0.3912403,-0.6630538,-0.0338717,0.6372939,100.8193,0.507695,-0.8604151,-0.04395379,0.05013419,0.02102715,0.04615784,0.07131706,0.05951442,0.3261873,0.9098992,0.2492858,151.1295,0.06145454,0.3368207,0.9395612,-0.01752402,1.103108,-0.03652508,1.103852,0.0230599,-0.01310159,0.03619035,0.9989929,5.143231,0.5139486,-0.2920023,0.8065941,False
1773055710968,1.708295,0.03727614,0.8939971,0.1619478,0.9093115,-0.1894556,-0.2116493,-0.8244991,0.4894001,121.3977,-0.2172508,-0.2427005,-0.9454621,-0.005541876,0.9948168,0.2280327,1.020632,-0.005832337,0.9967766,0.23514,1.024153,-0.01906577,0.9896127,0.2449423,1.019654,-0.02087847,-0.0748659,0.1110166,0.1355194,-0.01833728,-0.07480296,0.1184079,0.1412522,-0.001128903,-0.0822684,0.1215848,0.1468068,-0.02092262,-0.07393957,0.1115114,0.1354238,-0.01820393,-0.07561406,0.1180797,0.1413919,-0.00144208,-0.08304285,0.1186974,0.1448698,-0.007707353,-0.080153,0.1169085,0.141956,0.1465917,0.5657126,-0.148148,0.7978297,74.15329,0.2431512,0.9383458,-0.2457327,0.5936573,0.00366368,-0.06232108,0.1125318,0.1286886,0.8493367,0.1383226,0.3048328,0.4081311,131.825,0.9303483,0.1515161,0.3339085,0.8046311,False,True,False,-0.1028566,0.5929646,0.1269379,0.6150608,-0.1050109,-0.2120347,-0.3054801,-0.9223318,314.5388,-0.2717682,-0.5487458,-0.7905825,0.01378584,0.5849461,0.1845741,0.6135304,0.006698139,0.5388817,0.2138715,0.5798097,-0.04206233,0.5588083,0.1704363,0.5857342,0.0642639,-0.05111235,0.1110236,0.138089,0.01901245,-0.07579776,0.1382974,0.1588488,0.009523667,-0.0471602,0.07256415,0.08706515,0.06414118,-0.05115142,0.1110643,0.1380791,0.01902541,-0.07582265,0.1382303,0.1588039,0.009500748,-0.04738655,0.0724967,0.08712933,0.02783298,-0.05761451,0.1044797,0.1225158,-0.8639849,-0.2034831,0.4399862,0.1361499,164.3498,-0.8721058,-0.2053957,0.4441218,18.31788,0,0,0,0,0,0,0,0,0,1,0,0,0.3677683,False,True,False,-0.000134185,0.9789729,0.2538422,1.011348,0.3912403,-0.6630538,-0.0338717,0.6372939,100.8193,0.507695,-0.8604151,-0.04395379,0.05013419,0.02102715,0.04615784,0.07131706,0.05951442,0.3261873,0.9098992,0.2492858,151.1295,0.06145454,0.3368207,0.9395612,-0.01690482,1.103324,-0.03661174,1.104061,0.02235024,-0.01192279,0.03508561,0.9990632,4.960353,0.5164875,-0.2755215,0.8107869,False
1773055710981,1.722269,0.03647178,0.8936093,0.1613216,0.9087863,-0.1916108,-0.2133355,-0.8236548,0.4892505,121.4173,-0.2197011,-0.2446106,-0.9444029,-0.00631272,0.9947411,0.2269515,1.020322,-0.006195456,0.9966691,0.2340993,1.023812,-0.01940572,0.9899176,0.2447447,1.019909,-0.02082958,-0.07493009,0.1109836,0.1355202,-0.0183936,-0.07445723,0.1184244,0.1410906,-0.001033143,-0.08195405,0.1224967,0.1473872,-0.02090316,-0.07414882,0.1114006,0.1354441,-0.01824348,-0.07536991,0.1181552,0.1413298,-0.001356699,-0.08281511,0.1195005,0.1453979,-0.007646538,-0.08003032,0.1174244,0.1423088,0.1197215,0.5554619,-0.1675418,0.8056417,72.65546,0.2020946,0.9376419,-0.2828172,0.6036168,0.00366368,-0.06232108,0.1125318,0.1286886,0.8493367,0.1383226,0.3048328,0.4081311,131.825,0.9303483,0.1515161,0.3339085,0.8376493,False,True,False,-0.1027644,0.5928986,0.1269112,0.6149762,-0.1045695,-0.2119155,-0.3048128,-0.9226301,314.6273,-0.2711259,-0.5494508,-0.7903132,0.01384795,0.5848144,0.1845981,0.6134135,0.006686807,0.5387724,0.2139596,0.5797406,-0.04204912,0.5587516,0.1705017,0.5856982,0.06428557,-0.05110626,0.1110133,0.1380885,0.01901484,-0.07580011,0.1383038,0.1588558,0.009527167,-0.04711084,0.07257856,0.08705082,0.06417138,-0.051142,0.1110537,0.1380811,0.0190232,-0.07581795,0.1382457,0.1588147,0.009506258,-0.04732879,0.0725138,0.08711276,0.02784667,-0.05759119,0.1044987,0.1225241,-0.8638853,-0.2033247,0.440136,0.1365345,164.3053,-0.8720517,-0.2052468,0.4442967,18.33143,0,0,0,0,0,0,0,0,0,1,0,0,0.3672327,False,True,False,-0.000134185,0.9789729,0.2538422,1.011348,0.3912403,-0.6630538,-0.0338717,0.6372939,100.8193,0.507695,-0.8604151,-0.04395379,0.05013419,0.02102715,0.04615784,0.07131706,0.05951442,0.3261873,0.9098992,0.2492858,151.1295,0.06145454,0.3368207,0.9395612,-0.01643047,1.103493,-0.03658538,1.104221,0.02172937,-0.01050916,0.03400905,0.99913,4.78031,0.521041,-0.2519955,0.8154913,False
1773055710996,1.736151,0.03635583,0.8932632,0.1611088,0.9084035,-0.1934186,-0.2152984,-0.822296,0.4899645,121.3235,-0.2218759,-0.2469748,-0.9432787,-0.006628059,0.9945702,0.2263173,1.020016,-0.006034832,0.9969162,0.2341504,1.024063,-0.01926247,0.9901,0.2448669,1.020112,-0.0207263,-0.07496098,0.1109692,0.1355098,-0.01841129,-0.07409846,0.1192955,0.1416367,-0.0009516264,-0.08160449,0.1233199,0.1478783,-0.02086638,-0.07431946,0.1113106,0.1354579,-0.01827829,-0.07510357,0.1184025,0.1413995,-0.001272541,-0.08256297,0.1203058,0.1459169,-0.007690427,-0.07983334,0.1179309,0.1426191,0.09537616,0.5441068,-0.185743,0.8126196,71.29465,0.1636532,0.933617,-0.3187111,0.6336426,0.00366368,-0.06232108,0.1125318,0.1286886,0.8493367,0.1383226,0.3048328,0.4081311,131.825,0.9303483,0.1515161,0.3339085,0.8505189,False,True,False,-0.102715,0.5928584,0.1269201,0.614931,-0.1042496,-0.2119272,-0.3045531,-0.9227493,314.6628,-0.2704967,-0.5498881,-0.7902247,0.01389157,0.5847991,0.1846187,0.6134061,0.006700598,0.5387462,0.2139983,0.5797307,-0.04203878,0.5587574,0.1705706,0.585723,0.06431597,-0.05108919,0.1110015,0.1380869,0.0190231,-0.07581436,0.1382781,0.1588412,0.009530372,-0.04705992,0.07259065,0.08703371,0.06420146,-0.05113105,0.1110428,0.1380823,0.01902318,-0.07581721,0.1382524,0.1588202,0.009511261,-0.04727276,0.07252976,0.08709618,0.02786167,-0.05756867,0.1045133,0.1225294,-0.8637704,-0.2032405,0.440278,0.1369288,164.2597,-0.8719836,-0.205173,0.4444644,18.34354,0,0,0,0,0,0,0,0,0,1,0,0,0.3668679,False,True,False,-0.000134185,0.9789729,0.2538422,1.011348,0.3912403,-0.6630538,-0.0338717,0.6372939,100.8193,0.507695,-0.8604151,-0.04395379,0.05013419,0.02102715,0.04615784,0.07131706,0.05951442,0.3261873,0.9098992,0.2492858,151.1295,0.06145454,0.3368207,0.9395612,-0.01583588,1.103687,-0.03657637,1.104407,0.02109173,-0.009153724,0.03274528,0.9991992,4.586226,0.5271415,-0.2287772,0.8183964,False
1773055711010,1.749943,0.03618418,0.892954,0.1608663,0.9080496,-0.1953467,-0.2173346,-0.8208512,0.4907225,121.2238,-0.2241973,-0.2494327,-0.9420822,-0.006998375,0.9944504,0.225629,1.01975,-0.005978085,0.9971456,0.2340083,1.024253,-0.01916143,0.9902866,0.2448365,1.020284,-0.02063255,-0.07499201,0.1109535,0.1354998,-0.01842791,-0.07377447,0.1199963,0.1420612,-0.0008919411,-0.08123771,0.1240225,0.1482631,-0.020818,-0.07445998,0.1112364,0.1354667,-0.01830916,-0.07482717,0.1187448,0.1415438,-0.001193858,-0.08228811,0.1210872,0.1464065,-0.007800268,-0.07958861,0.118404,0.1428801,0.07439217,0.5321468,-0.2010168,0.8190714,70.01612,0.1296727,0.9275832,-0.3503917,0.6751908,0.00366368,-0.06232108,0.1125318,0.1286886,0.8493367,0.1383226,0.3048328,0.4081311,131.825,0.9303483,0.1515161,0.3339085,0.8412116,False,True,False,-0.1026653,0.5928158,0.1269314,0.614884,-0.1039836,-0.2119421,-0.3043372,-0.9228472,314.6919,-0.2699705,-0.550261,-0.7901448,0.01393759,0.5847833,0.1846365,0.6133974,0.006721944,0.5387144,0.214023,0.5797105,-0.04202428,0.5587595,0.1706345,0.5857425,0.06434593,-0.05107117,0.1109898,0.1380847,0.01903285,-0.07583115,0.1382471,0.1588234,0.009533233,-0.04700965,0.07260188,0.08701622,0.06423136,-0.05111869,0.1110319,0.1380828,0.01902518,-0.07582008,0.1382513,0.1588209,0.009515796,-0.04721822,0.07254466,0.0870795,0.02787782,-0.05754685,0.1045238,0.1225318,-0.8636419,-0.203224,0.4404117,0.1373325,164.213,-0.8719031,-0.2051679,0.4446245,18.35433,0,0,0,0,0,0,0,0,0,1,0,0,0.3665587,False,True,False,-0.000134185,0.9789729,0.2538422,1.011348,0.3912403,-0.6630538,-0.0338717,0.6372939,100.8193,0.507695,-0.8604151,-0.04395379,0.05013419,0.02102715,0.04615784,0.07131706,0.05951442,0.3261873,0.9098992,0.2492858,151.1295,0.06145454,0.3368207,0.9395612,-0.01513203,1.103921,-0.03659996,1.104632,0.02056883,-0.0070694,0.03123264,0.9992755,4.362258,0.5404523,-0.1857507,0.8206472,False
1773055711024,1.764067,0.03603585,0.8926239,0.1608165,0.9077103,-0.20219,-0.2217404,-0.8162781,0.4935995,120.8451,-0.2324854,-0.254965,-0.9385858,-0.007374041,0.9946673,0.2245382,1.019723,-0.005721025,0.998049,0.2338633,1.025098,-0.01907471,0.9902478,0.2430957,1.019828,-0.02054007,-0.07501256,0.1109429,0.1354884,-0.01843708,-0.07332459,0.121249,0.1428906,-0.001052879,-0.08097967,0.1230538,0.1473128,-0.0207594,-0.07457758,0.1111743,0.1354714,-0.01833607,-0.07450943,0.1192896,0.1418375,-0.001164159,-0.08201133,0.1215087,0.1466,-0.008094927,-0.079272,0.1186153,0.1428957,0.05712789,0.5249844,-0.2135477,0.8219034,69.44843,0.10029,0.9216285,-0.3748904,0.7424421,0.00366368,-0.06232108,0.1125318,0.1286886,0.8493367,0.1383226,0.3048328,0.4081311,131.825,0.9303483,0.1515161,0.3339085,0.65084,False,True,False,-0.1027061,0.5927136,0.1269661,0.6147994,-0.1038188,-0.2120358,-0.3042274,-0.9228804,314.7018,-0.2695986,-0.5506185,-0.790023,0.01390672,0.584725,0.1846537,0.6133463,0.006677411,0.5386308,0.2140411,0.579639,-0.04209019,0.5587167,0.1706989,0.5857252,0.06437753,-0.05104847,0.1109798,0.138083,0.01903864,-0.07584179,0.1382173,0.1588032,0.009539232,-0.04694781,0.07260643,0.08698729,0.06426218,-0.05110392,0.1110209,0.1380829,0.01902801,-0.07582465,0.1382442,0.1588172,0.009520725,-0.04716111,0.07255767,0.08705992,0.02789515,-0.05752344,0.1045309,0.1225308,-0.8635066,-0.2032551,0.4405297,0.1377585,164.1637,-0.8718186,-0.2052116,0.4447702,18.3649,0,0,0,0,0,0,0,0,0,1,0,0,0.3667113,False,True,False,-0.000134185,0.9789729,0.2538422,1.011348,0.3912403,-0.6630538,-0.0338717,0.6372939,100.8193,0.507695,-0.8604151,-0.04395379,0.05013419,0.02102715,0.04615784,0.07131706,0.05951442,0.3261873,0.9098992,0.2492858,151.1295,0.06145454,0.3368207,0.9395612,-0.01443128,1.104061,-0.03665414,1.104764,0.01981178,-0.004820802,0.02974146,0.9993497,4.132982,0.5494218,-0.1336908,0.8247923,False
1773055711037,1.777684,0.03582071,0.8922542,0.1607226,0.9073216,-0.2092966,-0.2262172,-0.8114556,0.4965486,120.4562,-0.2411226,-0.2606162,-0.9348472,-0.0078227,0.9948512,0.223367,1.019648,-0.005607173,0.9988594,0.2334405,1.02579,-0.01902645,0.9902439,0.2414816,1.01944,-0.02045914,-0.07503254,0.1109315,0.1354779,-0.01844066,-0.07293689,0.1222873,0.1435759,-0.001182664,-0.08068997,0.1223047,0.1465289,-0.02069789,-0.0746716,0.1111245,0.1354728,-0.01835744,-0.07418703,0.1199198,0.1422022,-0.001167945,-0.08173954,0.1216743,0.1465857,-0.008477388,-0.07892874,0.1186618,0.1427664,0.04394279,0.5211833,-0.2216858,0.8229778,69.232,0.07735404,0.9174574,-0.3902413,0.8190761,0.00366368,-0.06232108,0.1125318,0.1286886,0.8493367,0.1383226,0.3048328,0.4081311,131.825,0.9303483,0.1515161,0.3339085,0.7377537,False,True,False,-0.1027524,0.5926056,0.1270041,0.6147109,-0.1036578,-0.2121438,-0.3041236,-0.9229078,314.7099,-0.2692264,-0.550993,-0.7898889,0.01387156,0.5846639,0.1846716,0.6132926,0.006630063,0.5385426,0.2140553,0.5795617,-0.04216085,0.5586701,0.1707639,0.5857048,0.06440913,-0.05102427,0.1109702,0.1380811,0.01904507,-0.07585368,0.1381834,0.1587802,0.009545435,-0.04688494,0.07260937,0.08695651,0.06429228,-0.05108765,0.1110105,0.1380825,0.01903149,-0.07583058,0.1382317,0.1588096,0.009525774,-0.04710444,0.07256825,0.08703861,0.02791267,-0.05749974,0.1045345,0.1225268,-0.8633718,-0.2033292,0.4406264,0.1381841,164.1145,-0.8717347,-0.2052987,0.4448943,18.37474,0,0,0,0,0,0,0,0,0,1,0,0,0.3669825,False,True,False,-0.000134185,0.9789729,0.2538422,1.011348,0.3912403,-0.6630538,-0.0338717,0.6372939,100.8193,0.507695,-0.8604151,-0.04395379,0.05013419,0.02102715,0.04615784,0.07131706,0.05951442,0.3261873,0.9098992,0.2492858,151.1295,0.06145454,0.3368207,0.9395612,-0.01351928,1.104281,-0.03664493,1.104972,0.01932672,-0.002357234,0.02828601,0.9994102,3.935637,0.5628374,-0.06864796,0.8237522,False
1773055711051,1.79168,0.03552231,0.8918252,0.1605758,0.906862,-0.2158309,-0.2302501,-0.8069547,0.4992254,120.1025,-0.2490915,-0.2657329,-0.9313107,-0.00834024,0.9949118,0.2222363,1.019465,-0.005608439,0.9995013,0.2329503,1.026304,-0.01902951,0.9901912,0.240117,1.019067,-0.02038749,-0.07505169,0.1109196,0.1354679,-0.01844057,-0.07258361,0.1232059,0.1441809,-0.001278289,-0.08036587,0.1218113,0.1459394,-0.0206329,-0.07475182,0.1110815,0.1354719,-0.0183748,-0.07385173,0.1206219,0.1426231,-0.001191014,-0.08145058,0.1217034,0.1464491,-0.008912624,-0.07855666,0.1186402,0.1425696,0.03296068,0.519083,-0.226496,0.8235084,69.12489,0.05810055,0.9149995,-0.3992497,0.9019985,0.00366368,-0.06232108,0.1125318,0.1286886,0.8493367,0.1383226,0.3048328,0.4081311,131.825,0.9303483,0.1515161,0.3339085,0.7823163,False,True,False,-0.102804,0.5924922,0.1270454,0.6146188,-0.1035003,-0.2122656,-0.304026,-0.9229297,314.7164,-0.2688538,-0.5513842,-0.7897426,0.01383217,0.5845998,0.1846897,0.6132361,0.006580092,0.5384504,0.2140655,0.5794792,-0.042236,0.55862,0.1708291,0.5856814,0.0644404,-0.05099889,0.1109607,0.1380787,0.01905213,-0.0758667,0.1381454,0.1587542,0.00955175,-0.04682102,0.07261077,0.08692393,0.06432328,-0.05106911,0.1110001,0.1380817,0.0190358,-0.07583812,0.1382137,0.158798,0.009531198,-0.04704502,0.07257713,0.08701447,0.0279313,-0.05747445,0.1045351,0.1225196,-0.8632302,-0.2034472,0.4407083,0.1386332,164.0625,-0.871647,-0.2054309,0.4450054,18.3844,0,0,0,0,0,0,0,0,0,1,0,0,0.3671749,False,True,False,-0.000134185,0.9789729,0.2538422,1.011348,0.3912403,-0.6630538,-0.0338717,0.6372939,100.8193,0.507695,-0.8604151,-0.04395379,0.05013419,0.02102715,0.04615784,0.07131706,0.05951442,0.3261873,0.9098992,0.2492858,151.1295,0.06145454,0.3368207,0.9395612,-0.01249407,1.104385,-0.03674302,1.105067,0.01851224,-3.166934E-05,0.0269393,0.9994656,3.746297,0.5663559,-0.0009688785,0.8241698,False
1773055711066,1.805704,0.03477005,0.891248,0.1604677,0.906246,-0.2262148,-0.232384,-0.8000183,0.5047725,119.3675,-0.2620495,-0.2691959,-0.926749,-0.009183671,0.9946055,0.2215695,1.019028,-0.005832359,1.000602,0.2338363,1.027579,-0.01931718,0.9900163,0.2395485,1.018768,-0.02023689,-0.075087,0.1108999,0.1354488,-0.01832547,-0.07241166,0.1254263,0.145983,-0.001293704,-0.08029457,0.1216545,0.1457694,-0.02054984,-0.07482263,0.1110433,0.1354671,-0.01836448,-0.07355057,0.1216433,0.1433319,-0.001212512,-0.08120688,0.121693,0.1463052,-0.009485992,-0.07815935,0.1186261,0.1423763,0.026563,0.5172839,-0.2261652,0.8249613,68.83086,0.04699841,0.9152401,-0.4001585,1.013643,0.00366368,-0.06232108,0.1125318,0.1286886,0.8493367,0.1383226,0.3048328,0.4081311,131.825,0.9303483,0.1515161,0.3339085,1.019892,False,True,False,-0.1028676,0.5925076,0.1270468,0.6146445,-0.1033506,-0.212481,-0.3039274,-0.9229294,314.7163,-0.2684646,-0.5519428,-0.789485,0.0137895,0.5846534,0.18465,0.6132743,0.006541431,0.5384984,0.2140399,0.5795139,-0.04231187,0.5586959,0.1708401,0.5857625,0.06445819,-0.050985,0.1109544,0.1380768,0.01905894,-0.07587089,0.1381309,0.1587444,0.009557362,-0.04676495,0.07260957,0.08689335,0.06435157,-0.05105152,0.1109905,0.1380807,0.01904064,-0.07584497,0.1381964,0.1587868,0.009536671,-0.04698621,0.07258393,0.08698896,0.02794809,-0.05744933,0.1045343,0.1225109,-0.8631042,-0.203558,0.4407651,0.1390734,164.0115,-0.8715741,-0.2055556,0.4450905,18.39343,0,0,0,0,0,0,0,0,0,1,0,0,0.3669528,False,True,False,-0.000134185,0.9789729,0.2538422,1.011348,0.3912403,-0.6630538,-0.0338717,0.6372939,100.8193,0.507695,-0.8604151,-0.04395379,0.05013419,0.02102715,0.04615784,0.07131706,0.05951442,0.3261873,0.9098992,0.2492858,151.1295,0.06145454,0.3368207,0.9395612,-0.01117478,1.104687,-0.03674601,1.105355,0.0181713,0.003057708,0.02509683,0.9995152,3.568431,0.583623,0.09820697,0.8060558,False
1773055711079,1.819352,0.03386523,0.8905974,0.1603008,0.9055424,-0.2355424,-0.2343602,-0.7936344,0.5096466,118.7194,-0.2737643,-0.2723903,-0.9224189,-0.01019455,0.9941922,0.2208837,1.018485,-0.00616375,1.001374,0.2343483,1.028449,-0.0197955,0.9897142,0.2389102,1.018334,-0.02008575,-0.07512373,0.1108785,0.1354292,-0.01823826,-0.0721367,0.1272259,0.1473864,-0.00131196,-0.08019696,0.1214818,0.1455716,-0.02045456,-0.07488487,0.1110094,0.1354593,-0.01833865,-0.07326091,0.122797,0.1441616,-0.001232884,-0.08099844,0.1216492,0.1461533,-0.01007103,-0.0777745,0.1186654,0.1422385,0.02228473,0.5159676,-0.2240917,0.8264767,68.52301,0.03958416,0.9165084,-0.398052,1.135497,0.00366368,-0.06232108,0.1125318,0.1286886,0.8493367,0.1383226,0.3048328,0.4081311,131.825,0.9303483,0.1515161,0.3339085,1.11831,False,True,False,-0.1029363,0.5925257,0.1270487,0.6146739,-0.1032047,-0.2127184,-0.3038335,-0.922922,314.7141,-0.2680733,-0.5525339,-0.7892045,0.01374365,0.5847104,0.1846063,0.6133144,0.006502576,0.5385517,0.2140094,0.5795518,-0.04239082,0.5587756,0.1708476,0.5858464,0.06447419,-0.05097144,0.1109487,0.1380747,0.01906639,-0.07587483,0.138116,0.1587342,0.009563041,-0.046709,0.0726068,0.08686156,0.06437672,-0.05103512,0.110982,0.1380795,0.01904591,-0.07585108,0.1381799,0.158776,0.009542068,-0.04692924,0.07258862,0.08696271,0.02796284,-0.0574249,0.1045322,0.1225011,-0.8629953,-0.2036611,0.4407972,0.1394959,163.9626,-0.8715164,-0.205672,0.4451495,18.40164,0,0,0,0,0,0,0,0,0,1,0,0,0.3668509,False,True,False,-0.000134185,0.9789729,0.2538422,1.011348,0.3912403,-0.6630538,-0.0338717,0.6372939,100.8193,0.507695,-0.8604151,-0.04395379,0.05013419,0.02102715,0.04615784,0.07131706,0.05951442,0.3261873,0.9098992,0.2492858,151.1295,0.06145454,0.3368207,0.9395612,-0.009814057,1.10497,-0.03677779,1.105625,0.01740359,0.00638457,0.02274597,0.9995694,3.362886,0.5931166,0.2175869,0.7751853,False
1773055711097,1.836461,0.03263794,0.8895997,0.1605167,0.9045542,-0.2459589,-0.2380994,-0.787037,0.5132113,118.2441,-0.2865778,-0.2774203,-0.9170122,-0.01142713,0.9938145,0.2200233,1.017943,-0.007079005,1.001944,0.2341722,1.02897,-0.0205384,0.9892538,0.2377848,1.017638,-0.01999984,-0.07519319,0.1108474,0.1354295,-0.01810483,-0.07219822,0.1283827,0.1483998,-0.001379913,-0.08008066,0.1208446,0.1449767,-0.02034331,-0.07496072,0.1109697,0.135452,-0.01828163,-0.07300124,0.1241636,0.1451896,-0.001268766,-0.08077277,0.1214507,0.1458634,-0.01070935,-0.07736517,0.1187385,0.1421228,0.01937241,0.5167142,-0.2186312,0.8275456,68.30515,0.03450741,0.9204052,-0.3894402,1.272947,0.00366368,-0.06232108,0.1125318,0.1286886,0.8493367,0.1383226,0.3048328,0.4081311,131.825,0.9303483,0.1515161,0.3339085,1.07125,False,True,False,-0.1029896,0.5924536,0.1270494,0.6146134,-0.1029745,-0.2129692,-0.3037077,-0.9229312,314.7169,-0.2674905,-0.553217,-0.7889231,0.01371039,0.5846739,0.1845693,0.6132678,0.006479606,0.5385306,0.2140052,0.5795304,-0.04245672,0.5587699,0.1708582,0.5858489,0.06448177,-0.05096471,0.1109462,0.1380738,0.0190743,-0.07587326,0.1381169,0.1587352,0.009568885,-0.04665519,0.07260095,0.08682838,0.06440239,-0.05101795,0.1109732,0.1380781,0.01905284,-0.07585649,0.1381646,0.1587661,0.00954861,-0.04686215,0.07259163,0.08692975,0.0279771,-0.05739621,0.1045293,0.1224884,-0.8628941,-0.2037496,0.4408001,0.139983,163.9063,-0.8714746,-0.2057757,0.4451834,18.41082,0,0,0,0,0,0,0,0,0,1,0,0,0.3660378,False,True,False,-0.000134185,0.9789729,0.2538422,1.011348,0.3912403,-0.6630538,-0.0338717,0.6372939,100.8193,0.507695,-0.8604151,-0.04395379,0.05013419,0.02102715,0.04615784,0.07131706,0.05951442,0.3261873,0.9098992,0.2492858,151.1295,0.06145454,0.3368207,0.9395612,-0.008442316,1.105207,-0.03677207,1.105851,0.01649138,0.01013552,0.01989443,0.9996148,3.180817,0.5941808,0.3651803,0.7167916,False
1773055711107,1.847452,0.03136601,0.8886114,0.1606849,0.9035672,-0.2551892,-0.2413628,-0.7810111,0.5163761,117.821,-0.2979922,-0.2818467,-0.9120106,-0.01274844,0.9933385,0.2192466,1.017326,-0.008069463,1.002333,0.2339662,1.029308,-0.02140599,0.9886821,0.2367335,1.016855,-0.01990196,-0.07526407,0.110816,0.1354288,-0.01797866,-0.07222281,0.129405,0.1492817,-0.001443233,-0.07996202,0.1202403,0.1444082,-0.02026727,-0.07501327,0.1109432,0.1354479,-0.01822962,-0.07286725,0.1250651,0.1458878,-0.001298727,-0.08063233,0.1212408,0.1456111,-0.01109439,-0.07711887,0.1188184,0.1420853,0.01817347,0.5184714,-0.2139545,0.8276959,68.27445,0.03238457,0.9239003,-0.3812605,1.359843,0.00366368,-0.06232108,0.1125318,0.1286886,0.8493367,0.1383226,0.3048328,0.4081311,131.825,0.9303483,0.1515161,0.3339085,1.08574,False,True,False,-0.1030461,0.5923782,0.1270503,0.6145504,-0.1026988,-0.2132828,-0.3035618,-0.9229375,314.7188,-0.266785,-0.5540537,-0.7885752,0.01367851,0.5846388,0.1845237,0.6132199,0.006462097,0.538518,0.2139996,0.5795164,-0.04252231,0.5587663,0.1708662,0.5858525,0.06448679,-0.05095922,0.1109447,0.1380729,0.01908269,-0.07587088,0.1381197,0.1587375,0.00957484,-0.04660172,0.07259344,0.08679404,0.06441692,-0.05100786,0.1109683,0.1380772,0.01905796,-0.07585896,0.1381568,0.1587611,0.009553113,-0.04681727,0.07259194,0.08690631,0.02798457,-0.05737708,0.104527,0.1224792,-0.8628443,-0.2037876,0.4407783,0.1403021,163.8694,-0.8714643,-0.2058235,0.4451818,18.4166,0,0,0,0,0,0,0,0,0,1,0,0,0.366534,False,True,False,-0.000134185,0.9789729,0.2538422,1.011348,0.3912403,-0.6630538,-0.0338717,0.6372939,100.8193,0.507695,-0.8604151,-0.04395379,0.05013419,0.02102715,0.04615784,0.07131706,0.05951442,0.3261873,0.9098992,0.2492858,151.1295,0.06145454,0.3368207,0.9395612,-0.00684752,1.105512,-0.03678873,1.106145,0.01547807,0.01423152,0.01704226,0.9996337,3.101825,0.5718746,0.5258177,0.6296675,False
1773055711121,1.861081,0.03071836,0.8881571,0.1605707,0.9030779,-0.2666539,-0.2418795,-0.7738467,0.5211056,117.1871,-0.3124269,-0.2833998,-0.906683,-0.01327821,0.9931895,0.2187067,1.017071,-0.008111235,1.002748,0.2335802,1.029625,-0.02123224,0.9885506,0.2362019,1.016599,-0.01977567,-0.07548019,0.1107116,0.1354451,-0.0178837,-0.07228141,0.129867,0.1496993,-0.001473731,-0.07990514,0.1198822,0.144079,-0.0201664,-0.07510956,0.1108956,0.1354473,-0.01815887,-0.07274713,0.1260533,0.1466674,-0.001334511,-0.08048235,0.1209608,0.1452953,-0.01148525,-0.07687545,0.1189467,0.1420917,0.01626061,0.520743,-0.2084465,0.8277152,68.27052,0.02897738,0.927995,-0.371464,1.453263,0.00366368,-0.06232108,0.1125318,0.1286886,0.8493367,0.1383226,0.3048328,0.4081311,131.825,0.9303483,0.1515161,0.3339085,0.9917766,False,True,False,-0.1031002,0.5923321,0.1270333,0.6145115,-0.102518,-0.2137178,-0.3034371,-0.9228981,314.707,-0.2662495,-0.5550467,-0.7880569,0.01366359,0.5846367,0.1844333,0.6131904,0.00647524,0.5385303,0.2139293,0.579502,-0.04257264,0.5587903,0.1708314,0.585869,0.06448942,-0.05094535,0.1109497,0.138073,0.01909379,-0.07587051,0.1381149,0.1587345,0.009580519,-0.04654779,0.07258236,0.08675645,0.06443177,-0.05099508,0.1109645,0.1380763,0.01906529,-0.07586132,0.1381483,0.1587557,0.009558717,-0.04676196,0.07258998,0.08687551,0.02799176,-0.05735296,0.1045229,0.122466,-0.8628009,-0.2038416,0.4407166,0.1406844,163.8251,-0.8714681,-0.2058893,0.4451438,18.42315,0,0,0,0,0,0,0,0,0,1,0,0,0.3664609,False,True,False,-0.000134185,0.9789729,0.2538422,1.011348,0.3912403,-0.6630538,-0.0338717,0.6372939,100.8193,0.507695,-0.8604151,-0.04395379,0.05013419,0.02102715,0.04615784,0.07131706,0.05951442,0.3261873,0.9098992,0.2492858,151.1295,0.06145454,0.3368207,0.9395612,-0.005056482,1.105846,-0.03673306,1.106468,0.01503358,0.01868663,0.0135784,0.9996201,3.158343,0.5455111,0.6780664,0.4927081,False
1773055711135,1.875003,0.03012929,0.887764,0.1604519,0.9026502,-0.2771206,-0.242521,-0.7670778,0.5253374,116.6181,-0.3256817,-0.285019,-0.9014964,-0.01394336,0.9930109,0.2181796,1.016793,-0.008172434,1.003217,0.2332121,1.029999,-0.02111311,0.9884303,0.2355874,1.016337,-0.01954231,-0.07579518,0.1105606,0.1354638,-0.01777477,-0.0723303,0.1303782,0.1501536,-0.001508155,-0.07984233,0.1194879,0.1437165,-0.02003612,-0.07525334,0.1108257,0.1354505,-0.01807894,-0.07266019,0.1269619,0.1473963,-0.001370614,-0.08034812,0.1206528,0.1449649,-0.01181337,-0.07667962,0.1191066,0.1421467,0.01355666,0.5228705,-0.2030415,0.8277662,68.26009,0.02416203,0.9319115,-0.3618806,1.537082,0.00366368,-0.06232108,0.1125318,0.1286886,0.8493367,0.1383226,0.3048328,0.4081311,131.825,0.9303483,0.1515161,0.3339085,0.9078895,False,True,False,-0.1031567,0.5922853,0.1270154,0.6144722,-0.1023252,-0.2142421,-0.3033026,-0.922842,314.6903,-0.2656566,-0.556215,-0.7874337,0.01365469,0.5846387,0.1843251,0.6131595,0.0065016,0.5385507,0.213844,0.5794898,-0.04261836,0.5588179,0.1707865,0.5858855,0.06448968,-0.05093122,0.1109561,0.1380731,0.01910559,-0.07586989,0.1381105,0.1587318,0.009586249,-0.046494,0.07256944,0.08671743,0.06444383,-0.05098179,0.1109628,0.1380757,0.01907367,-0.0758631,0.1381404,0.1587507,0.009564443,-0.04670604,0.07258571,0.08684248,0.02799709,-0.05732805,0.1045174,0.1224509,-0.8627741,-0.2039038,0.44062,0.1410609,163.7815,-0.8714882,-0.2059633,0.4450703,18.4292,0,0,0,0,0,0,0,0,0,1,0,0,0.3663633,False,True,False,-0.000134185,0.9789729,0.2538422,1.011348,0.3912403,-0.6630538,-0.0338717,0.6372939,100.8193,0.507695,-0.8604151,-0.04395379,0.05013419,0.02102715,0.04615784,0.07131706,0.05951442,0.3261873,0.9098992,0.2492858,151.1295,0.06145454,0.3368207,0.9395612,-0.003365253,1.105997,-0.03680031,1.106614,0.0142997,0.0236925,0.01065518,0.9995602,3.398544,0.4822216,0.7989703,0.3593194,False
1773055711149,1.889051,0.02954151,0.887387,0.1603219,0.9022369,-0.2867292,-0.243229,-0.760675,0.5291498,116.1039,-0.3379135,-0.286648,-0.8964638,-0.01470348,0.9927769,0.2176867,1.016469,-0.008287556,1.003701,0.2328874,1.030399,-0.02108432,0.9882686,0.2348993,1.01602,-0.01923668,-0.07613724,0.1103972,0.1354787,-0.01764238,-0.07236809,0.1309564,0.1506584,-0.001547568,-0.07977109,0.1190506,0.1433139,-0.01986796,-0.07544005,0.1107356,0.1354559,-0.01798742,-0.07259882,0.1278096,0.1480859,-0.001407661,-0.08022625,0.1203161,0.1446174,-0.01208834,-0.07652133,0.1192983,0.1422453,0.01016843,0.5248262,-0.1976141,0.8278905,68.2347,0.0181291,0.935703,-0.3523226,1.612119,0.00366368,-0.06232108,0.1125318,0.1286886,0.8493367,0.1383226,0.3048328,0.4081311,131.825,0.9303483,0.1515161,0.3339085,0.8476331,False,True,False,-0.1032156,0.5922377,0.1269965,0.6144323,-0.1021245,-0.214857,-0.3031608,-0.9227679,314.6683,-0.2650132,-0.5575545,-0.7867031,0.01365235,0.584645,0.1841984,0.6131274,0.006541908,0.5385793,0.2137425,0.5794794,-0.04265896,0.5588487,0.170731,0.5859017,0.06448774,-0.0509168,0.1109642,0.1380733,0.0191182,-0.07586882,0.1381063,0.1587292,0.009591932,-0.04644051,0.07255477,0.0866771,0.06445304,-0.05096818,0.1109631,0.1380752,0.01908299,-0.0758643,0.1381333,0.1587462,0.0095702,-0.04665023,0.07257923,0.0868077,0.02800056,-0.05730267,0.1045106,0.1224341,-0.8627636,-0.2039735,0.4404909,0.1414268,163.7392,-0.8715236,-0.2060445,0.4449634,18.43468,0,0,0,0,0,0,0,0,0,1,0,0,0.3662731,False,True,False,-0.000134185,0.9789729,0.2538422,1.011348,0.3912403,-0.6630538,-0.0338717,0.6372939,100.8193,0.507695,-0.8604151,-0.04395379,0.05013419,0.02102715,0.04615784,0.07131706,0.05951442,0.3261873,0.9098992,0.2492858,151.1295,0.06145454,0.3368207,0.9395612,-0.001309685,1.106123,-0.03680576,1.106736,0.01391906,0.02869214,0.007731819,0.9994615,3.760895,0.4241808,0.8743875,0.2356257,False
1773055711162,1.902763,0.02904271,0.887112,0.1601522,0.9019201,-0.3036293,-0.2476728,-0.7517009,0.530484,115.9237,-0.3581823,-0.2921721,-0.8867587,-0.01486626,0.9937346,0.2155373,1.016949,-0.008270815,1.004779,0.229872,1.030772,-0.02024638,0.989713,0.2331153,1.016998,-0.01913511,-0.0766691,0.1100896,0.1355139,-0.0175506,-0.07296307,0.1300911,0.1501843,-0.001544008,-0.07979698,0.1189301,0.1432282,-0.01971669,-0.07569487,0.1106022,0.135467,-0.01789756,-0.07267383,0.1282852,0.1485224,-0.001435668,-0.08013733,0.1200309,0.1443311,-0.01225265,-0.07648981,0.1193784,0.1423096,0.005879978,0.5252988,-0.1916611,0.8290311,68.00131,0.01051494,0.9393716,-0.3427402,1.652036,0.00366368,-0.06232108,0.1125318,0.1286886,0.8493367,0.1383226,0.3048328,0.4081311,131.825,0.9303483,0.1515161,0.3339085,0.5566871,False,True,False,-0.1032729,0.5921857,0.1269744,0.6143872,-0.1018324,-0.2154502,-0.3030094,-0.9227116,314.6516,-0.2641628,-0.5588982,-0.7860351,0.01364823,0.5846827,0.1840832,0.6131287,0.006583065,0.538626,0.213672,0.5794973,-0.04269459,0.5588716,0.1706853,0.5859128,0.0645036,-0.05088133,0.1109734,0.1380751,0.01913653,-0.07586051,0.1381191,0.1587385,0.009595871,-0.04639992,0.07254588,0.08664836,0.06446344,-0.05095033,0.1109652,0.1380751,0.01909398,-0.07586352,0.1381304,0.1587446,0.009575474,-0.04659862,0.07257237,0.08677483,0.02800475,-0.0572771,0.1045056,0.1224187,-0.862753,-0.2040625,0.4403727,0.1417312,163.7039,-0.8715511,-0.2061434,0.4448636,18.44125,0,0,0,0,0,0,0,0,0,1,0,0,0.3656453,False,True,False,-0.000134185,0.9789729,0.2538422,1.011348,0.3912403,-0.6630538,-0.0338717,0.6372939,100.8193,0.507695,-0.8604151,-0.04395379,0.05013419,0.02102715,0.04615784,0.07131706,0.05951442,0.3261873,0.9098992,0.2492858,151.1295,0.06145454,0.3368207,0.9395612,0.0008100541,1.106152,-0.03678973,1.106764,0.01322653,0.0335459,0.004368464,0.9993401,4.163178,0.364138,0.9235482,0.1202677,False
1773055711179,1.919489,0.02851902,0.8868304,0.1599706,0.9015942,-0.3188339,-0.2514654,-0.7430814,0.5319213,115.7293,-0.3765189,-0.2969618,-0.8775235,-0.01522359,0.9944277,0.21364,1.017232,-0.008386444,1.005686,0.2272819,1.031083,-0.01971714,0.9908077,0.2313551,1.017651,-0.01898368,-0.07716623,0.1098044,0.1355434,-0.01745746,-0.07344934,0.1294872,0.1498883,-0.00155565,-0.07986482,0.118666,0.143047,-0.0195401,-0.07605096,0.11041,0.1354841,-0.01779187,-0.07286003,0.1285773,0.1488532,-0.001464435,-0.08007152,0.1197035,0.1440227,-0.01237215,-0.07655126,0.119373,0.1423485,0.0002549619,0.5250923,-0.1843781,0.8308325,67.63129,0.000458134,0.943524,-0.331304,1.674547,0.00366368,-0.06232108,0.1125318,0.1286886,0.8493367,0.1383226,0.3048328,0.4081311,131.825,0.9303483,0.1515161,0.3339085,0.4781982,False,True,False,-0.1033321,0.5921328,0.1269514,0.6143414,-0.1015342,-0.216084,-0.3028598,-0.9226454,314.6319,-0.2632809,-0.5603119,-0.7853239,0.01364607,0.5847262,0.1839602,0.6131332,0.006631173,0.5386786,0.2135957,0.5795185,-0.04272775,0.5588949,0.170634,0.5859224,0.06451996,-0.05084286,0.110984,0.138077,0.01915627,-0.0758509,0.1381341,0.1587493,0.00959958,-0.04636116,0.07253626,0.08661997,0.06447701,-0.05092455,0.1109697,0.1380756,0.01910892,-0.07586049,0.1381313,0.1587458,0.009581254,-0.0465415,0.07256372,0.08673756,0.02801049,-0.05724638,0.1045012,0.122402,-0.8627403,-0.2041898,0.4402425,0.1420291,163.6694,-0.871576,-0.206281,0.4447512,18.45018,0,0,0,0,0,0,0,0,0,1,0,0,0.3645982,False,True,False,-0.000134185,0.9789729,0.2538422,1.011348,0.3912403,-0.6630538,-0.0338717,0.6372939,100.8193,0.507695,-0.8604151,-0.04395379,0.05013419,0.02102715,0.04615784,0.07131706,0.05951442,0.3261873,0.9098992,0.2492858,151.1295,0.06145454,0.3368207,0.9395612,0.002793618,1.106271,-0.0368517,1.106888,0.01285152,0.03907979,0.001490446,0.9991524,4.718494,0.3121949,0.9493443,0.03620661,False
1773055711190,1.930935,0.02801246,0.886602,0.1600327,0.9013647,-0.3426794,-0.2569104,-0.7272812,0.5363115,115.1342,-0.4060086,-0.3043889,-0.861687,-0.01548119,0.9955255,0.2112479,1.01781,-0.008793715,1.006831,0.2236356,1.031406,-0.01897772,0.992426,0.2291684,1.018719,-0.0189542,-0.0775016,0.1096141,0.1355766,-0.01737619,-0.07415327,0.1283794,0.1492713,-0.001573519,-0.07996582,0.1183741,0.1428616,-0.01943552,-0.0763113,0.110268,0.1354997,-0.01771793,-0.0730896,0.1285417,0.1489261,-0.0014838,-0.08005261,0.1194674,0.1438161,-0.01239692,-0.07666983,0.1192606,0.1423202,-0.003099227,0.5251523,-0.1785403,0.832063,67.37751,-0.005587403,0.9467643,-0.3218791,1.667567,0.00366368,-0.06232108,0.1125318,0.1286886,0.8493367,0.1383226,0.3048328,0.4081311,131.825,0.9303483,0.1515161,0.3339085,0.4862187,False,True,False,-0.1033431,0.5921179,0.1269696,0.6143327,-0.1014551,-0.2166176,-0.3027287,-0.922572,314.6101,-0.2629564,-0.5614402,-0.7846271,0.01368888,0.5847672,0.1838805,0.6131493,0.006716847,0.53872,0.2135554,0.5795431,-0.04270985,0.5589207,0.170611,0.585939,0.06453396,-0.05080848,0.1109947,0.1380796,0.01916959,-0.07583498,0.1381618,0.1587674,0.009602935,-0.04633516,0.07253076,0.08660182,0.06448714,-0.05090394,0.1109741,0.1380763,0.01911969,-0.07585596,0.1381367,0.1587496,0.009585103,-0.04650474,0.07255787,0.08671337,0.02801469,-0.05722483,0.1045005,0.1223922,-0.8627346,-0.2042755,0.4401627,0.1421874,163.6511,-0.8715902,-0.2063723,0.4446808,18.45734,0,0,0,0,0,0,0,0,0,1,0,0,0.3639902,False,True,False,-0.000134185,0.9789729,0.2538422,1.011348,0.3912403,-0.6630538,-0.0338717,0.6372939,100.8193,0.507695,-0.8604151,-0.04395379,0.05013419,0.02102715,0.04615784,0.07131706,0.05951442,0.3261873,0.9098992,0.2492858,151.1295,0.06145454,0.3368207,0.9395612,0.004999443,1.106255,-0.03687872,1.106881,0.01282912,0.0445957,-0.002330087,0.99892,5.326156,0.2761179,0.9598221,-0.05014987,False
1773055711204,1.944466,0.02746876,0.8863599,0.1600865,0.9011193,-0.3626056,-0.2612633,-0.7133929,0.5397493,114.6669,-0.4307371,-0.3103531,-0.8474353,-0.01597954,0.9962782,0.2092418,1.018139,-0.009310097,1.007729,0.2207147,1.031658,-0.01862613,0.9936019,0.2271918,1.019415,-0.01887835,-0.0778384,0.1094244,0.1356057,-0.01729645,-0.07469195,0.1276553,0.1489092,-0.001598547,-0.08008749,0.118017,0.1426344,-0.01932165,-0.07662524,0.1100955,0.1355204,-0.01763206,-0.07341568,0.1283595,0.1489192,-0.00150713,-0.08005975,0.119172,0.1435751,-0.01239223,-0.07685719,0.1190606,0.1422534,-0.006563682,0.5255925,-0.171464,0.8332524,67.13139,-0.01187153,0.9506229,-0.3101215,1.647138,0.00366368,-0.06232108,0.1125318,0.1286886,0.8493367,0.1383226,0.3048328,0.4081311,131.825,0.9303483,0.1515161,0.3339085,0.4927437,False,True,False,-0.1033525,0.5921048,0.1269896,0.6143258,-0.1014014,-0.2171384,-0.3026082,-0.922495,314.5872,-0.2626917,-0.5625215,-0.7839407,0.01373234,0.5848088,0.1838049,0.6131673,0.006804466,0.5387601,0.2135182,0.5795678,-0.04268919,0.5589435,0.1705874,0.5859525,0.06454793,-0.05077232,0.1110067,0.1380824,0.01918308,-0.07581718,0.1381931,0.1587878,0.009606005,-0.04631246,0.0725252,0.08658536,0.06449951,-0.05087717,0.1109808,0.1380775,0.01913257,-0.07584808,0.1381482,0.1587574,0.009589352,-0.04646552,0.07255123,0.08668726,0.02801971,-0.05719971,0.1045021,0.122383,-0.8627319,-0.2043716,0.4400816,0.1423166,163.6362,-0.8716038,-0.2064733,0.4446072,18.46665,0,0,0,0,0,0,0,0,0,1,0,0,0.3630619,False,True,False,-0.000134185,0.9789729,0.2538422,1.011348,0.3912403,-0.6630538,-0.0338717,0.6372939,100.8193,0.507695,-0.8604151,-0.04395379,0.05013419,0.02102715,0.04615784,0.07131706,0.05951442,0.3261873,0.9098992,0.2492858,151.1295,0.06145454,0.3368207,0.9395612,0.007257184,1.106202,-0.03691252,1.106841,0.01300775,0.0499776,-0.005950432,0.9986479,5.959591,0.250228,0.9614108,-0.1144675,False
1773055711217,1.958354,0.02680512,0.8857878,0.1610362,0.900706,-0.373988,-0.266914,-0.7061512,0.5387396,114.8042,-0.4439173,-0.3168222,-0.8381892,-0.01683902,0.9962244,0.2087834,1.018006,-0.009940863,1.008429,0.2191795,1.032021,-0.01904311,0.9941837,0.2258538,1.019693,-0.01793169,-0.07813431,0.109346,0.1355841,-0.01722512,-0.07498351,0.1275511,0.1489581,-0.001639898,-0.08024829,0.1175464,0.1423363,-0.01903136,-0.07694213,0.109939,0.1355318,-0.0175474,-0.07374189,0.1281901,0.1489244,-0.001534691,-0.08009911,0.1188335,0.1433165,-0.01234204,-0.0770447,0.1189115,0.1422257,-0.008573981,0.5255681,-0.1646928,0.8346143,66.84861,-0.01556543,0.9541302,-0.2989876,1.618725,0.00366368,-0.06232108,0.1125318,0.1286886,0.8493367,0.1383226,0.3048328,0.4081311,131.825,0.9303483,0.1515161,0.3339085,0.5310374,False,True,False,-0.1034182,0.5921763,0.1269684,0.6144014,-0.1013594,-0.217799,-0.3023377,-0.9224326,314.5687,-0.2624817,-0.564015,-0.7829375,0.01373462,0.5848919,0.1836526,0.613201,0.00684461,0.538867,0.2134298,0.579635,-0.04271197,0.5590326,0.1705122,0.5860172,0.0645506,-0.05075396,0.111018,0.138086,0.01918915,-0.07579332,0.1382376,0.1588159,0.009609675,-0.0463005,0.07252721,0.08658105,0.06451013,-0.05085158,0.1109885,0.1380793,0.01914432,-0.07583672,0.1381667,0.1587695,0.00959357,-0.04643116,0.07254624,0.08666514,0.02802334,-0.05717612,0.1045076,0.1223775,-0.8627427,-0.2044213,0.440013,0.1423922,163.6274,-0.8716243,-0.2065257,0.4445427,18.47585,0,0,0,0,0,0,0,0,0,1,0,0,0.3617817,False,True,False,-0.000134185,0.9789729,0.2538422,1.011348,0.3912403,-0.6630538,-0.0338717,0.6372939,100.8193,0.507695,-0.8604151,-0.04395379,0.05013419,0.02102715,0.04615784,0.07131706,0.05951442,0.3261873,0.9098992,0.2492858,151.1295,0.06145454,0.3368207,0.9395612,0.009465653,1.106135,-0.03701389,1.106794,0.0133183,0.05566368,-0.009374945,0.9983167,6.649801,0.2296352,0.9597573,-0.1616435,False
1773055711232,1.972267,0.02600692,0.8851117,0.162136,0.9002151,-0.3847741,-0.2715938,-0.6988977,0.5382637,114.869,-0.4565554,-0.3222608,-0.82928,-0.01783661,0.9959799,0.2086501,1.017757,-0.01077139,1.008817,0.2180848,1.032176,-0.01964272,0.9944302,0.2249306,1.019741,-0.01713053,-0.07842221,0.1092514,0.1355705,-0.01715339,-0.07528507,0.1274447,0.1490109,-0.001681899,-0.08040997,0.1170742,0.1420386,-0.01863328,-0.07725352,0.1097952,0.1355371,-0.0174653,-0.07406384,0.128034,0.1489402,-0.001565295,-0.08016405,0.1184661,0.1430487,-0.01226741,-0.07723044,0.1188017,0.1422282,-0.009595559,0.5253749,-0.1583132,0.8359581,66.56851,-0.01748484,0.957328,-0.2884753,1.585633,0.00366368,-0.06232108,0.1125318,0.1286886,0.8493367,0.1383226,0.3048328,0.4081311,131.825,0.9303483,0.1515161,0.3339085,0.5766654,False,True,False,-0.1034866,0.5922552,0.1269458,0.6144843,-0.1013375,-0.2185433,-0.3020276,-0.9223605,314.5473,-0.262308,-0.5656905,-0.7817861,0.01374354,0.584975,0.1834789,0.6132284,0.006894633,0.5389783,0.2133268,0.5797012,-0.04272927,0.5591235,0.1704253,0.58608,0.06455157,-0.05073687,0.11103,0.1380898,0.01919428,-0.07576697,0.138287,0.1588469,0.009613235,-0.04629266,0.07253034,0.08657988,0.06451875,-0.05082773,0.1109971,0.1380814,0.0191547,-0.07582223,0.1381917,0.1587856,0.009597656,-0.04640229,0.07254294,0.08664736,0.02802551,-0.05715457,0.1045165,0.1223756,-0.8627665,-0.204425,0.4399575,0.1424141,163.6249,-0.8716512,-0.2065301,0.4444882,18.48471,0,0,0,0,0,0,0,0,0,1,0,0,0.3608859,False,True,False,-0.000134185,0.9789729,0.2538422,1.011348,0.3912403,-0.6630538,-0.0338717,0.6372939,100.8193,0.507695,-0.8604151,-0.04395379,0.05013419,0.02102715,0.04615784,0.07131706,0.05951442,0.3261873,0.9098992,0.2492858,151.1295,0.06145454,0.3368207,0.9395612,0.01167423,1.106136,-0.03705561,1.106818,0.01397566,0.06091615,-0.01273994,0.9979637,7.314075,0.2191098,0.9550409,-0.1997363,False
1773055711249,1.989157,0.02518208,0.884424,0.1632343,0.8997141,-0.3955971,-0.2758681,-0.6913111,0.5380416,114.8992,-0.4693184,-0.3272775,-0.8201402,-0.01886804,0.9957177,0.2085034,1.017489,-0.01169272,1.009072,0.2170507,1.032218,-0.02028928,0.9945703,0.224099,1.019707,-0.01646569,-0.07871593,0.1091344,0.1355641,-0.01708265,-0.07560603,0.127296,0.1490381,-0.001723222,-0.08056925,0.1166122,0.141749,-0.01810515,-0.07761102,0.1096346,0.1355397,-0.01737263,-0.07443814,0.1278546,0.1489619,-0.001603459,-0.08026232,0.1180156,0.1427315,-0.01217049,-0.07744881,0.1187004,0.1422541,-0.01017734,0.5251377,-0.151245,0.8374078,66.26521,-0.01862009,0.9607725,-0.2767122,1.543544,0.00366368,-0.06232108,0.1125318,0.1286886,0.8493367,0.1383226,0.3048328,0.4081311,131.825,0.9303483,0.1515161,0.3339085,0.5885034,False,True,False,-0.1035575,0.592341,0.1269219,0.614574,-0.1013387,-0.2193512,-0.3016857,-0.9222805,314.5236,-0.2621814,-0.5675011,-0.7805153,0.01375722,0.5850574,0.1832883,0.6132504,0.006951846,0.5390923,0.2132121,0.5797657,-0.04274241,0.5592153,0.1703285,0.5861403,0.06455089,-0.05072103,0.111043,0.1380941,0.01919843,-0.07573836,0.138341,0.1588808,0.009616684,-0.04628886,0.0725345,0.08658171,0.06452652,-0.05080194,0.1110082,0.1380845,0.01916526,-0.07580197,0.1382278,0.1588086,0.009602252,-0.04637482,0.0725409,0.08663145,0.02802639,-0.05713174,0.1045308,0.1223773,-0.8628087,-0.2043791,0.4399069,0.1423804,163.6288,-0.8716895,-0.2064827,0.4444349,18.49462,0,0,0,0,0,0,0,0,0,1,0,0,0.3618087,False,True,False,-0.000134185,0.9789729,0.2538422,1.011348,0.3912403,-0.6630538,-0.0338717,0.6372939,100.8193,0.507695,-0.8604151,-0.04395379,0.05013419,0.02102715,0.04615784,0.07131706,0.05951442,0.3261873,0.9098992,0.2492858,151.1295,0.06145454,0.3368207,0.9395612,0.01353563,1.105823,-0.0372192,1.106532,0.01432438,0.06648863,-0.01535427,0.9975662,7.996429,0.2054395,0.9535763,-0.22021,False
1773055711260,2.000013,0.02516712,0.8828515,0.166243,0.8987196,-0.4006654,-0.2766857,-0.6884905,0.537488,114.9744,-0.4751321,-0.3281098,-0.8164517,-0.01873672,0.9944833,0.2108791,1.016768,-0.01123384,1.008224,0.2195017,1.031902,-0.01993883,0.9934523,0.2264775,1.019135,-0.01644771,-0.07890856,0.1090266,0.1355872,-0.01704089,-0.07563491,0.1276656,0.1493638,-0.001721328,-0.080661,0.116505,0.141713,-0.01782053,-0.07783451,0.1095306,0.1355461,-0.0173161,-0.07464274,0.1278223,0.1490299,-0.001623497,-0.0803303,0.117757,0.1425563,-0.01213981,-0.07757553,0.118673,0.1422977,-0.01111129,0.5249441,-0.1473815,0.8382058,66.09772,-0.02037445,0.9625749,-0.2702492,1.527336,0.00366368,-0.06232108,0.1125318,0.1286886,0.8493367,0.1383226,0.3048328,0.4081311,131.825,0.9303483,0.1515161,0.3339085,0.5469645,False,True,False,-0.1035679,0.5923599,0.126933,0.6145962,-0.1013063,-0.2200504,-0.3012595,-0.9222568,314.5165,-0.2620594,-0.5692267,-0.7792985,0.01381064,0.5850081,0.18317,0.6131693,0.007039614,0.5391262,0.2131976,0.5797929,-0.04270144,0.5592205,0.1702836,0.5861292,0.06451361,-0.05073561,0.1110652,0.1380999,0.01919199,-0.07569304,0.1384304,0.1589363,0.009621163,-0.04629812,0.07254587,0.08659669,0.06452432,-0.05079066,0.1110179,0.1380871,0.0191698,-0.07578346,0.1382622,0.1588303,0.009605465,-0.04636175,0.07254174,0.08662552,0.02802183,-0.05711925,0.1045452,0.1223827,-0.8628752,-0.2042517,0.4398592,0.1423083,163.6371,-0.8717475,-0.2063518,0.444382,18.49929,0,0,0,0,0,0,0,0,0,1,0,0,0.3650643,False,True,False,-0.000134185,0.9789729,0.2538422,1.011348,0.3912403,-0.6630538,-0.0338717,0.6372939,100.8193,0.507695,-0.8604151,-0.04395379,0.05013419,0.02102715,0.04615784,0.07131706,0.05951442,0.3261873,0.9098992,0.2492858,151.1295,0.06145454,0.3368207,0.9395612,0.01554323,1.105654,-0.03732157,1.106393,0.01514107,0.07123764,-0.0184547,0.9971737,8.617415,0.2015308,0.9481881,-0.245636,False
1773055711273,2.01399,0.0251017,0.8813601,0.1690645,0.8977798,-0.4064217,-0.2778048,-0.6849557,0.5371049,115.0265,-0.4818189,-0.3293417,-0.812025,-0.01872336,0.9933332,0.212977,1.016081,-0.01086717,1.007508,0.2216275,1.031653,-0.01968646,0.9924477,0.2285585,1.018616,-0.01640774,-0.07912031,0.1089065,0.1356092,-0.01699986,-0.07566523,0.1280487,0.149702,-0.001718877,-0.08077391,0.116382,0.1416762,-0.01752269,-0.07810626,0.1093996,0.1355577,-0.01724994,-0.07485738,0.1278698,0.1491706,-0.001643403,-0.08042309,0.1174679,0.1423702,-0.01213174,-0.07771917,0.1186807,0.1423818,-0.0128038,0.5246308,-0.1434101,0.8390663,65.9167,-0.02353514,0.9643431,-0.2636074,1.51842,0.00366368,-0.06232108,0.1125318,0.1286886,0.8493367,0.1383226,0.3048328,0.4081311,131.825,0.9303483,0.1515161,0.3339085,0.5087938,False,True,False,-0.1035768,0.5923805,0.1269451,0.6146201,-0.1012899,-0.2207495,-0.3008169,-0.922236,314.5104,-0.2619832,-0.570962,-0.7780538,0.01386485,0.5849473,0.1830534,0.6130776,0.007128164,0.539157,0.2131906,0.5798201,-0.04265653,0.5592201,0.1702383,0.5861124,0.06447016,-0.05075512,0.1110893,0.1381062,0.01918324,-0.07564357,0.1385282,0.1589969,0.00962563,-0.04631241,0.07255903,0.08661585,0.06451301,-0.05078325,0.1110328,0.1380911,0.01917261,-0.07575428,0.1383177,0.158865,0.009609671,-0.04635143,0.07254535,0.08662349,0.0280101,-0.05710665,0.104569,0.1223945,-0.8630031,-0.2039791,0.4397829,0.1421586,163.6544,-0.8718578,-0.206072,0.4442953,18.50292,0,0,0,0,0,0,0,0,0,1,0,0,0.3677423,False,True,False,-0.000134185,0.9789729,0.2538422,1.011348,0.3912403,-0.6630538,-0.0338717,0.6372939,100.8193,0.507695,-0.8604151,-0.04395379,0.05013419,0.02102715,0.04615784,0.07131706,0.05951442,0.3261873,0.9098992,0.2492858,151.1295,0.06145454,0.3368207,0.9395612,0.01727614,1.105524,-0.03741911,1.106292,0.01597412,0.07539903,-0.01977569,0.9968293,9.127627,0.2007574,0.9475902,-0.2485344,False
1773055711287,2.027823,0.02534917,0.8809374,0.1702687,0.8975994,-0.4125015,-0.2760913,-0.6808496,0.5385721,114.827,-0.4895699,-0.3276739,-0.8080539,-0.01836678,0.9929,0.21426,1.015921,-0.01006264,1.007361,0.2227229,1.031738,-0.01882904,0.9923164,0.2298688,1.018767,-0.0162473,-0.07941666,0.1086891,0.1355887,-0.01699071,-0.07567114,0.1281277,0.1497715,-0.001690431,-0.08085251,0.1164397,0.1417681,-0.01725588,-0.07838103,0.1092516,0.1355628,-0.01719615,-0.07502686,0.1279234,0.1492955,-0.001653138,-0.08051211,0.1172533,0.1422437,-0.01213383,-0.07785137,0.1186936,0.1424648,-0.01561657,0.5227401,-0.1405127,0.8406873,65.57446,-0.02883836,0.9653186,-0.2594779,1.514824,0.00366368,-0.06232108,0.1125318,0.1286886,0.8493367,0.1383226,0.3048328,0.4081311,131.825,0.9303483,0.1515161,0.3339085,0.5034716,False,True,False,-0.1035811,0.5923883,0.1269817,0.6146359,-0.1014404,-0.2212361,-0.3005412,-0.9221927,314.4975,-0.2623023,-0.5720676,-0.7771331,0.0139064,0.5848762,0.1830031,0.6129957,0.00721094,0.5391617,0.2132619,0.5798516,-0.04260837,0.559191,0.1702204,0.586076,0.06442751,-0.05076511,0.1111207,0.1381152,0.01916717,-0.07557455,0.1386717,0.1590872,0.009630208,-0.04633467,0.0725762,0.08664264,0.06449531,-0.05077949,0.111051,0.138096,0.01917148,-0.07571708,0.138391,0.158911,0.00961392,-0.04634796,0.07255173,0.08662745,0.02799291,-0.05709635,0.1046017,0.1224137,-0.8631747,-0.2035847,0.4397074,0.1419155,163.6826,-0.8720005,-0.2056663,0.4442033,18.50647,0,0,0,0,0,0,0,0,0,1,0,0,0.3724613,False,True,False,-0.000134185,0.9789729,0.2538422,1.011348,0.3912403,-0.6630538,-0.0338717,0.6372939,100.8193,0.507695,-0.8604151,-0.04395379,0.05013419,0.02102715,0.04615784,0.07131706,0.05951442,0.3261873,0.9098992,0.2492858,151.1295,0.06145454,0.3368207,0.9395612,0.01903526,1.105359,-0.03748077,1.106158,0.01669387,0.07915429,-0.02157731,0.996489,9.605299,0.199392,0.9454209,-0.25772,False
1773055711302,2.041753,0.02551052,0.880569,0.1712578,0.8974307,-0.4197456,-0.2747003,-0.6757953,0.5400501,114.6259,-0.4987277,-0.3263897,-0.8029574,-0.01807185,0.9925893,0.2151777,1.015806,-0.00932027,1.007379,0.2233954,1.031894,-0.01801179,0.9923889,0.2308321,1.019041,-0.01608368,-0.079705,0.1084761,0.1355679,-0.01698122,-0.07567837,0.1282292,0.1498609,-0.001653158,-0.08094873,0.1165554,0.1419176,-0.01700927,-0.07866022,0.1090892,0.1355625,-0.01715131,-0.0751633,0.1279874,0.1494137,-0.001653142,-0.08060307,0.1171069,0.1421746,-0.01214269,-0.07797731,0.1187122,0.1425499,-0.01919921,0.5192853,-0.1384858,0.8430871,65.06487,-0.03570107,0.9656146,-0.2575153,1.515974,0.00366368,-0.06232108,0.1125318,0.1286886,0.8493367,0.1383226,0.3048328,0.4081311,131.825,0.9303483,0.1515161,0.3339085,0.499419,False,True,False,-0.1035838,0.5923967,0.1270207,0.6146526,-0.101604,-0.2216752,-0.3002867,-0.9221522,314.4855,-0.2626598,-0.57306,-0.7762812,0.01394387,0.5848,0.1829676,0.6129133,0.007300086,0.5391895,0.2134038,0.5799308,-0.0425583,0.5591571,0.1702081,0.5860364,0.06438004,-0.05077765,0.1111544,0.1381248,0.01915261,-0.07546868,0.1388772,0.1592144,0.009634797,-0.046362,0.07259534,0.0866738,0.06447132,-0.05077911,0.1110725,0.138102,0.01916756,-0.07566538,0.1384923,0.1589741,0.009618263,-0.04635089,0.07256081,0.08663709,0.02796913,-0.05708649,0.1046468,0.1224422,-0.8634076,-0.2029941,0.4396437,0.1415422,163.7258,-0.8721886,-0.2050586,0.4441149,18.51119,0,0,0,0,0,0,0,0,0,1,0,0,0.3802869,False,True,False,-0.000134185,0.9789729,0.2538422,1.011348,0.3912403,-0.6630538,-0.0338717,0.6372939,100.8193,0.507695,-0.8604151,-0.04395379,0.05013419,0.02102715,0.04615784,0.07131706,0.05951442,0.3261873,0.9098992,0.2492858,151.1295,0.06145454,0.3368207,0.9395612,0.02067097,1.105164,-0.03755166,1.105995,0.0172769,0.08319637,-0.02390554,0.9960966,10.12815,0.1957288,0.942526,-0.2708242,False
1773055711314,2.055767,0.02562848,0.8802151,0.1721672,0.8972608,-0.4279345,-0.2735878,-0.6699218,0.541504,114.4278,-0.5090228,-0.3254294,-0.7968637,-0.01779679,0.9923531,0.2158858,1.01572,-0.008608889,1.007508,0.2238074,1.032103,-0.01722772,0.9925655,0.231564,1.019365,-0.01591971,-0.07997881,0.1082732,0.1355475,-0.01697079,-0.07568695,0.1283574,0.1499738,-0.001614838,-0.08106885,0.1166663,0.1420767,-0.0167789,-0.07893967,0.1089174,0.1355581,-0.01711348,-0.07527349,0.1280651,0.1495314,-0.001645133,-0.08070051,0.1170141,0.1421534,-0.0121562,-0.07809869,0.1187373,0.1426384,-0.02315306,0.5146136,-0.1372231,0.8460535,64.43002,-0.04343116,0.9653265,-0.2574069,1.521356,0.00366368,-0.06232108,0.1125318,0.1286886,0.8493367,0.1383226,0.3048328,0.4081311,131.825,0.9303483,0.1515161,0.3339085,0.4948885,False,True,False,-0.1035849,0.5924056,0.1270622,0.6146698,-0.1017882,-0.2221004,-0.3000346,-0.9221116,314.4735,-0.2630702,-0.5740157,-0.7754357,0.01397279,0.5846735,0.1829521,0.6127885,0.007408239,0.539243,0.2136339,0.5800667,-0.04250434,0.5591174,0.1701976,0.5859916,0.06428961,-0.05081967,0.1112016,0.1381361,0.01913946,-0.07531761,0.1391713,0.159398,0.009639415,-0.04639426,0.07261645,0.08670925,0.06443333,-0.05078759,0.1110995,0.1381091,0.01916168,-0.07559263,0.1386345,0.1590627,0.009622684,-0.04635997,0.07257244,0.08665219,0.02793262,-0.05707695,0.1047081,0.1224818,-0.863749,-0.202093,0.4395568,0.1410168,163.7866,-0.8724675,-0.2041329,0.4439936,18.51579,0,0,0,0,0,0,0,0,0,1,0,0,0.3930581,False,True,False,-0.000134185,0.9789729,0.2538422,1.011348,0.3912403,-0.6630538,-0.0338717,0.6372939,100.8193,0.507695,-0.8604151,-0.04395379,0.05013419,0.02102715,0.04615784,0.07131706,0.05951442,0.3261873,0.9098992,0.2492858,151.1295,0.06145454,0.3368207,0.9395612,0.0222617,1.105016,-0.03767636,1.105883,0.01767208,0.08546388,-0.02509266,0.9958684,10.42008,0.1946111,0.9411578,-0.276329,False
1773055711333,2.07259,0.02602135,0.8799173,0.172278,0.8970012,-0.4308898,-0.2680457,-0.6671202,0.545377,113.8991,-0.5140713,-0.3197908,-0.7959049,-0.01817361,0.9912657,0.2171101,1.014926,-0.007533845,1.007038,0.2253012,1.031961,-0.01621712,0.9921514,0.2332476,1.019329,-0.01581347,-0.08105649,0.1074301,0.1355044,-0.01696724,-0.07559419,0.1286512,0.1501782,-0.001523092,-0.08123565,0.117083,0.1425131,-0.01654387,-0.07945659,0.1085565,0.1355418,-0.01707817,-0.07535119,0.128207,0.149688,-0.001615738,-0.0808294,0.1170308,0.14224,-0.01222289,-0.0782851,0.118727,0.1427377,-0.03385669,0.5027948,-0.1367052,0.8528557,62.95271,-0.06484135,0.962938,-0.2618138,1.550884,0.00366368,-0.06232108,0.1125318,0.1286886,0.8493367,0.1383226,0.3048328,0.4081311,131.825,0.9303483,0.1515161,0.3339085,0.5994592,False,True,False,-0.1036191,0.5923529,0.1271204,0.6146368,-0.1019165,-0.2223445,-0.300008,-0.9220473,314.4545,-0.2632976,-0.5744189,-0.7750596,0.01395616,0.5845739,0.182997,0.6127065,0.007432148,0.5391988,0.2137479,0.5800679,-0.04249363,0.5590411,0.1702188,0.5859241,0.06423425,-0.05082773,0.1112469,0.1381498,0.01911363,-0.07526581,0.1392902,0.1594742,0.009643772,-0.04642131,0.07262848,0.08673428,0.06438539,-0.05079726,0.111135,0.1381189,0.01915012,-0.07551385,0.1387927,0.1591618,0.009627762,-0.04637476,0.07258593,0.08667197,0.02788881,-0.05706893,0.1047781,0.122528,-0.8641461,-0.2011268,0.4394168,0.1404013,163.8579,-0.8727913,-0.2031389,0.4438129,18.5197,0,0,0,0,0,0,0,0,0,1,0,0,0.3894427,False,True,False,-0.000134185,0.9789729,0.2538422,1.011348,0.3912403,-0.6630538,-0.0338717,0.6372939,100.8193,0.507695,-0.8604151,-0.04395379,0.05013419,0.02102715,0.04615784,0.07131706,0.05951442,0.3261873,0.9098992,0.2492858,151.1295,0.06145454,0.3368207,0.9395612,0.0236572,1.104959,-0.0377263,1.105856,0.0183523,0.08801572,-0.02621358,0.995605,10.74748,0.1959627,0.9398164,-0.279904,False
1773055711343,2.083271,0.02637648,0.8796191,0.1724233,0.896747,-0.4346441,-0.262977,-0.6636859,0.5490434,113.3972,-0.5200375,-0.3146434,-0.7940785,-0.0182841,0.9903914,0.2181686,1.014301,-0.006283298,1.006855,0.2267106,1.032082,-0.01520016,0.9918129,0.2347567,1.019331,-0.01583057,-0.0818764,0.1067836,0.1354883,-0.01696525,-0.07537863,0.1292374,0.1505724,-0.001434038,-0.08139132,0.1174721,0.1429206,-0.01642287,-0.07986915,0.1082564,0.1355295,-0.01705919,-0.07535582,0.1283808,0.149837,-0.001585278,-0.08092359,0.1171053,0.1423544,-0.01229582,-0.0784171,0.118727,0.1428164,-0.04310464,0.492457,-0.136991,0.8584065,61.72374,-0.08402953,0.9600111,-0.2670546,1.586583,0.00366368,-0.06232108,0.1125318,0.1286886,0.8493367,0.1383226,0.3048328,0.4081311,131.825,0.9303483,0.1515161,0.3339085,0.7022646,False,True,False,-0.1036539,0.5922968,0.1271815,0.6146014,-0.1020608,-0.2225858,-0.299994,-0.9219776,314.4339,-0.2635575,-0.5747959,-0.7746916,0.01392832,0.5844168,0.1830639,0.6125761,0.007458508,0.5391511,0.2138749,0.5800707,-0.04248102,0.5589584,0.1702408,0.5858507,0.06412883,-0.05086907,0.1113083,0.1381655,0.01908515,-0.07520981,0.1394214,0.1595591,0.009648097,-0.0464517,0.07264093,0.08676146,0.06434239,-0.0508093,0.111164,0.1381266,0.01913923,-0.07546281,0.1388984,0.1592285,0.009631171,-0.04638768,0.07259515,0.08668698,0.02785316,-0.05706662,0.1048249,0.1225588,-0.8644482,-0.2004771,0.4392502,0.1399908,163.9054,-0.8730453,-0.2024708,0.4436187,18.51847,0,0,0,0,0,0,0,0,0,1,0,0,0.3915171,False,True,False,-0.000134185,0.9789729,0.2538422,1.011348,0.3912403,-0.6630538,-0.0338717,0.6372939,100.8193,0.507695,-0.8604151,-0.04395379,0.05013419,0.02102715,0.04615784,0.07131706,0.05951442,0.3261873,0.9098992,0.2492858,151.1295,0.06145454,0.3368207,0.9395612,0.02494539,1.104854,-0.03770587,1.105779,0.01897604,0.08921356,-0.02642506,0.9954811,10.89805,0.1998318,0.9394854,-0.2782756,False
1773055711357,2.09727,0.0269134,0.879505,0.1720349,0.8965765,-0.4362803,-0.2590978,-0.6622593,0.551308,113.0864,-0.5229287,-0.3105565,-0.7937887,-0.01883028,0.9898896,0.2177517,1.013732,-0.002823625,1.009362,0.2289952,1.035016,-0.01417262,0.9914113,0.2352836,1.019046,-0.01657613,-0.08317064,0.1057152,0.1355279,-0.01688398,-0.07391622,0.1334492,0.1534841,-0.001407092,-0.0814284,0.1174941,0.1429596,-0.01645521,-0.08057114,0.1077199,0.1355214,-0.0170225,-0.07505395,0.1294504,0.1505997,-0.001548074,-0.08102905,0.1171869,0.1424811,-0.01260376,-0.07846588,0.1190972,0.1431778,-0.06115846,0.4778087,-0.1378965,0.8654149,60.13976,-0.1220592,0.9536039,-0.2752119,1.725063,0.00366368,-0.06232108,0.1125318,0.1286886,0.8493367,0.1383226,0.3048328,0.4081311,131.825,0.9303483,0.1515161,0.3339085,1.053703,False,True,False,-0.1036759,0.5921714,0.1272429,0.6144969,-0.1022018,-0.2228949,-0.3001274,-0.9218439,314.3943,-0.2637047,-0.5751218,-0.7743998,0.01390582,0.5841654,0.1831437,0.6123595,0.007511713,0.5390478,0.2139496,0.5800029,-0.04244919,0.5588372,0.1702566,0.5857373,0.06396136,-0.050944,0.1113902,0.1381815,0.01904728,-0.07517552,0.1395122,0.1596177,0.009651961,-0.04646578,0.07264981,0.08677686,0.06426281,-0.05083743,0.1112113,0.138138,0.01912003,-0.07540273,0.139027,0.1593099,0.009635513,-0.04640401,0.07260656,0.08670576,0.02779361,-0.05706789,0.1048805,0.1225934,-0.8649099,-0.1996535,0.4388609,0.1395365,163.958,-0.8734549,-0.201626,0.4431967,18.50725,0,0,0,0,0,0,0,0,0,1,0,0,0.388229,False,True,False,-0.000134185,0.9789729,0.2538422,1.011348,0.3912403,-0.6630538,-0.0338717,0.6372939,100.8193,0.507695,-0.8604151,-0.04395379,0.05013419,0.02102715,0.04615784,0.07131706,0.05951442,0.3261873,0.9098992,0.2492858,151.1295,0.06145454,0.3368207,0.9395612,0.02612757,1.104668,-0.03777593,1.105623,0.01941415,0.09097032,-0.02726798,0.9952909,11.12514,0.2002847,0.9384891,-0.2813083,False
1773055711371,2.11109,0.02764709,0.8793265,0.1715379,0.8963284,-0.4383957,-0.2555574,-0.6604469,0.5534523,112.7916,-0.5263607,-0.3068355,-0.7929668,-0.01878431,0.9896146,0.2169629,1.013293,0.0001821816,1.010886,0.2303793,1.036806,-0.01293997,0.9910142,0.2355797,1.018712,-0.01760699,-0.08408573,0.1049038,0.1355921,-0.01684098,-0.0727803,0.1362898,0.1554204,-0.001378039,-0.08146591,0.1175225,0.143004,-0.01669529,-0.0813124,0.1071302,0.135526,-0.01698488,-0.07458325,0.1308876,0.1516005,-0.001512928,-0.08111943,0.1172566,0.1425895,-0.01298652,-0.0784483,0.1196246,0.1436414,-0.07964452,0.4650047,-0.1377933,0.8708849,58.87674,-0.1620481,0.9461179,-0.28036,1.915159,0.00366368,-0.06232108,0.1125318,0.1286886,0.8493367,0.1383226,0.3048328,0.4081311,131.825,0.9303483,0.1515161,0.3339085,1.231961,False,True,False,-0.1036976,0.592039,0.1273067,0.6143861,-0.1024095,-0.2233225,-0.3003476,-0.9216457,314.3358,-0.2639199,-0.5755253,-0.7740269,0.01389433,0.5838996,0.1832041,0.6121238,0.007600412,0.5389494,0.2140028,0.5799323,-0.04239901,0.5587159,0.1702546,0.5856174,0.06376987,-0.05103245,0.1114804,0.1381984,0.01900589,-0.07513855,0.1396146,0.1596849,0.009655721,-0.04648025,0.07265857,0.08679236,0.06416084,-0.05087774,0.1112669,0.1381502,0.01909644,-0.07534803,0.1391489,0.1593876,0.009639691,-0.04641978,0.07261731,0.08672367,0.02772141,-0.05707322,0.1049316,0.1226233,-0.8654385,-0.1988357,0.4383109,0.1391554,164.002,-0.8739414,-0.2007892,0.4426173,18.48717,0,0,0,0,0,0,0,0,0,1,0,0,0.3865803,False,True,False,-0.000134185,0.9789729,0.2538422,1.011348,0.3912403,-0.6630538,-0.0338717,0.6372939,100.8193,0.507695,-0.8604151,-0.04395379,0.05013419,0.02102715,0.04615784,0.07131706,0.05951442,0.3261873,0.9098992,0.2492858,151.1295,0.06145454,0.3368207,0.9395612,0.02724458,1.104551,-0.03775036,1.105531,0.01988684,0.09160108,-0.02806814,0.9952015,11.23041,0.2032441,0.9361655,-0.2868571,False
1773055711385,2.12494,0.02846257,0.8791049,0.1710197,0.8960376,-0.4409775,-0.2520949,-0.6582451,0.5556081,112.4948,-0.5303753,-0.3032012,-0.7916888,-0.01844562,0.9894006,0.2161078,1.012895,0.002953282,1.01192,0.231322,1.038028,-0.01159067,0.9906165,0.2357991,1.01836,-0.01869101,-0.08480213,0.1042212,0.135657,-0.01682154,-0.07182463,0.138439,0.1568665,-0.001347075,-0.08150382,0.1175572,0.1430538,-0.01711086,-0.08205097,0.1065189,0.1355412,-0.01695098,-0.07401147,0.1324869,0.1527017,-0.001478584,-0.08119912,0.1173191,0.1426859,-0.01339262,-0.07839063,0.120221,0.1441441,-0.09658943,0.4546918,-0.1365803,0.8747981,57.95782,-0.1993641,0.9385003,-0.2819067,2.140877,0.00366368,-0.06232108,0.1125318,0.1286886,0.8493367,0.1383226,0.3048328,0.4081311,131.825,0.9303483,0.1515161,0.3339085,1.263579,False,True,False,-0.1037189,0.5918999,0.1273727,0.6142694,-0.1026819,-0.223852,-0.3006619,-0.9213843,314.2586,-0.2641996,-0.5759693,-0.7736005,0.01390221,0.5836481,0.1832377,0.6118942,0.007725388,0.5388587,0.2140475,0.5798661,-0.04233169,0.5585955,0.1702363,0.5854923,0.06358377,-0.0511203,0.1115721,0.1382191,0.01896107,-0.07509545,0.1397392,0.1597683,0.009659447,-0.04649507,0.07266715,0.0868079,0.06404121,-0.05092796,0.1113302,0.1381642,0.01906841,-0.07529564,0.1392716,0.1594666,0.009643782,-0.04643539,0.07262763,0.08674111,0.02763834,-0.05708163,0.1049819,0.1226515,-0.8660302,-0.197987,0.4376343,0.1388138,164.0416,-0.8744966,-0.1999225,0.4419127,18.4613,0,0,0,0,0,0,0,0,0,1,0,0,0.388999,False,True,False,-0.000134185,0.9789729,0.2538422,1.011348,0.3912403,-0.6630538,-0.0338717,0.6372939,100.8193,0.507695,-0.8604151,-0.04395379,0.05013419,0.02102715,0.04615784,0.07131706,0.05951442,0.3261873,0.9098992,0.2492858,151.1295,0.06145454,0.3368207,0.9395612,0.02812244,1.104334,-0.03779513,1.105338,0.0204057,0.09237605,-0.0283419,0.9951116,11.33519,0.2066255,0.9353881,-0.2869865,False
1773055711398,2.139033,0.02884913,0.8790028,0.1704514,0.8958415,-0.4492866,-0.2444512,-0.6501804,0.561828,111.6354,-0.543106,-0.2954971,-0.7859501,-0.01901163,0.989108,0.2155841,1.012508,0.00607265,1.013164,0.2327168,1.039565,-0.009879246,0.99063,0.2370868,1.018654,-0.02030359,-0.08618274,0.1030622,0.1358732,-0.01680451,-0.07067566,0.1409074,0.1585318,-0.001223537,-0.08165046,0.1182438,0.1437007,-0.01778244,-0.08293947,0.1057809,0.1355904,-0.01692015,-0.07330821,0.1343061,0.1539433,-0.001425025,-0.08129401,0.1175138,0.1428994,-0.01386651,-0.07836237,0.1208207,0.1446741,-0.1143875,0.4432374,-0.1348879,0.8787841,57.00794,-0.2396958,0.9287913,-0.2826538,2.434726,0.00366368,-0.06232108,0.1125318,0.1286886,0.8493367,0.1383226,0.3048328,0.4081311,131.825,0.9303483,0.1515161,0.3339085,1.283086,False,True,False,-0.103758,0.5917983,0.1274594,0.6141961,-0.1028334,-0.2241721,-0.3013833,-0.9210539,314.1613,-0.2640578,-0.5756341,-0.7738987,0.01391193,0.5837148,0.1832816,0.6119711,0.007813714,0.5388738,0.2141147,0.5799061,-0.04226881,0.5585478,0.1702713,0.5854525,0.06357697,-0.05109221,0.1116087,0.1382352,0.01891354,-0.07507095,0.1398097,0.1598128,0.009661614,-0.04652126,0.07268497,0.08683709,0.0639436,-0.05096245,0.1113887,0.1381789,0.01903589,-0.07524838,0.139385,0.1595395,0.009647526,-0.04645343,0.07263967,0.08676127,0.02756909,-0.0570885,0.1050339,0.1226836,-0.8665264,-0.1972859,0.4370898,0.1384296,164.086,-0.8749503,-0.1992038,0.4413389,18.44368,0,0,0,0,0,0,0,0,0,1,0,0,0.3834862,False,True,False,-0.000134185,0.9789729,0.2538422,1.011348,0.3912403,-0.6630538,-0.0338717,0.6372939,100.8193,0.507695,-0.8604151,-0.04395379,0.05013419,0.02102715,0.04615784,0.07131706,0.05951442,0.3261873,0.9098992,0.2492858,151.1295,0.06145454,0.3368207,0.9395612,0.02899603,1.104149,-0.03779351,1.105177,0.02123593,0.09233141,-0.02853362,0.9950929,11.35688,0.2146228,0.9331557,-0.2883775,False
1773055711412,2.152748,0.02920268,0.8788943,0.1699538,0.8956518,-0.4577504,-0.2369961,-0.6418254,0.5677655,110.8109,-0.5560688,-0.2878995,-0.7796805,-0.01929311,0.9887843,0.2152987,1.012136,0.009092128,1.014241,0.2337901,1.040877,-0.008134801,0.9906391,0.2382757,1.018925,-0.02170869,-0.0872264,0.1020731,0.1360096,-0.01681187,-0.0695613,0.1430504,0.1599526,-0.001107458,-0.0817712,0.1188627,0.1442778,-0.01859052,-0.08384386,0.1050043,0.1356514,-0.01689785,-0.07253245,0.1361669,0.1552028,-0.001359741,-0.08139223,0.1177912,0.1431828,-0.01435826,-0.07834127,0.1213832,0.1451806,-0.1298008,0.4325638,-0.1334982,0.8821669,56.19024,-0.2756227,0.9185178,-0.2834738,2.768532,0.00366368,-0.06232108,0.1125318,0.1286886,0.8493367,0.1383226,0.3048328,0.4081311,131.825,0.9303483,0.1515161,0.3339085,1.288913,False,True,False,-0.1037979,0.5916934,0.1275491,0.6141204,-0.103014,-0.2245258,-0.3023334,-0.9206361,314.0385,-0.263853,-0.5750852,-0.7743764,0.01393071,0.5838169,0.1833207,0.6120807,0.007929713,0.5389215,0.214167,0.5799714,-0.04218709,0.5585178,0.1703001,0.5854263,0.06356642,-0.05107146,0.1116486,0.1382548,0.01886289,-0.07504835,0.1398776,0.1598556,0.009663535,-0.04654916,0.07270379,0.086868,0.06386597,-0.05098485,0.1114422,0.1381944,0.01900033,-0.07520721,0.1394866,0.1596047,0.009650815,-0.04647311,0.07265285,0.0867832,0.02751255,-0.05709451,0.1050853,0.1227178,-0.8669342,-0.1967206,0.4366619,0.1380304,164.1322,-0.8753127,-0.1986218,0.440882,18.43274,0,0,0,0,0,0,0,0,0,1,0,0,0.3811723,False,True,False,-0.000134185,0.9789729,0.2538422,1.011348,0.3912403,-0.6630538,-0.0338717,0.6372939,100.8193,0.507695,-0.8604151,-0.04395379,0.05013419,0.02102715,0.04615784,0.07131706,0.05951442,0.3261873,0.9098992,0.2492858,151.1295,0.06145454,0.3368207,0.9395612,0.02976825,1.10401,-0.03775153,1.105056,0.02216636,0.09213308,-0.029082,0.9950751,11.37744,0.223623,0.9294749,-0.2933907,False
1773055711427,2.166626,0.02947659,0.8787303,0.1695556,0.8954244,-0.4671799,-0.2298881,-0.6352302,0.5704184,110.4412,-0.5687922,-0.2798891,-0.7733936,-0.01940488,0.9891124,0.2138533,1.012153,0.01245944,1.015115,0.2339179,1.041793,-0.005926337,0.9906656,0.2386599,1.019025,-0.02398294,-0.08843379,0.1008035,0.1362243,-0.01689236,-0.06855023,0.1444428,0.1607738,-0.001086352,-0.08175088,0.1189213,0.1443144,-0.01971675,-0.08482359,0.1041138,0.1357331,-0.01689671,-0.07169741,0.1379536,0.156388,-0.001302994,-0.08146676,0.1180256,0.1434175,-0.0149455,-0.07837188,0.1217525,0.1455651,-0.1446429,0.42522,-0.1313629,0.8837478,55.80436,-0.3090901,0.9086608,-0.2807118,3.160774,0.00366368,-0.06232108,0.1125318,0.1286886,0.8493367,0.1383226,0.3048328,0.4081311,131.825,0.9303483,0.1515161,0.3339085,1.285887,False,True,False,-0.1037994,0.5915411,0.1275832,0.6139809,-0.103111,-0.2249446,-0.3033225,-0.9201976,313.91,-0.2634051,-0.5746384,-0.7748609,0.01394064,0.5836553,0.1833671,0.6119406,0.00809437,0.5389513,0.214168,0.5800017,-0.04206226,0.558459,0.1702708,0.5853528,0.06333572,-0.05120219,0.111741,0.138272,0.01880858,-0.07502393,0.1399471,0.1598985,0.009666747,-0.04657467,0.0727176,0.08689359,0.06375576,-0.05102995,0.1115043,0.1382102,0.01896054,-0.07516913,0.1395825,0.1596659,0.00965412,-0.04649418,0.07266628,0.0868061,0.0274377,-0.05710726,0.1051308,0.1227459,-0.8674474,-0.1960708,0.4360318,0.1377229,164.1678,-0.875793,-0.1979571,0.4402269,18.40782,0,0,0,0,0,0,0,0,0,1,0,0,0.3860265,False,True,False,-0.000134185,0.9789729,0.2538422,1.011348,0.3912403,-0.6630538,-0.0338717,0.6372939,100.8193,0.507695,-0.8604151,-0.04395379,0.05013419,0.02102715,0.04615784,0.07131706,0.05951442,0.3261873,0.9098992,0.2492858,151.1295,0.06145454,0.3368207,0.9395612,0.03044281,1.103866,-0.03770643,1.104929,0.02298426,0.0906738,-0.02912965,0.9951892,11.24471,0.234602,0.925514,-0.2973284,False
1773055711440,2.180787,0.02973442,0.8785657,0.1691953,0.8952033,-0.4756505,-0.2236041,-0.6289826,0.572834,110.1038,-0.5802941,-0.2727973,-0.7673595,-0.01950076,0.9892988,0.2125917,1.012071,0.01553906,1.015929,0.2338921,1.042621,-0.003944006,0.9906796,0.2389402,1.019095,-0.0259667,-0.08939048,0.09964677,0.1363613,-0.01697521,-0.06757089,0.1457545,0.1615499,-0.001065281,-0.08172487,0.1189856,0.1443525,-0.02105045,-0.08581598,0.1031493,0.1358208,-0.01691328,-0.07081547,0.1396717,0.157509,-0.001252852,-0.08152127,0.118228,0.1436146,-0.01560857,-0.07842728,0.1219842,0.1458582,-0.1576363,0.4202477,-0.1293327,0.8842034,55.69268,-0.3374773,0.8996918,-0.2768832,3.602953,0.00366368,-0.06232108,0.1125318,0.1286886,0.8493367,0.1383226,0.3048328,0.4081311,131.825,0.9303483,0.1515161,0.3339085,1.281304,False,True,False,-0.1037993,0.591383,0.1276165,0.6138356,-0.1032012,-0.2253595,-0.304433,-0.9197191,313.7701,-0.2628814,-0.5740516,-0.7754732,0.01395182,0.5835066,0.1834165,0.6118138,0.008269578,0.5389965,0.2141664,0.5800455,-0.04192796,0.5584074,0.1702398,0.5852848,0.06309782,-0.05133759,0.1118347,0.1382891,0.01875126,-0.07500076,0.1400146,0.15994,0.009669885,-0.04660117,0.07273159,0.08691985,0.06361675,-0.05109482,0.111574,0.1382264,0.01891641,-0.07513358,0.139674,0.1597239,0.009657443,-0.04651674,0.07268005,0.08683008,0.02734664,-0.05712595,0.1051715,0.1227691,-0.8680539,-0.1953433,0.4352235,0.1374918,164.1945,-0.8763769,-0.1972163,0.4393965,18.37072,0,0,0,0,0,0,0,0,0,1,0,0,0.3951663,False,True,False,-0.000134185,0.9789729,0.2538422,1.011348,0.3912403,-0.6630538,-0.0338717,0.6372939,100.8193,0.507695,-0.8604151,-0.04395379,0.05013419,0.02102715,0.04615784,0.07131706,0.05951442,0.3261873,0.9098992,0.2492858,151.1295,0.06145454,0.3368207,0.9395612,0.03080069,1.103666,-0.03764743,1.104737,0.02378126,0.08938507,-0.02904938,0.9952894,11.1269,0.2452989,0.9219887,-0.2996384,False
1773055711454,2.194356,0.03010147,0.8783231,0.1687729,0.8948976,-0.4884091,-0.2154506,-0.619702,0.5753321,109.7542,-0.5971356,-0.2634129,-0.7576561,-0.01914484,0.9893636,0.2116221,1.011924,0.01966967,1.016987,0.2332532,1.043579,-7.059798E-05,0.991958,0.2396934,1.020507,-0.0276487,-0.09040577,0.09839469,0.1364521,-0.01708479,-0.06636488,0.1472062,0.1623756,-0.0008459458,-0.08118998,0.1206848,0.1454557,-0.02241929,-0.08678237,0.102154,0.1359016,-0.01694828,-0.06989281,0.1412824,0.1585338,-0.001169853,-0.08145367,0.11873,0.1439892,-0.01631466,-0.07853238,0.1220107,0.1460141,-0.1690052,0.4120012,-0.1281082,0.8861606,55.21064,-0.364724,0.8891248,-0.2764657,4.069933,0.00366368,-0.06232108,0.1125318,0.1286886,0.8493367,0.1383226,0.3048328,0.4081311,131.825,0.9303483,0.1515161,0.3339085,1.286909,False,True,False,-0.1037482,0.5912151,0.1276633,0.6136749,-0.1031232,-0.2255411,-0.3055193,-0.919323,313.6546,-0.2620641,-0.5731612,-0.7764077,0.01400116,0.5834084,0.1835192,0.6117522,0.008443333,0.5390408,0.2142496,0.58012,-0.04176379,0.558342,0.1702622,0.5852173,0.06292146,-0.0514446,0.1119088,0.1383085,0.0186945,-0.07497907,0.1400805,0.1599809,0.009672233,-0.04663817,0.07274763,0.08695336,0.06347466,-0.05116614,0.1116423,0.1382426,0.01887117,-0.07510205,0.1397572,0.1597764,0.009660455,-0.04654147,0.07269382,0.0868552,0.02725474,-0.05714792,0.105208,0.1227902,-0.8686606,-0.1946156,0.4343993,0.137298,164.2169,-0.8769658,-0.1964762,0.4385525,18.33075,0,0,0,0,0,0,0,0,0,1,0,0,0.3988942,False,True,False,-0.000134185,0.9789729,0.2538422,1.011348,0.3912403,-0.6630538,-0.0338717,0.6372939,100.8193,0.507695,-0.8604151,-0.04395379,0.05013419,0.02102715,0.04615784,0.07131706,0.05951442,0.3261873,0.9098992,0.2492858,151.1295,0.06145454,0.3368207,0.9395612,0.03108122,1.103451,-0.03766138,1.104531,0.02466864,0.08796309,-0.02888274,0.9953993,10.9963,0.2574649,0.9180647,-0.3014472,False
1773055711468,2.208472,0.03048424,0.8780608,0.168346,0.8945728,-0.4999193,-0.2079728,-0.6109111,0.5775948,109.4369,-0.6124033,-0.2547675,-0.7483689,-0.01886601,0.9893208,0.2106559,1.011675,0.0234413,1.017879,0.2324336,1.044343,0.003473442,0.9929724,0.2401258,1.0216,-0.02925888,-0.09128581,0.09718382,0.136506,-0.01719604,-0.06524815,0.1484935,0.1631053,-0.0006614202,-0.08071253,0.1220843,0.1463541,-0.02389079,-0.08776217,0.1010778,0.1359768,-0.01700042,-0.06889628,0.1428772,0.1595293,-0.0010628,-0.08129777,0.1194394,0.1444861,-0.01710777,-0.07868687,0.1218696,0.1460702,-0.1791487,0.4023533,-0.127897,0.8886281,54.59729,-0.3906183,0.8772967,-0.2788685,4.582441,0.00366368,-0.06232108,0.1125318,0.1286886,0.8493367,0.1383226,0.3048328,0.4081311,131.825,0.9303483,0.1515161,0.3339085,1.288699,False,True,False,-0.1036924,0.5910419,0.1277102,0.6135083,-0.103019,-0.2256802,-0.3066607,-0.9189205,313.5375,-0.261176,-0.5721492,-0.7774527,0.01405662,0.5833299,0.1836271,0.6117109,0.00861644,0.5390897,0.2143433,0.5802026,-0.04159451,0.5582763,0.1702909,0.5851508,0.06276033,-0.0515467,0.1119786,0.1383298,0.01863551,-0.07495849,0.1401446,0.1600205,0.009674423,-0.04667752,0.07276421,0.0869886,0.06332397,-0.05124623,0.1117132,0.1382604,0.01882158,-0.07507181,0.139839,0.1598279,0.009663392,-0.04657007,0.07270862,0.08688323,0.02715793,-0.05717392,0.1052439,0.1228116,-0.8692974,-0.1938429,0.4335279,0.137115,164.2381,-0.8775861,-0.1956911,0.4376615,18.2871,0,0,0,0,0,0,0,0,0,1,0,0,0.4003999,False,True,False,-0.000134185,0.9789729,0.2538422,1.011348,0.3912403,-0.6630538,-0.0338717,0.6372939,100.8193,0.507695,-0.8604151,-0.04395379,0.05013419,0.02102715,0.04615784,0.07131706,0.05951442,0.3261873,0.9098992,0.2492858,151.1295,0.06145454,0.3368207,0.9395612,0.03105875,1.103257,-0.03765568,1.104337,0.0258783,0.08502097,-0.02824517,0.9956425,10.70151,0.277508,0.9117291,-0.3028893,False
1773055711482,2.22218,0.03087068,0.8777879,0.1679274,0.8942395,-0.5102469,-0.2011565,-0.6026856,0.5796157,109.153,-0.6261543,-0.2468511,-0.7395913,-0.01870973,0.9891982,0.2096491,1.011344,0.02692397,1.018662,0.2314984,1.044983,0.006687654,0.9937721,0.2403183,1.022439,-0.03085602,-0.09207451,0.09597771,0.136534,-0.01731107,-0.06416968,0.1496879,0.16378,-0.0005060643,-0.0802917,0.123235,0.1470846,-0.02536233,-0.08868033,0.09999594,0.1360391,-0.01706426,-0.06790238,0.1443529,0.1604359,-0.0009482226,-0.08109115,0.1202263,0.1450208,-0.01793386,-0.07886884,0.1216029,0.1460452,-0.1874781,0.3931822,-0.1287734,0.8908857,54.0305,-0.4127403,0.865606,-0.2834998,5.103304,0.00366368,-0.06232108,0.1125318,0.1286886,0.8493367,0.1383226,0.3048328,0.4081311,131.825,0.9303483,0.1515161,0.3339085,1.29002,False,True,False,-0.103632,0.5908635,0.1277574,0.6133361,-0.1028878,-0.2257806,-0.3078735,-0.9185049,313.417,-0.2602057,-0.5710043,-0.7786191,0.0141149,0.583265,0.1837435,0.6116853,0.008787207,0.539144,0.2144485,0.5802945,-0.04141915,0.5582125,0.1703252,0.5850875,0.06260376,-0.051649,0.1120467,0.1383521,0.01856884,-0.07493881,0.1402069,0.1600581,0.009676416,-0.04671911,0.07278121,0.08702536,0.06317547,-0.05132908,0.1117818,0.1382787,0.01876962,-0.07504445,0.1399149,0.1598754,0.009666067,-0.04660067,0.07272354,0.08691242,0.02706279,-0.05720207,0.1052777,0.1228327,-0.8699213,-0.1930727,0.4326722,0.1369477,164.2575,-0.8781954,-0.1949091,0.4367875,18.24342,0,0,0,0,0,0,0,0,0,1,0,0,0.401711,False,True,False,-0.000134185,0.9789729,0.2538422,1.011348,0.3912403,-0.6630538,-0.0338717,0.6372939,100.8193,0.507695,-0.8604151,-0.04395379,0.05013419,0.02102715,0.04615784,0.07131706,0.05951442,0.3261873,0.9098992,0.2492858,151.1295,0.06145454,0.3368207,0.9395612,0.03092,1.103148,-0.03746896,1.104217,0.02704084,0.08149434,-0.02747694,0.995928,10.34474,0.299946,0.9039622,-0.3047833,False
1773055711496,2.236106,0.03152763,0.8777102,0.1670802,0.8940274,-0.5217167,-0.1972065,-0.5952865,0.5784076,109.3228,-0.6395563,-0.2417494,-0.7297432,-0.01817844,0.9902318,0.2061069,1.011617,0.03186266,1.020639,0.2288255,1.046461,0.01179425,0.9967717,0.2396528,1.025245,-0.03368734,-0.09251167,0.0948543,0.1367135,-0.01748473,-0.06212566,0.1517858,0.164937,-7.351054E-05,-0.07897022,0.1265684,0.1491839,-0.02715343,-0.08950694,0.09888899,0.136117,-0.01715172,-0.06666787,0.1459879,0.161404,-0.0007658128,-0.08064915,0.121565,0.1458867,-0.0189804,-0.07905245,0.1211525,0.1459023,-0.1948792,0.3823863,-0.1327141,0.8934147,53.38895,-0.4338044,0.8511986,-0.295424,5.715611,0.00366368,-0.06232108,0.1125318,0.1286886,0.8493367,0.1383226,0.3048328,0.4081311,131.825,0.9303483,0.1515161,0.3339085,1.294837,False,True,False,-0.1035506,0.5906764,0.1277944,0.6131499,-0.1022948,-0.2262788,-0.3092004,-0.9180026,313.2716,-0.2579462,-0.5705835,-0.7796782,0.01421605,0.5832912,0.183805,0.6117311,0.009051532,0.5393441,0.2145314,0.580515,-0.04118777,0.5582207,0.1703499,0.5850862,0.0624254,-0.05176506,0.1121136,0.1383691,0.01851243,-0.07492363,0.1402594,0.1600904,0.00967951,-0.04675895,0.07279309,0.08705702,0.0630188,-0.05141991,0.111851,0.1382969,0.01871607,-0.07501928,0.1399868,0.1599203,0.009668862,-0.04663359,0.07273801,0.08694249,0.02696352,-0.05723359,0.1053085,0.1228519,-0.8705696,-0.1922734,0.4317679,0.136807,164.2738,-0.8788326,-0.1940984,0.4358661,18.19575,0,0,0,0,0,0,0,0,0,1,0,0,0.4042121,False,True,False,-0.000134185,0.9789729,0.2538422,1.011348,0.3912403,-0.6630538,-0.0338717,0.6372939,100.8193,0.507695,-0.8604151,-0.04395379,0.05013419,0.02102715,0.04615784,0.07131706,0.05951442,0.3261873,0.9098992,0.2492858,151.1295,0.06145454,0.3368207,0.9395612,0.03056329,1.103053,-0.03748704,1.104113,0.02802778,0.07804356,-0.02666594,0.9961991,9.99417,0.3217694,0.8959691,-0.3061349,False
1773055711510,2.249951,0.03221589,0.87762,0.1662056,0.8938003,-0.5323358,-0.193041,-0.5879626,0.5776277,109.4323,-0.6521322,-0.2364828,-0.7202773,-0.01776315,0.9908394,0.2030451,1.011586,0.03613356,1.022141,0.2261476,1.047482,0.01603116,0.998763,0.2384897,1.026967,-0.03607773,-0.09294996,0.09365037,0.1367907,-0.01764338,-0.06048904,0.1533567,0.1657966,0.0002041215,-0.07801007,0.1286133,0.1504228,-0.02907587,-0.09024666,0.09776375,0.1361896,-0.01725348,-0.06534848,0.1476054,0.1623436,-0.000564332,-0.08010036,0.1230545,0.1468291,-0.02015029,-0.0792327,0.1205884,0.1456895,-0.2011657,0.3727007,-0.1381043,0.8952954,52.90721,-0.4515777,0.8366405,-0.3100173,6.368716,0.00366368,-0.06232108,0.1125318,0.1286886,0.8493367,0.1383226,0.3048328,0.4081311,131.825,0.9303483,0.1515161,0.3339085,1.296372,False,True,False,-0.1034639,0.5904843,0.1278311,0.6129578,-0.1016067,-0.2267992,-0.3106471,-0.9174621,313.1157,-0.2554066,-0.5701003,-0.7808671,0.01432454,0.5833524,0.1838677,0.6118109,0.00933136,0.5395816,0.2146206,0.5807731,-0.04094276,0.5582469,0.1703789,0.5851024,0.06224827,-0.05188384,0.1121791,0.1383869,0.01845476,-0.07491003,0.1403092,0.1601211,0.009682652,-0.04680033,0.07280466,0.08708929,0.06285854,-0.05151615,0.1119191,0.1383148,0.0186619,-0.07499663,0.1400538,0.159962,0.009671717,-0.04666811,0.07275181,0.08697288,0.02686284,-0.05726757,0.105336,0.1228693,-0.8712254,-0.1914612,0.4308413,0.1366918,164.2871,-0.8794806,-0.1932754,0.4349237,18.14575,0,0,0,0,0,0,0,0,0,1,0,0,0.4063256,False,True,False,-0.000134185,0.9789729,0.2538422,1.011348,0.3912403,-0.6630538,-0.0338717,0.6372939,100.8193,0.507695,-0.8604151,-0.04395379,0.05013419,0.02102715,0.04615784,0.07131706,0.05951442,0.3261873,0.9098992,0.2492858,151.1295,0.06145454,0.3368207,0.9395612,0.03101533,1.102829,-0.03758436,1.103905,0.02857232,0.07383707,-0.02533609,0.9965389,9.536691,0.3437178,0.8882412,-0.3047867,False
1773055711524,2.263888,0.03311399,0.8774258,0.165416,0.893496,-0.5590153,-0.1966028,-0.565483,0.5736533,109.9892,-0.6824766,-0.2400235,-0.6903727,-0.01782454,0.9917452,0.1976198,1.0114,0.0401081,1.025989,0.2174598,1.049548,0.0218116,1.004079,0.2332522,1.031046,-0.03796657,-0.0932022,0.0928113,0.1369016,-0.01812202,-0.05829882,0.1553577,0.1669226,0.0006971765,-0.0760041,0.1324086,0.1526734,-0.03101131,-0.09088492,0.09669247,0.1362762,-0.01743436,-0.06382869,0.1493204,0.1633237,-0.0003006398,-0.07924087,0.1250564,0.1480483,-0.02144634,-0.07938682,0.11993,0.1454146,-0.2074615,0.360775,-0.1443814,0.8977501,52.27224,-0.4709627,0.819003,-0.3277632,7.057465,0.00366368,-0.06232108,0.1125318,0.1286886,0.8493367,0.1383226,0.3048328,0.4081311,131.825,0.9303483,0.1515161,0.3339085,1.295498,False,True,False,-0.1034453,0.5903106,0.1278314,0.6127874,-0.1010476,-0.2268466,-0.3114797,-0.9172298,313.0488,-0.25366,-0.5694532,-0.7819078,0.01434366,0.5834209,0.1839261,0.6118942,0.009397395,0.5396471,0.2147324,0.5808764,-0.04085313,0.5581979,0.1704151,0.58506,0.06223249,-0.05189899,0.1121971,0.1384,0.01839967,-0.07491086,0.1403391,0.1601413,0.009686085,-0.04683384,0.07281286,0.08711454,0.0627276,-0.051596,0.1119771,0.1383321,0.01860724,-0.07497875,0.1401134,0.1599994,0.009674707,-0.04670261,0.07276452,0.08700235,0.02677938,-0.05729922,0.1053642,0.12289,-0.8717712,-0.1907727,0.4300892,0.1365437,164.3042,-0.8800133,-0.1925763,0.4341555,18.10711,0,0,0,0,0,0,0,0,0,1,0,0,0.3945847,False,True,False,-0.000134185,0.9789729,0.2538422,1.011348,0.3912403,-0.6630538,-0.0338717,0.6372939,100.8193,0.507695,-0.8604151,-0.04395379,0.05013419,0.02102715,0.04615784,0.07131706,0.05951442,0.3261873,0.9098992,0.2492858,151.1295,0.06145454,0.3368207,0.9395612,0.03033432,1.102727,-0.03751383,1.103782,0.02955893,0.06941747,-0.02404811,0.9968597,9.083831,0.3732728,0.87661,-0.3036817,False
1773055711537,2.277758,0.03396939,0.8772339,0.1646734,0.8932024,-0.5812142,-0.1981125,-0.5457496,0.5701745,110.4752,-0.7074832,-0.2411525,-0.6643139,-0.01807901,0.9920741,0.1931698,1.010867,0.04331268,1.028793,0.2097905,1.050859,0.02619918,1.007731,0.2281887,1.033576,-0.03968967,-0.09349865,0.09183931,0.1369369,-0.01860274,-0.05646288,0.1569272,0.1678102,0.001005682,-0.07457045,0.1347012,0.1539681,-0.03290206,-0.09144697,0.09564503,0.1363564,-0.01767701,-0.06224009,0.1510007,0.1642787,-2.83781E-05,-0.0782608,0.1271272,0.1492852,-0.02278228,-0.07950508,0.1192507,0.1451235,-0.2132639,0.349783,-0.1507863,0.8996854,51.76651,-0.4885337,0.8012643,-0.3454132,7.76101,0.00366368,-0.06232108,0.1125318,0.1286886,0.8493367,0.1383226,0.3048328,0.4081311,131.825,0.9303483,0.1515161,0.3339085,1.296013,False,True,False,-0.1034269,0.5901342,0.1278291,0.6126139,-0.1005168,-0.226858,-0.3122195,-0.9170337,312.9924,-0.2520421,-0.5688376,-0.7828785,0.01436072,0.5834603,0.1839835,0.6119494,0.009447083,0.5396812,0.2148404,0.5809488,-0.04077289,0.5581319,0.17045,0.5850016,0.06222007,-0.05191663,0.1122131,0.1384141,0.01834401,-0.07491498,0.140364,0.1601587,0.009689558,-0.04686756,0.07282029,0.08713926,0.06262185,-0.05166263,0.1120261,0.1383487,0.01855259,-0.07496551,0.1401656,0.1600326,0.009677786,-0.04673682,0.07277609,0.08703073,0.02671073,-0.05732908,0.1053922,0.122913,-0.8722218,-0.1901907,0.4294861,0.136376,164.3236,-0.8804477,-0.1919844,0.4335366,18.07799,0,0,0,0,0,0,0,0,0,1,0,0,0.3860465,False,True,False,-0.000134185,0.9789729,0.2538422,1.011348,0.3912403,-0.6630538,-0.0338717,0.6372939,100.8193,0.507695,-0.8604151,-0.04395379,0.05013419,0.02102715,0.04615784,0.07131706,0.05951442,0.3261873,0.9098992,0.2492858,151.1295,0.06145454,0.3368207,0.9395612,0.02970321,1.102589,-0.03744742,1.103625,0.03035055,0.06489281,-0.02262835,0.9971739,8.617144,0.4039851,0.8637643,-0.3011976,False
1773055711552,2.291697,0.03476883,0.8770486,0.1639872,0.8929249,-0.5992653,-0.1982963,-0.5289726,0.567228,110.8857,-0.7276517,-0.2407792,-0.6422995,-0.01852238,0.9920123,0.1894483,1.01011,0.04608087,1.030871,0.2031783,1.051713,0.02988702,1.01044,0.2236927,1.035336,-0.04139315,-0.09381351,0.09073215,0.1369186,-0.01906331,-0.05475429,0.1583014,0.1685846,0.001242149,-0.07332743,0.1364441,0.1549046,-0.03476673,-0.09195753,0.09457896,0.1364188,-0.01796641,-0.06061285,0.1526225,0.1651978,0.0002376871,-0.07721744,0.1291477,0.1504717,-0.02414305,-0.07959186,0.1185498,0.1448164,-0.2185494,0.3401251,-0.1570539,0.9010468,51.408,-0.5038927,0.7842008,-0.3621073,8.484063,0.00366368,-0.06232108,0.1125318,0.1286886,0.8493367,0.1383226,0.3048328,0.4081311,131.825,0.9303483,0.1515161,0.3339085,1.295702,False,True,False,-0.1034087,0.5899552,0.1278242,0.6124374,-0.09997175,-0.2268419,-0.3129372,-0.9168527,312.9404,-0.2504141,-0.5682046,-0.7838602,0.01437588,0.583493,0.1840422,0.6119986,0.009487443,0.5397068,0.2149493,0.5810135,-0.04069734,0.5580612,0.1704863,0.5849394,0.06221087,-0.05193661,0.1122272,0.1384289,0.01828782,-0.07492214,0.1403843,0.1601734,0.009693074,-0.04690152,0.07282706,0.08716357,0.06253589,-0.05171979,0.1120681,0.1383652,0.01849739,-0.07495648,0.1402113,0.160062,0.009680968,-0.04677111,0.0727867,0.08705839,0.02665361,-0.05735813,0.1054198,0.1229378,-0.8725982,-0.1896903,0.4289993,0.1361965,164.3444,-0.8808057,-0.1914745,0.4330344,18.05629,0,0,0,0,0,0,0,0,0,1,0,0,0.3796556,False,True,False,-0.000134185,0.9789729,0.2538422,1.011348,0.3912403,-0.6630538,-0.0338717,0.6372939,100.8193,0.507695,-0.8604151,-0.04395379,0.05013419,0.02102715,0.04615784,0.07131706,0.05951442,0.3261873,0.9098992,0.2492858,151.1295,0.06145454,0.3368207,0.9395612,0.02826462,1.102318,-0.03759329,1.103321,0.03090993,0.06079302,-0.0218941,0.9974315,8.214933,0.4315384,0.8487409,-0.305667,False
1773055711565,2.305571,0.03546498,0.8756033,0.1646036,0.8916463,-0.6161735,-0.1987836,-0.5155455,0.5612736,111.7121,-0.7445035,-0.2401841,-0.6229178,-0.01754253,0.9911526,0.1878404,1.008948,0.04790251,1.031001,0.1978991,1.050915,0.03506609,1.012944,0.2200338,1.03716,-0.04158776,-0.09384461,0.09058933,0.1369043,-0.01953243,-0.05420514,0.1587388,0.1688719,0.001686467,-0.07125421,0.1397726,0.1568961,-0.03626251,-0.09236277,0.09371592,0.1364864,-0.01829256,-0.05922133,0.1539771,0.1659841,0.000540257,-0.07595512,0.1314592,0.1518255,-0.02537848,-0.07979384,0.1177232,0.1444641,-0.2232991,0.3291284,-0.1613185,0.90321,50.83345,-0.5202696,0.7668439,-0.3758596,9.074991,0.00366368,-0.06232108,0.1125318,0.1286886,0.8493367,0.1383226,0.3048328,0.4081311,131.825,0.9303483,0.1515161,0.3339085,1.298759,False,True,False,-0.1033962,0.5898401,0.1277624,0.6123114,-0.09964462,-0.226776,-0.3133047,-0.916779,312.9193,-0.249489,-0.567799,-0.7844486,0.01437219,0.5834718,0.184047,0.6119798,0.009488642,0.5396861,0.2149753,0.5810039,-0.0406403,0.5579776,0.1704568,0.5848471,0.06218383,-0.05195192,0.1122474,0.1384388,0.01823794,-0.07492911,0.1404001,0.1601849,0.009693409,-0.0469526,0.07284287,0.08720431,0.06246252,-0.05176805,0.1121054,0.1383803,0.01844349,-0.07495079,0.1402506,0.1600875,0.009683548,-0.04680877,0.07279836,0.08708864,0.02660491,-0.05738727,0.1054472,0.1229644,-0.8729124,-0.1892872,0.4286052,0.1359849,164.3689,-0.881097,-0.191062,0.4326238,18.03842,0,0,0,0,0,0,0,0,0,1,0,0,0.3756561,False,True,False,-0.000134185,0.9789729,0.2538422,1.011348,0.3912403,-0.6630538,-0.0338717,0.6372939,100.8193,0.507695,-0.8604151,-0.04395379,0.05013419,0.02102715,0.04615784,0.07131706,0.05951442,0.3261873,0.9098992,0.2492858,151.1295,0.06145454,0.3368207,0.9395612,0.02755347,1.102453,-0.03752048,1.103436,0.03175966,0.05704042,-0.02116323,0.9976422,7.870643,0.4627634,0.8311242,-0.3083651,False
1773055711579,2.319549,0.03630931,0.8738939,0.165312,0.8901331,-0.6312947,-0.1985618,-0.5025519,0.5563111,112.3979,-0.7597043,-0.2389506,-0.6047743,-0.01665348,0.9898406,0.1865578,1.007405,0.04995134,1.030661,0.19313,1.049789,0.03953036,1.014298,0.2166119,1.037923,-0.04197485,-0.09387125,0.09037479,0.1368989,-0.02000318,-0.0532978,0.159425,0.1692842,0.002030386,-0.06950801,0.142311,0.1583916,-0.0375236,-0.09268817,0.09298908,0.1365507,-0.01865141,-0.05792496,0.1551905,0.1666951,0.0008535717,-0.07457604,0.1338489,0.1532248,-0.026506,-0.08000658,0.1169039,0.1441185,-0.2276839,0.3183725,-0.1646227,0.905372,50.25313,-0.5362071,0.7497835,-0.387695,9.594841,0.00366368,-0.06232108,0.1125318,0.1286886,0.8493367,0.1383226,0.3048328,0.4081311,131.825,0.9303483,0.1515161,0.3339085,1.29915,False,True,False,-0.1033841,0.5897264,0.1276953,0.6121859,-0.09935223,-0.2267029,-0.3136123,-0.9167237,312.9034,-0.2486778,-0.5674354,-0.7849692,0.01436766,0.5834317,0.1840442,0.6119405,0.00948298,0.5396466,0.2149882,0.5809719,-0.0405865,0.5578834,0.1704198,0.5847427,0.0621555,-0.05196914,0.1122671,0.1384486,0.01818846,-0.07493863,0.1404116,0.1601937,0.009693425,-0.04700586,0.07285915,0.0872466,0.06239817,-0.05181009,0.1121392,0.1383944,0.01839019,-0.07494825,0.1402843,0.1601097,0.009685608,-0.04684991,0.07281104,0.0871216,0.02656239,-0.05741719,0.1054743,0.1229924,-0.8731793,-0.1889619,0.4282803,0.1357477,164.3963,-0.8813374,-0.1907274,0.4322817,18.02309,0,0,0,0,0,0,0,0,0,1,0,0,0.3726832,False,True,False,-0.000134185,0.9789729,0.2538422,1.011348,0.3912403,-0.6630538,-0.0338717,0.6372939,100.8193,0.507695,-0.8604151,-0.04395379,0.05013419,0.02102715,0.04615784,0.07131706,0.05951442,0.3261873,0.9098992,0.2492858,151.1295,0.06145454,0.3368207,0.9395612,0.02702152,1.102393,-0.03747533,1.103361,0.03137283,0.05307899,-0.02060948,0.9978846,7.454927,0.4825798,0.8164659,-0.3170169,False
1773055711593,2.333277,0.03788318,0.8704607,0.1666432,0.8870777,-0.6379148,-0.2056216,-0.4935665,0.5542352,112.6839,-0.7663928,-0.2470344,-0.5929723,-0.0165909,0.9860178,0.1860353,1.003551,0.05018879,1.028208,0.1907306,1.046952,0.04150212,1.013146,0.2147594,1.036489,-0.04195306,-0.09392487,0.09030966,0.136886,-0.02012068,-0.05262669,0.1599138,0.1695489,0.002313411,-0.06810402,0.1442808,0.1595633,-0.03848755,-0.09295079,0.0924148,0.1366076,-0.01895555,-0.05678027,0.1562271,0.1673028,0.001156404,-0.07320531,0.1361265,0.1545664,-0.02743697,-0.0802184,0.1161562,0.1438055,-0.2316417,0.3084092,-0.1670754,0.9073653,49.71248,-0.551078,0.7337085,-0.397474,10.01365,0.00366368,-0.06232108,0.1125318,0.1286886,0.8493367,0.1383226,0.3048328,0.4081311,131.825,0.9303483,0.1515161,0.3339085,1.298974,False,True,False,-0.1033192,0.5895718,0.1276217,0.6120107,-0.09903845,-0.2267355,-0.3137657,-0.9166971,312.8958,-0.2478547,-0.5674306,-0.7852333,0.01442122,0.5833136,0.184016,0.6118208,0.009534843,0.5395533,0.2149767,0.5808818,-0.04048114,0.5577434,0.1703782,0.5845898,0.06211275,-0.05199553,0.1122885,0.1384567,0.01814261,-0.07494865,0.1404192,0.1601999,0.009692281,-0.04705198,0.07288254,0.08729085,0.0623392,-0.05184831,0.11217,0.1384071,0.01833918,-0.07494833,0.1403121,0.1601283,0.009686979,-0.0468915,0.07282575,0.08715641,0.02652415,-0.05744697,0.1055004,0.1230204,-0.8734073,-0.1886957,0.4280051,0.1355184,164.4228,-0.8815396,-0.1904526,0.4319903,18.00834,0,0,0,0,0,0,0,0,0,1,0,0,0.3712843,False,True,False,-0.000134185,0.9789729,0.2538422,1.011348,0.3912403,-0.6630538,-0.0338717,0.6372939,100.8193,0.507695,-0.8604151,-0.04395379,0.05013419,0.02102715,0.04615784,0.07131706,0.05951442,0.3261873,0.9098992,0.2492858,151.1295,0.06145454,0.3368207,0.9395612,0.02639532,1.102569,-0.03738153,1.103518,0.03105388,0.05008495,-0.02038062,0.998054,7.150006,0.4980185,0.8032243,-0.3268489,False
1773055711607,2.347319,0.039306,0.8674111,0.167804,0.8843671,-0.6456276,-0.2108611,-0.4838333,0.5519131,113.0033,-0.7742251,-0.2528609,-0.5802043,-0.01637648,0.9826373,0.1855759,1.000141,0.05093879,1.026111,0.1879381,1.044423,0.04386451,1.012341,0.2125653,1.035347,-0.04193636,-0.09398623,0.09023196,0.1368718,-0.02026475,-0.05166008,0.1605975,0.1699147,0.002606476,-0.06656876,0.1463067,0.1607602,-0.03925052,-0.09317427,0.09193916,0.136656,-0.01923166,-0.05565328,0.1572023,0.1678681,0.001462862,-0.07176876,0.1383993,0.1559078,-0.02823443,-0.08040581,0.1154726,0.1435137,-0.2355792,0.2986381,-0.169082,0.9092464,49.19715,-0.5659449,0.7174349,-0.406195,10.38079,0.00366368,-0.06232108,0.1125318,0.1286886,0.8493367,0.1383226,0.3048328,0.4081311,131.825,0.9303483,0.1515161,0.3339085,1.298856,False,True,False,-0.1032515,0.5894158,0.1275432,0.6118326,-0.09869652,-0.2267672,-0.3139118,-0.916676,312.8898,-0.2469691,-0.5674415,-0.7855042,0.01447584,0.5831932,0.1839858,0.6116982,0.009587273,0.5394623,0.2149613,0.5807924,-0.04037319,0.5576035,0.1703359,0.5844364,0.0620671,-0.0520247,0.1123098,0.1384644,0.01809756,-0.07496073,0.1404229,0.1602037,0.009690726,-0.04709885,0.07290737,0.08733668,0.06228197,-0.05188533,0.1121993,0.138419,0.0182885,-0.07495093,0.1403354,0.1601441,0.009687764,-0.04693495,0.07284284,0.08719416,0.02648788,-0.05747789,0.1055261,0.1230491,-0.8736117,-0.1884698,0.4277588,0.1352928,164.4489,-0.8817185,-0.1902187,0.4317282,17.99307,0,0,0,0,0,0,0,0,0,1,0,0,0.3702851,False,True,False,-0.000134185,0.9789729,0.2538422,1.011348,0.3912403,-0.6630538,-0.0338717,0.6372939,100.8193,0.507695,-0.8604151,-0.04395379,0.05013419,0.02102715,0.04615784,0.07131706,0.05951442,0.3261873,0.9098992,0.2492858,151.1295,0.06145454,0.3368207,0.9395612,0.0256555,1.102566,-0.03733606,1.103496,0.03045904,0.04743838,-0.01954504,0.9982184,6.84136,0.5104856,0.795055,-0.3275699,False
1773055711620,2.361158,0.04150722,0.8640222,0.1680442,0.8811901,-0.648725,-0.2223012,-0.4765862,0.5500941,113.2531,-0.7768208,-0.2661963,-0.5706919,-0.01645229,0.9784322,0.1835861,0.9956426,0.05067994,1.023536,0.1846324,1.041289,0.04387544,1.010415,0.2098519,1.03291,-0.04182419,-0.09403555,0.09021433,0.1368597,-0.02035783,-0.050932,0.161088,0.1701701,0.002753801,-0.06608416,0.1471175,0.1613017,-0.03981239,-0.09335776,0.09156814,0.1366946,-0.01946657,-0.05462532,0.1580584,0.1683607,0.001732702,-0.07054885,0.1403295,0.1570749,-0.02883557,-0.08052071,0.1149806,0.1433025,-0.2389488,0.290449,-0.1716566,0.9105366,48.84076,-0.5779692,0.7025377,-0.4152027,10.70449,0.00366368,-0.06232108,0.1125318,0.1286886,0.8493367,0.1383226,0.3048328,0.4081311,131.825,0.9303483,0.1515161,0.3339085,1.295707,False,True,False,-0.1031886,0.589262,0.1275041,0.6116657,-0.09849744,-0.2266426,-0.3141006,-0.9166636,312.8862,-0.2464533,-0.5670893,-0.7859204,0.01451223,0.5830531,0.1840209,0.611576,0.009617969,0.5393466,0.2150034,0.5807011,-0.04029007,0.5574604,0.1703325,0.5842932,0.0620204,-0.05204999,0.1123338,0.1384724,0.01805524,-0.07496225,0.14044,0.1602146,0.009690181,-0.04713025,0.07292505,0.08736832,0.0622276,-0.05191948,0.1122272,0.1384299,0.01824012,-0.07495328,0.1403571,0.1601587,0.009688264,-0.04697541,0.07285987,0.08723022,0.02645347,-0.05750666,0.105551,0.1230765,-0.8738016,-0.1882627,0.4275284,0.1350822,164.4733,-0.8818848,-0.1900042,0.4314833,17.97852,0,0,0,0,0,0,0,0,0,1,0,0,0.3695526,False,True,False,-0.000134185,0.9789729,0.2538422,1.011348,0.3912403,-0.6630538,-0.0338717,0.6372939,100.8193,0.507695,-0.8604151,-0.04395379,0.05013419,0.02102715,0.04615784,0.07131706,0.05951442,0.3261873,0.9098992,0.2492858,151.1295,0.06145454,0.3368207,0.9395612,0.02503948,1.102479,-0.03732213,1.103394,0.02972148,0.04468156,-0.01868865,0.9983842,6.515128,0.52304,0.7863083,-0.3288839,False
1773055711634,2.375159,0.04332511,0.8612111,0.1682725,0.8785654,-0.653322,-0.2323246,-0.468005,0.547875,113.5573,-0.7809623,-0.2777141,-0.5594397,-0.01666478,0.9748245,0.1817129,0.9917561,0.05038916,1.021447,0.1809887,1.038581,0.04422539,1.009296,0.2068101,1.031215,-0.04170476,-0.09408813,0.09019581,0.1368472,-0.02045526,-0.05012296,0.1616191,0.1704449,0.002964751,-0.06533226,0.1483244,0.1621025,-0.04022828,-0.09351453,0.09127077,0.1367247,-0.01967477,-0.05363587,0.1588488,0.1688101,0.00199271,-0.06941676,0.1421193,0.1581789,-0.02930518,-0.08059455,0.1145976,0.1431324,-0.2420872,0.2828221,-0.1746573,0.9115373,48.56265,-0.5887088,0.687768,-0.4247322,11.00113,0.00366368,-0.06232108,0.1125318,0.1286886,0.8493367,0.1383226,0.3048328,0.4081311,131.825,0.9303483,0.1515161,0.3339085,1.291509,False,True,False,-0.1031236,0.5891073,0.1274636,0.6114972,-0.09829514,-0.2264965,-0.3142904,-0.9166565,312.8841,-0.2459369,-0.5666998,-0.7863623,0.01454752,0.5829093,0.18406,0.6114516,0.009646825,0.5392295,0.2150473,0.5806091,-0.0402078,0.5573167,0.1703309,0.58415,0.061972,-0.05207643,0.1123577,0.1384801,0.01801395,-0.07496396,0.140456,0.1602248,0.009689428,-0.04716025,0.07294273,0.08739918,0.06217398,-0.05195234,0.1122545,0.1384403,0.01819278,-0.07495552,0.1403778,0.1601725,0.009688507,-0.04701406,0.07287718,0.08726553,0.02641964,-0.05753424,0.1055754,0.1231031,-0.8739848,-0.1880655,0.4273036,0.1348831,164.4963,-0.8820455,-0.1898001,0.4312446,17.96402,0,0,0,0,0,0,0,0,0,1,0,0,0.3690307,False,True,False,-0.000134185,0.9789729,0.2538422,1.011348,0.3912403,-0.6630538,-0.0338717,0.6372939,100.8193,0.507695,-0.8604151,-0.04395379,0.05013419,0.02102715,0.04615784,0.07131706,0.05951442,0.3261873,0.9098992,0.2492858,151.1295,0.06145454,0.3368207,0.9395612,0.02435872,1.102344,-0.03734244,1.103245,0.02903027,0.04213224,-0.01786855,0.9985304,6.213298,0.535665,0.777422,-0.3297096,False
1773055711648,2.389051,0.04484892,0.8588452,0.1684865,0.8763642,-0.6589309,-0.2412644,-0.4584775,0.5453439,113.9037,-0.7861145,-0.2878321,-0.5469705,-0.01699288,0.9716654,0.1799496,0.9883341,0.05015977,1.019732,0.1770477,1.036203,0.04503277,1.008895,0.2034317,1.030185,-0.04157557,-0.09414484,0.09017608,0.1368339,-0.0205647,-0.04912861,0.1622527,0.1707702,0.003252784,-0.06415999,0.1500343,0.1632096,-0.04052179,-0.09364879,0.09103543,0.1367463,-0.01986107,-0.05265111,0.1595986,0.1692286,0.002257109,-0.06828064,0.1438838,0.1592793,-0.02967507,-0.08064401,0.1142761,0.1429793,-0.2452037,0.2752442,-0.1778228,0.9124115,48.31846,-0.5991187,0.6725184,-0.4344837,11.27467,0.00366368,-0.06232108,0.1125318,0.1286886,0.8493367,0.1383226,0.3048328,0.4081311,131.825,0.9303483,0.1515161,0.3339085,1.291451,False,True,False,-0.1030568,0.5889516,0.1274219,0.6113272,-0.09808979,-0.2263295,-0.314481,-0.9166543,312.8835,-0.2454203,-0.5662755,-0.7868302,0.01458158,0.5827612,0.1841035,0.6113242,0.009673715,0.5391109,0.2150931,0.5805163,-0.04012648,0.5571727,0.1703311,0.584007,0.06192121,-0.05210441,0.1123819,0.1384875,0.01797368,-0.07496575,0.1404707,0.160234,0.009688539,-0.04718867,0.07296044,0.0874292,0.06212129,-0.05198397,0.112281,0.13845,0.01814721,-0.07495764,0.1403971,0.1601853,0.009688513,-0.04705035,0.07289448,0.08729953,0.02638654,-0.05756037,0.1055989,0.1231283,-0.8741611,-0.1878781,0.427083,0.1347005,164.5174,-0.8822013,-0.1896061,0.4310111,17.9495,0,0,0,0,0,0,0,0,0,1,0,0,0.368778,False,True,False,-0.000134185,0.9789729,0.2538422,1.011348,0.3912403,-0.6630538,-0.0338717,0.6372939,100.8193,0.507695,-0.8604151,-0.04395379,0.05013419,0.02102715,0.04615784,0.07131706,0.05951442,0.3261873,0.9098992,0.2492858,151.1295,0.06145454,0.3368207,0.9395612,0.02358753,1.102281,-0.03729677,1.103164,0.029445,0.04029806,-0.01714432,0.9986066,6.04996,0.5579758,0.7636389,-0.3248809,False
1773055711662,2.402773,0.04420108,0.8559347,0.1701825,0.8738078,-0.6584646,-0.2460112,-0.4523831,0.5488646,113.4217,-0.7877207,-0.294303,-0.5411856,-0.01940874,0.9677436,0.181788,0.984861,0.04742887,1.017072,0.1780727,1.033632,0.04216125,1.006099,0.2048083,1.027599,-0.04144879,-0.09418896,0.09017537,0.1368253,-0.02062286,-0.04856624,0.1625936,0.1709405,0.003284645,-0.06409951,0.1501209,0.1632661,-0.04072123,-0.09376256,0.09085267,0.136762,-0.020019,-0.05176731,0.1602509,0.1695906,0.002470654,-0.06738495,0.1452613,0.160149,-0.02992579,-0.08063051,0.1141026,0.1428854,-0.2478208,0.2692221,-0.181035,0.9128695,48.1901,-0.6070295,0.6594514,-0.4434398,11.52666,0.00366368,-0.06232108,0.1125318,0.1286886,0.8493367,0.1383226,0.3048328,0.4081311,131.825,0.9303483,0.1515161,0.3339085,1.260098,False,True,False,-0.1030492,0.5888625,0.1273302,0.6112211,-0.09762063,-0.2262665,-0.3152674,-0.9164498,312.8249,-0.2439603,-0.5654548,-0.7878737,0.01456951,0.5828825,0.1840931,0.6114365,0.009712197,0.5392383,0.2151048,0.5806396,-0.04007272,0.5572029,0.1702839,0.5840184,0.06189536,-0.05211257,0.1124025,0.1384958,0.01793768,-0.07496384,0.1404906,0.1602465,0.00968884,-0.04720259,0.07296725,0.08744242,0.06207466,-0.05201046,0.112306,0.1384594,0.01810404,-0.07495891,0.1404164,0.1601979,0.00968858,-0.04708168,0.07290944,0.08732892,0.02635649,-0.05758281,0.1056213,0.1231515,-0.8743227,-0.1877126,0.426879,0.1345294,164.5372,-0.8823436,-0.1894347,0.4307952,17.93782,0,0,0,0,0,0,0,0,0,1,0,0,0.367183,False,True,False,-0.000134185,0.9789729,0.2538422,1.011348,0.3912403,-0.6630538,-0.0338717,0.6372939,100.8193,0.507695,-0.8604151,-0.04395379,0.05013419,0.02102715,0.04615784,0.07131706,0.05951442,0.3261873,0.9098992,0.2492858,151.1295,0.06145454,0.3368207,0.9395612,0.02299259,1.102023,-0.03735915,1.102896,0.02980734,0.03838062,-0.01650022,0.9986823,5.88329,0.5808256,0.7478844,-0.3215231,False
1773055711675,2.416709,0.04381935,0.8532128,0.1716539,0.8714111,-0.6592374,-0.2506453,-0.4455621,0.551414,113.0719,-0.7902329,-0.3004505,-0.5340986,-0.02140233,0.9640706,0.1833034,0.9815754,0.04526542,1.01464,0.1783141,1.031183,0.0400323,1.003744,0.2054493,1.025336,-0.04121381,-0.09426594,0.09018328,0.1368125,-0.02069042,-0.04782382,0.1630362,0.1711608,0.003353785,-0.06378501,0.1504901,0.1634841,-0.04082817,-0.09386973,0.09070897,0.136772,-0.02015991,-0.05090395,0.1608637,0.1699258,0.002656449,-0.0666042,0.1464293,0.1608872,-0.03008454,-0.08056941,0.1140286,0.1428252,-0.250308,0.2637945,-0.1842673,0.9131287,48.11727,-0.6139947,0.6470764,-0.4519996,11.76904,0.00366368,-0.06232108,0.1125318,0.1286886,0.8493367,0.1383226,0.3048328,0.4081311,131.825,0.9303483,0.1515161,0.3339085,1.202822,False,True,False,-0.1030434,0.5887766,0.1272345,0.6111174,-0.0969737,-0.2261794,-0.3163869,-0.9161541,312.7403,-0.2419346,-0.564283,-0.789337,0.01454929,0.5831043,0.1841006,0.6116497,0.009769872,0.5394663,0.2151393,0.5808651,-0.04000759,0.5572918,0.1702483,0.5840884,0.06187081,-0.05211943,0.1124229,0.138504,0.01790299,-0.07496166,0.1405102,0.1602588,0.00968912,-0.0472134,0.0729726,0.08745276,0.06203207,-0.05203319,0.1123304,0.1384686,0.01806211,-0.07495949,0.140436,0.1602106,0.009688692,-0.04710912,0.07292259,0.08735471,0.02632828,-0.05760244,0.105643,0.1231733,-0.874476,-0.1875619,0.4266823,0.134367,164.556,-0.8824787,-0.1892783,0.430587,17.92829,0,0,0,0,0,0,0,0,0,1,0,0,0.3658419,False,True,False,-0.000134185,0.9789729,0.2538422,1.011348,0.3912403,-0.6630538,-0.0338717,0.6372939,100.8193,0.507695,-0.8604151,-0.04395379,0.05013419,0.02102715,0.04615784,0.07131706,0.05951442,0.3261873,0.9098992,0.2492858,151.1295,0.06145454,0.3368207,0.9395612,0.02237489,1.101737,-0.03745794,1.102601,0.03017931,0.03652398,-0.0160746,0.9987476,5.735567,0.6032055,0.7300189,-0.3212892,False
1773055711690,2.430588,0.04175454,0.8489206,0.1741964,0.867614,-0.6576853,-0.2503344,-0.4448851,0.5539495,112.7232,-0.7899647,-0.3006838,-0.5343642,-0.02379864,0.959501,0.1865529,0.9777579,0.0430697,1.010454,0.1814123,1.027513,0.03761734,0.9993449,0.2087177,1.021601,-0.041126,-0.09428519,0.09019659,0.1368081,-0.02073576,-0.04737495,0.1633043,0.1712969,0.003373694,-0.06368693,0.1506068,0.1635537,-0.04089242,-0.09395777,0.09059954,0.1367791,-0.02028036,-0.05013432,0.1613979,0.1702176,0.002806828,-0.06597384,0.1473579,0.1614769,-0.03018755,-0.08048237,0.1140211,0.1427918,-0.2524168,0.2593556,-0.1872674,0.9132094,48.0946,-0.619442,0.63647,-0.4595625,11.98809,0.00366368,-0.06232108,0.1125318,0.1286886,0.8493367,0.1383226,0.3048328,0.4081311,131.825,0.9303483,0.1515161,0.3339085,1.073135,False,True,False,-0.1029909,0.5887441,0.12717,0.6110638,-0.09652811,-0.2259306,-0.3172347,-0.9159694,312.6875,-0.2405696,-0.5630693,-0.7906196,0.01456334,0.5832741,0.1841514,0.6118272,0.009827904,0.5396444,0.2152184,0.5810608,-0.0399243,0.5573791,0.1702474,0.5841658,0.06184562,-0.0521335,0.1124394,0.1385114,0.0178686,-0.07495467,0.1405414,0.160279,0.009690253,-0.0472213,0.07298142,0.0874645,0.06199325,-0.05205404,0.112353,0.1384774,0.01802189,-0.07495849,0.1404579,0.1602248,0.009689016,-0.04713242,0.0729348,0.0873775,0.02630167,-0.05761958,0.1056652,0.1231947,-0.8746229,-0.1873946,0.4265013,0.1342192,164.5731,-0.882609,-0.1891057,0.4303957,17.92069,0,0,0,0,0,0,0,0,0,1,0,0,0.364896,False,True,False,-0.000134185,0.9789729,0.2538422,1.011348,0.3912403,-0.6630538,-0.0338717,0.6372939,100.8193,0.507695,-0.8604151,-0.04395379,0.05013419,0.02102715,0.04615784,0.07131706,0.05951442,0.3261873,0.9098992,0.2492858,151.1295,0.06145454,0.3368207,0.9395612,0.02177356,1.101601,-0.03744689,1.102452,0.03178606,0.03562924,-0.01637106,0.9987253,5.786535,0.6297294,0.7058685,-0.3243352,False
1773055711704,2.444416,0.04023258,0.8451232,0.1763331,0.8642599,-0.6567902,-0.2503363,-0.4436377,0.5560071,112.4398,-0.7901925,-0.3011828,-0.5337461,-0.02567036,0.9554293,0.1892316,0.9743268,0.04152527,1.006822,0.1837087,1.024287,0.03598994,0.9956651,0.2112133,1.018457,-0.04103827,-0.09430223,0.09021287,0.1368043,-0.02079012,-0.04676134,0.1636655,0.1714796,0.003424169,-0.06336106,0.1509706,0.1637634,-0.0409237,-0.09403046,0.09051736,0.136784,-0.02038665,-0.04940136,0.1618918,0.1704848,0.002935851,-0.06541131,0.148157,0.1619808,-0.03025492,-0.08037282,0.1140553,0.1427717,-0.2543726,0.2554069,-0.1900876,0.9131969,48.0981,-0.6241987,0.6267368,-0.4664515,12.19244,0.00366368,-0.06232108,0.1125318,0.1286886,0.8493367,0.1383226,0.3048328,0.4081311,131.825,0.9303483,0.1515161,0.3339085,0.9708288,False,True,False,-0.102937,0.5887176,0.1271042,0.6110154,-0.0961127,-0.2256753,-0.3180595,-0.9157898,312.6363,-0.2392901,-0.56186,-0.7918673,0.01457892,0.5834406,0.1841987,0.6120005,0.009885669,0.539819,0.2152939,0.5812519,-0.03984296,0.5574688,0.1702435,0.5842447,0.06182138,-0.05214754,0.1124553,0.1385187,0.01783536,-0.07494663,0.1405741,0.1603002,0.009691492,-0.04722638,0.07298958,0.0874742,0.06195758,-0.05207341,0.1123742,0.1384859,0.01798323,-0.07495604,0.140482,0.1602404,0.009689528,-0.04715187,0.07294614,0.08739752,0.02627635,-0.05763447,0.1056876,0.1232155,-0.8747649,-0.1872106,0.4263327,0.1340858,164.5885,-0.8827363,-0.1889165,0.4302177,17.91473,0,0,0,0,0,0,0,0,0,1,0,0,0.3641159,False,True,False,-0.000134185,0.9789729,0.2538422,1.011348,0.3912403,-0.6630538,-0.0338717,0.6372939,100.8193,0.507695,-0.8604151,-0.04395379,0.05013419,0.02102715,0.04615784,0.07131706,0.05951442,0.3261873,0.9098992,0.2492858,151.1295,0.06145454,0.3368207,0.9395612,0.0211141,1.101552,-0.03738471,1.102388,0.03305926,0.03503842,-0.01634371,0.9987053,5.83169,0.6498874,0.6887942,-0.3212889,False
1773055711718,2.458619,0.03761449,0.8419942,0.1790703,0.8616468,-0.6509037,-0.2504145,-0.4464216,0.5606467,111.7989,-0.7860634,-0.3024128,-0.5391207,-0.02878545,0.9518661,0.1931009,0.9716819,0.0382298,1.003602,0.1886595,1.021896,0.03261286,0.9920814,0.2159713,1.015841,-0.04099071,-0.09429128,0.09025003,0.136807,-0.02082156,-0.04670827,0.1637003,0.1715021,0.003415154,-0.06327298,0.1510648,0.1638161,-0.04093834,-0.09408659,0.09045946,0.1367887,-0.02047925,-0.04880466,0.162293,0.1707053,0.003038117,-0.06494176,0.1488121,0.1623936,-0.03030284,-0.08028097,0.1140901,0.142758,-0.2559442,0.252201,-0.1922435,0.9131975,48.09793,-0.6280575,0.6188719,-0.4717433,12.3583,0.00366368,-0.06232108,0.1125318,0.1286886,0.8493367,0.1383226,0.3048328,0.4081311,131.825,0.9303483,0.1515161,0.3339085,0.8022112,False,True,False,-0.1028816,0.5886968,0.1270371,0.6109722,-0.09571735,-0.2254105,-0.3188773,-0.9156121,312.5856,-0.2380657,-0.560635,-0.7931033,0.01459536,0.5836083,0.1842441,0.6121744,0.009943515,0.5399943,0.2153677,0.581443,-0.03976312,0.5575633,0.1702377,0.5843276,0.06179809,-0.05216161,0.1124703,0.1385258,0.01780308,-0.0749377,0.1406081,0.1603223,0.009692865,-0.04722863,0.0729971,0.08748184,0.06192377,-0.05209208,0.1123945,0.1384943,0.01794509,-0.07495216,0.1405087,0.1602577,0.009690234,-0.04716811,0.07295691,0.08741534,0.02625148,-0.05764763,0.1057109,0.1232363,-0.8749068,-0.1870049,0.4261699,0.1339642,164.6025,-0.8828648,-0.1887058,0.4300463,17.91008,0,0,0,0,0,0,0,0,0,1,0,0,0.3640486,False,True,False,-0.000134185,0.9789729,0.2538422,1.011348,0.3912403,-0.6630538,-0.0338717,0.6372939,100.8193,0.507695,-0.8604151,-0.04395379,0.05013419,0.02102715,0.04615784,0.07131706,0.05951442,0.3261873,0.9098992,0.2492858,151.1295,0.06145454,0.3368207,0.9395612,0.02060095,1.101394,-0.03734581,1.10222,0.03394206,0.03442603,-0.01650781,0.9986943,5.856477,0.6644241,0.673898,-0.3231443,False
1773055711731,2.47233,0.03565888,0.8391865,0.1813138,0.8592906,-0.6441052,-0.2508189,-0.4490905,0.5661591,111.0344,-0.7814004,-0.3042825,-0.544817,-0.0314456,0.9484636,0.1966167,0.9691389,0.03529866,1.000654,0.1933952,1.019782,0.0297551,0.9888099,0.2204422,1.013521,-0.04094952,-0.0942742,0.09029284,0.1368111,-0.02085447,-0.0466417,0.1637438,0.1715296,0.003420403,-0.06304291,0.1513099,0.1639536,-0.04094071,-0.09412581,0.09042442,0.1367932,-0.02055692,-0.04833919,0.1626053,0.1708794,0.003117414,-0.06453662,0.1493581,0.1627346,-0.03033952,-0.0802138,0.1141097,0.1427437,-0.2571982,0.2496024,-0.1936783,0.913256,48.08149,-0.6313376,0.6126924,-0.475417,12.48218,0.00366368,-0.06232108,0.1125318,0.1286886,0.8493367,0.1383226,0.3048328,0.4081311,131.825,0.9303483,0.1515161,0.3339085,0.7123363,False,True,False,-0.1028614,0.5886146,0.1269622,0.610874,-0.09541391,-0.2253454,-0.3193685,-0.9154887,312.5504,-0.2371452,-0.5600817,-0.7937702,0.01460252,0.5836264,0.1842155,0.6121833,0.009976402,0.5400469,0.2153901,0.5815007,-0.03972228,0.5575677,0.1702,0.584318,0.06176817,-0.05219789,0.112476,0.1385308,0.01777026,-0.07492793,0.1406451,0.1603466,0.009695051,-0.0472228,0.07300392,0.08748462,0.0618917,-0.05211385,0.1124113,0.1385018,0.0179091,-0.07494719,0.1405368,0.160276,0.009691224,-0.04717936,0.07296658,0.08742958,0.026227,-0.05765943,0.1057332,0.1232557,-0.8750494,-0.1867423,0.4260166,0.1338873,164.6114,-0.8829994,-0.1884389,0.429887,17.90604,0,0,0,0,0,0,0,0,0,1,0,0,0.3642308,False,True,False,-0.000134185,0.9789729,0.2538422,1.011348,0.3912403,-0.6630538,-0.0338717,0.6372939,100.8193,0.507695,-0.8604151,-0.04395379,0.05013419,0.02102715,0.04615784,0.07131706,0.05951442,0.3261873,0.9098992,0.2492858,151.1295,0.06145454,0.3368207,0.9395612,0.02007528,1.101185,-0.03734398,1.102001,0.03450381,0.03423651,-0.01665811,0.9986791,5.890473,0.6715208,0.6663185,-0.3242039,False
1773055711746,2.485992,0.03413737,0.8366246,0.1832191,0.857132,-0.6378555,-0.2514813,-0.451038,0.5713688,110.3085,-0.7772154,-0.3064254,-0.5495816,-0.03372386,0.945273,0.1996637,0.9667181,0.03271333,0.9979357,0.1975188,1.017821,0.02742413,0.9859085,0.2242844,1.01147,-0.04091452,-0.09425132,0.09034116,0.1368168,-0.0208888,-0.04656227,0.1637961,0.1715621,0.003439185,-0.06267242,0.1517005,0.1641728,-0.04093519,-0.09415194,0.09040699,0.136798,-0.02062541,-0.0479586,0.1628604,0.1710232,0.003183936,-0.06414048,0.1498674,0.1630472,-0.03037402,-0.08016987,0.1141057,0.1427232,-0.258291,0.2472967,-0.194495,0.9134013,48.0406,-0.6345276,0.6075186,-0.4778041,12.57374,0.00366368,-0.06232108,0.1125318,0.1286886,0.8493367,0.1383226,0.3048328,0.4081311,131.825,0.9303483,0.1515161,0.3339085,0.6831137,False,True,False,-0.102842,0.5885336,0.1268859,0.6107768,-0.09515838,-0.2252909,-0.3197878,-0.9153822,312.5201,-0.2363679,-0.5596096,-0.7943344,0.01461184,0.5836222,0.1841765,0.6121677,0.01000615,0.5400796,0.2154039,0.5815367,-0.03968682,0.5575637,0.1701564,0.5842991,0.06173817,-0.05223697,0.11248,0.1385354,0.01773825,-0.07491727,0.1406837,0.1603719,0.009697353,-0.04721368,0.07301018,0.08748519,0.06186015,-0.05213911,0.1124254,0.1385086,0.01787403,-0.07494105,0.1405669,0.1602957,0.009692479,-0.04718639,0.07297551,0.08744098,0.02620211,-0.05767033,0.1057552,0.1232744,-0.8751971,-0.1864205,0.425866,0.133849,164.6159,-0.8831438,-0.1881132,0.4297329,17.9024,0,0,0,0,0,0,0,0,0,1,0,0,0.3644291,False,True,False,-0.000134185,0.9789729,0.2538422,1.011348,0.3912403,-0.6630538,-0.0338717,0.6372939,100.8193,0.507695,-0.8604151,-0.04395379,0.05013419,0.02102715,0.04615784,0.07131706,0.05951442,0.3261873,0.9098992,0.2492858,151.1295,0.06145454,0.3368207,0.9395612,0.01954704,1.101079,-0.03732839,1.101885,0.0353368,0.0346187,-0.01697451,0.9986314,5.995745,0.6756673,0.6619368,-0.3245659,False
1773055711759,2.500033,0.0320263,0.8346348,0.1859435,0.8556961,-0.6209901,-0.2479397,-0.4632234,0.581654,108.8661,-0.7634158,-0.3048053,-0.5694649,-0.03608467,0.9426228,0.2054697,0.9654313,0.03039131,0.9952686,0.2068643,1.016994,0.02458955,0.9822694,0.2330287,1.009832,-0.04086935,-0.09421803,0.0904071,0.1368239,-0.02093083,-0.04648934,0.1638656,0.1716138,0.003437156,-0.06259046,0.1519235,0.1643476,-0.04092104,-0.09416598,0.09040701,0.1368035,-0.02068979,-0.04763777,0.1630798,0.1711503,0.003237404,-0.06380442,0.1503229,0.1633354,-0.03039723,-0.08012939,0.1141149,0.1427127,-0.2591729,0.2452498,-0.1953455,0.9135218,48.00666,-0.6371175,0.6028909,-0.4802125,12.64946,0.00366368,-0.06232108,0.1125318,0.1286886,0.8493367,0.1383226,0.3048328,0.4081311,131.825,0.9303483,0.1515161,0.3339085,0.604683,False,True,False,-0.102858,0.5885241,0.1267913,0.6107507,-0.09491556,-0.2252093,-0.3201185,-0.9153119,312.5002,-0.2356713,-0.5591852,-0.7948406,0.01457548,0.5836729,0.1841351,0.6122028,0.009987161,0.5401628,0.2154006,0.5816124,-0.03968792,0.5576109,0.1700975,0.5843272,0.06170323,-0.05226317,0.1124907,0.1385384,0.017708,-0.07490727,0.1407189,0.1603948,0.009699258,-0.04721506,0.07302032,0.08749459,0.0618272,-0.05216512,0.1124391,0.1385148,0.0178392,-0.07493398,0.1405988,0.1603165,0.009693897,-0.0471924,0.0729849,0.08745221,0.02617633,-0.05768088,0.1057781,0.1232935,-0.8753493,-0.1860796,0.4257125,0.1338168,164.6196,-0.8832935,-0.1877684,0.4295761,17.89834,0,0,0,0,0,0,0,0,0,1,0,0,0.3643844,False,True,False,-0.000134185,0.9789729,0.2538422,1.011348,0.3912403,-0.6630538,-0.0338717,0.6372939,100.8193,0.507695,-0.8604151,-0.04395379,0.05013419,0.02102715,0.04615784,0.07131706,0.05951442,0.3261873,0.9098992,0.2492858,151.1295,0.06145454,0.3368207,0.9395612,0.01909395,1.100968,-0.03725558,1.101764,0.03599725,0.03473215,-0.01722495,0.9985996,6.065084,0.6804378,0.6565242,-0.3255946,False
1773055711774,2.513907,0.03024062,0.8325912,0.188356,0.8541666,-0.6064761,-0.2451341,-0.4728946,0.5903107,107.6419,-0.7513554,-0.3036934,-0.5858629,-0.03822624,0.9398654,0.2104549,0.9638981,0.02821659,0.9924966,0.2147858,1.015864,0.02201915,0.978722,0.2404304,1.008062,-0.04082767,-0.09417852,0.09047975,0.1368323,-0.02097248,-0.04637083,0.1639924,0.171708,0.003440877,-0.06247305,0.1522125,0.1645702,-0.04090121,-0.09416862,0.09042238,0.1368095,-0.02074881,-0.04736428,0.1632766,0.1712692,0.003279943,-0.06351888,0.1507365,0.1636059,-0.03041215,-0.08009007,0.1141378,0.1427121,-0.2598696,0.2434176,-0.1962328,0.9136238,47.97792,-0.6391903,0.5987241,-0.4826654,12.71263,0.00366368,-0.06232108,0.1125318,0.1286886,0.8493367,0.1383226,0.3048328,0.4081311,131.825,0.9303483,0.1515161,0.3339085,0.5627729,False,True,False,-0.1028769,0.5885199,0.1266944,0.6107298,-0.09468713,-0.2251298,-0.3204267,-0.9152473,312.4818,-0.2350184,-0.5587839,-0.7953157,0.0145364,0.5837216,0.1840892,0.6122345,0.009964593,0.5402455,0.2153931,0.5816861,-0.03969335,0.5576606,0.1700353,0.5843568,0.06166756,-0.05228984,0.112501,0.1385409,0.01767868,-0.07489653,0.1407548,0.160418,0.009701231,-0.0472153,0.07303052,0.08750346,0.061794,-0.05219103,0.1124519,0.1385202,0.01780585,-0.07492621,0.1406312,0.1603375,0.009695418,-0.04719715,0.07299436,0.08746284,0.02615056,-0.05769073,0.1058008,0.1233121,-0.8755008,-0.1857312,0.4255607,0.1337922,164.6224,-0.8834435,-0.1874162,0.4294215,17.89399,0,0,0,0,0,0,0,0,0,1,0,0,0.3643784,False,True,False,-0.000134185,0.9789729,0.2538422,1.011348,0.3912403,-0.6630538,-0.0338717,0.6372939,100.8193,0.507695,-0.8604151,-0.04395379,0.05013419,0.02102715,0.04615784,0.07131706,0.05951442,0.3261873,0.9098992,0.2492858,151.1295,0.06145454,0.3368207,0.9395612,0.01858382,1.100946,-0.03720142,1.101731,0.03669856,0.0354116,-0.01741008,0.998547,6.178036,0.6810198,0.6571376,-0.3230812,False
1773055711788,2.527784,0.02824366,0.8318355,0.1904745,0.8538317,-0.5885404,-0.2406206,-0.4948525,0.5923199,107.3564,-0.7304683,-0.2986468,-0.6141873,-0.03878002,0.9396442,0.2143167,0.9645552,0.02883238,0.9909616,0.222912,1.016133,0.02118638,0.9763396,0.2479444,1.007554,-0.04069877,-0.09417223,0.0905413,0.1368303,-0.02101882,-0.04599965,0.1644369,0.1720385,0.003484882,-0.06238845,0.1526161,0.1649125,-0.04085829,-0.09416938,0.09044746,0.1368138,-0.02080517,-0.04707019,0.1635264,0.1714332,0.003322775,-0.06327678,0.151147,0.1638914,-0.03040456,-0.08002976,0.1142107,0.142735,-0.2604345,0.2415205,-0.1974758,0.9136986,47.95687,-0.6408445,0.5943032,-0.4859234,12.78999,0.00366368,-0.06232108,0.1125318,0.1286886,0.8493367,0.1383226,0.3048328,0.4081311,131.825,0.9303483,0.1515161,0.3339085,0.5450523,False,True,False,-0.1029158,0.5884864,0.1265821,0.6106807,-0.09445678,-0.2252236,-0.3207134,-0.9151477,312.4534,-0.234315,-0.5587029,-0.7955804,0.01449988,0.5837631,0.1839843,0.6122416,0.009953946,0.5403148,0.2153405,0.5817308,-0.03969648,0.5576761,0.1699378,0.5843434,0.06164511,-0.0523089,0.1125078,0.1385437,0.01765188,-0.07488284,0.1407935,0.1604426,0.009702052,-0.04722965,0.07304245,0.08752125,0.06176303,-0.05221552,0.1124635,0.138525,0.01777385,-0.07491721,0.1406649,0.1603594,0.009696794,-0.0472039,0.07300434,0.08747496,0.0261263,-0.05770069,0.1058243,0.1233318,-0.8756434,-0.1853811,0.4254352,0.1337438,164.628,-0.8835816,-0.1870617,0.429292,17.89025,0,0,0,0,0,0,0,0,0,1,0,0,0.3644187,False,True,False,-0.000134185,0.9789729,0.2538422,1.011348,0.3912403,-0.6630538,-0.0338717,0.6372939,100.8193,0.507695,-0.8604151,-0.04395379,0.05013419,0.02102715,0.04615784,0.07131706,0.05951442,0.3261873,0.9098992,0.2492858,151.1295,0.06145454,0.3368207,0.9395612,0.01812776,1.100855,-0.03708169,1.101629,0.03695829,0.03585641,-0.01761615,0.9985179,6.239583,0.6790851,0.6588389,-0.3236856,False
1773055711802,2.541663,0.02648002,0.8308241,0.1924579,0.853235,-0.5737584,-0.2371037,-0.5115027,0.5940945,107.1038,-0.7132791,-0.2947602,-0.6358847,-0.03952957,0.9388685,0.2179372,0.9646416,0.02889968,0.9892133,0.229752,1.015955,0.02010652,0.9739825,0.2542952,1.006833,-0.04044815,-0.09417231,0.09063312,0.1368168,-0.02107064,-0.04557748,0.1649232,0.1723976,0.003537716,-0.06226058,0.1531249,0.1653364,-0.04077153,-0.09416999,0.09048656,0.1368142,-0.02086058,-0.04674897,0.1638267,0.1716386,0.003367684,-0.06305946,0.151578,0.1642064,-0.03036352,-0.07995149,0.1143297,0.1427777,-0.2609248,0.2393629,-0.1990792,0.9137785,47.93429,-0.6423354,0.589255,-0.4900861,12.87829,0.00366368,-0.06232108,0.1125318,0.1286886,0.8493367,0.1383226,0.3048328,0.4081311,131.825,0.9303483,0.1515161,0.3339085,0.549256,False,True,False,-0.1029584,0.5884553,0.1264669,0.6106341,-0.09420981,-0.2253422,-0.3210156,-0.9150379,312.4222,-0.2335581,-0.5586519,-0.7958385,0.01446199,0.5838161,0.1838712,0.6122572,0.009945661,0.5403966,0.2152834,0.5817854,-0.03969962,0.5576977,0.169836,0.5843347,0.06162398,-0.05232726,0.1125136,0.1385459,0.01762613,-0.07486816,0.1408332,0.1604678,0.009702787,-0.04724521,0.07305463,0.0875399,0.06173411,-0.05223873,0.1124739,0.1385293,0.01774315,-0.07490703,0.1406999,0.1603819,0.009698037,-0.04721247,0.07301477,0.08748844,0.02610342,-0.05771075,0.1058486,0.1233525,-0.8757778,-0.1850286,0.4253341,0.1336735,164.6362,-0.8837088,-0.1867041,0.4291858,17.88705,0,0,0,0,0,0,0,0,0,1,0,0,0.3644798,False,True,False,-0.000134185,0.9789729,0.2538422,1.011348,0.3912403,-0.6630538,-0.0338717,0.6372939,100.8193,0.507695,-0.8604151,-0.04395379,0.05013419,0.02102715,0.04615784,0.07131706,0.05951442,0.3261873,0.9098992,0.2492858,151.1295,0.06145454,0.3368207,0.9395612,0.01770647,1.100795,-0.03701873,1.10156,0.0370905,0.0366029,-0.01764674,0.9984854,6.30761,0.6741675,0.6653047,-0.3207521,False
1773055711816,2.555772,0.02484476,0.8296242,0.1943828,0.8524542,-0.5614225,-0.2343127,-0.5244595,0.5956884,106.8766,-0.6989686,-0.2917183,-0.6529498,-0.04042974,0.9377267,0.221398,0.9643563,0.02857303,0.9873335,0.2356666,1.015472,0.01886246,0.9716543,0.2598159,1.005968,-0.04009896,-0.09417854,0.09076123,0.1368032,-0.02112827,-0.04515368,0.1653946,0.1727444,0.003588456,-0.06211333,0.1536628,0.1657806,-0.04062772,-0.09417181,0.09054507,0.1368114,-0.02091716,-0.04640174,0.1641677,0.1718769,0.003414395,-0.06285482,0.1520374,0.1645532,-0.03028207,-0.07985838,0.1144917,0.1428381,-0.2613884,0.2368578,-0.2009828,0.9138821,47.90508,-0.6438459,0.5834226,-0.4950562,12.97304,0.00366368,-0.06232108,0.1125318,0.1286886,0.8493367,0.1383226,0.3048328,0.4081311,131.825,0.9303483,0.1515161,0.3339085,0.5573995,False,True,False,-0.1030045,0.5884266,0.126349,0.6105898,-0.09393879,-0.2254906,-0.3213423,-0.9149145,312.3872,-0.2327248,-0.5586324,-0.7960963,0.01442352,0.583884,0.18375,0.6122848,0.009941503,0.5404944,0.215222,0.5818535,-0.03970166,0.5577275,0.1697305,0.5843326,0.06160436,-0.05234484,0.1125188,0.138548,0.01760146,-0.0748526,0.140874,0.1604936,0.009703414,-0.04726192,0.07306726,0.08755952,0.06170677,-0.05226106,0.1124834,0.1385332,0.01771332,-0.07489559,0.1407366,0.1604054,0.009699167,-0.04722287,0.07302581,0.08750338,0.02608157,-0.05772104,0.105874,0.1233745,-0.8759063,-0.1846689,0.4252546,0.1335817,164.6468,-0.8838274,-0.1863389,0.4291002,17.88434,0,0,0,0,0,0,0,0,0,1,0,0,0.3645231,False,True,False,-0.000134185,0.9789729,0.2538422,1.011348,0.3912403,-0.6630538,-0.0338717,0.6372939,100.8193,0.507695,-0.8604151,-0.04395379,0.05013419,0.02102715,0.04615784,0.07131706,0.05951442,0.3261873,0.9098992,0.2492858,151.1295,0.06145454,0.3368207,0.9395612,0.01728984,1.100705,-0.03696629,1.101461,0.03721183,0.03756439,-0.01769292,0.9984444,6.392577,0.6673976,0.6737208,-0.3173242,False
1773055711829,2.569523,0.02416756,0.8301529,0.1946676,0.8530143,-0.5399936,-0.2352773,-0.548736,0.5932455,107.2247,-0.6707815,-0.2922621,-0.6816414,-0.04022156,0.9386193,0.2222566,0.9654128,0.03015199,0.9871854,0.2412564,1.016685,0.01808247,0.9707652,0.2647322,1.006377,-0.03971589,-0.09422515,0.09085231,0.136784,-0.02119191,-0.04398208,0.1666306,0.1736354,0.003723389,-0.06184245,0.1545988,0.1665507,-0.0404371,-0.0941829,0.09060911,0.1368049,-0.02097406,-0.04588579,0.1646924,0.1722469,0.003478442,-0.0626405,0.1525898,0.1649835,-0.0301633,-0.07970051,0.1147575,0.142938,-0.2619279,0.2336936,-0.203825,0.9139127,47.89643,-0.6452844,0.5757264,-0.5021425,13.12736,0.00366368,-0.06232108,0.1125318,0.1286886,0.8493367,0.1383226,0.3048328,0.4081311,131.825,0.9303483,0.1515161,0.3339085,0.7583203,False,True,False,-0.1031658,0.5883315,0.1262264,0.6105,-0.09373798,-0.2253981,-0.3214346,-0.9149255,312.3903,-0.2322416,-0.5584376,-0.796374,0.01424425,0.5838072,0.1836696,0.6121832,0.009758383,0.5404449,0.2151918,0.5817933,-0.03985919,0.5576491,0.1696368,0.5842413,0.0615862,-0.05236363,0.1125223,0.1385499,0.0175788,-0.07483926,0.1409122,0.1605185,0.00970444,-0.04727582,0.07307314,0.08757205,0.06168188,-0.05228221,0.1124914,0.1385366,0.01768557,-0.07488399,0.1407728,0.1604287,0.009700253,-0.04723378,0.07303556,0.08751753,0.02606126,-0.05773106,0.1058983,0.1233957,-0.8760279,-0.1843163,0.4251887,0.1334814,164.6584,-0.883938,-0.1859806,0.4290279,17.88237,0,0,0,0,0,0,0,0,0,1,0,0,0.3644572,False,True,False,-0.000134185,0.9789729,0.2538422,1.011348,0.3912403,-0.6630538,-0.0338717,0.6372939,100.8193,0.507695,-0.8604151,-0.04395379,0.05013419,0.02102715,0.04615784,0.07131706,0.05951442,0.3261873,0.9098992,0.2492858,151.1295,0.06145454,0.3368207,0.9395612,0.01684611,1.100607,-0.03687492,1.101354,0.03733789,0.03856697,-0.01772716,0.9984009,6.481385,0.6604905,0.6822324,-0.3135855,False
1773055711843,2.583286,0.02352737,0.8303887,0.1950524,0.8533138,-0.5216815,-0.2354136,-0.5679709,0.591471,107.4771,-0.6469856,-0.2919583,-0.7043934,-0.04020835,0.939003,0.2234637,0.9660639,0.03101046,0.9865376,0.2463195,1.017296,0.01713262,0.9696174,0.2691312,1.006421,-0.03930087,-0.09427579,0.09094586,0.1367612,-0.02126724,-0.04306314,0.1675362,0.1742846,0.003836552,-0.06160614,0.1553971,0.1672073,-0.04019996,-0.09420221,0.09067926,0.1367948,-0.0210348,-0.04528352,0.1652987,0.1726752,0.003552706,-0.06242164,0.1531951,0.1654624,-0.03001046,-0.07951066,0.1150779,0.1430576,-0.2625148,0.2300685,-0.207216,0.9139016,47.89957,-0.6466903,0.5667608,-0.5104647,13.31115,0.00366368,-0.06232108,0.1125318,0.1286886,0.8493367,0.1383226,0.3048328,0.4081311,131.825,0.9303483,0.1515161,0.3339085,0.8648681,False,True,False,-0.1033367,0.5882343,0.1261013,0.6104094,-0.09353443,-0.2252946,-0.3215092,-0.9149456,312.396,-0.2317634,-0.5582442,-0.7966487,0.01405416,0.5837254,0.1835885,0.6120765,0.009562396,0.5403908,0.2151622,0.5817288,-0.04002853,0.5575662,0.1695417,0.5841462,0.06156937,-0.05238192,0.112525,0.1385515,0.01755728,-0.07482545,0.1409509,0.1605437,0.009705462,-0.04729023,0.07307843,0.08758435,0.06165864,-0.05230279,0.1124983,0.1385397,0.01765908,-0.07487193,0.1408096,0.1604524,0.009701326,-0.04724542,0.0730444,0.08753131,0.02604189,-0.05774107,0.1059221,0.1234168,-0.8761461,-0.1839615,0.4251334,0.1333708,164.6711,-0.8840441,-0.1856198,0.4289657,17.88104,0,0,0,0,0,0,0,0,0,1,0,0,0.3644051,False,True,False,-0.000134185,0.9789729,0.2538422,1.011348,0.3912403,-0.6630538,-0.0338717,0.6372939,100.8193,0.507695,-0.8604151,-0.04395379,0.05013419,0.02102715,0.04615784,0.07131706,0.05951442,0.3261873,0.9098992,0.2492858,151.1295,0.06145454,0.3368207,0.9395612,0.01635756,1.100491,-0.03676881,1.101227,0.03755717,0.03959818,-0.01770908,0.9983526,6.578525,0.6545719,0.6901441,-0.3086459,False
1773055711857,2.597188,0.02326,0.831019,0.1950953,0.8539296,-0.5125207,-0.2323124,-0.5804066,0.5886269,107.8807,-0.6339902,-0.2873714,-0.7179653,-0.039241,0.9400498,0.2244526,0.9672707,0.03348687,0.9868985,0.2489993,1.018376,0.01815433,0.9696711,0.271783,1.007203,-0.03886338,-0.09438169,0.09095885,0.1367179,-0.02155365,-0.04195008,0.1685888,0.1750616,0.003984858,-0.0613368,0.1562856,0.1679383,-0.03991945,-0.09423981,0.09073789,0.1367774,-0.02114316,-0.04456635,0.1660061,0.1731797,0.003643028,-0.06219053,0.1538662,0.1659992,-0.02982541,-0.0792752,0.1154684,0.1432029,-0.263135,0.2259381,-0.2111012,0.9138646,47.91002,-0.6480851,0.5564713,-0.519929,13.55239,0.00366368,-0.06232108,0.1125318,0.1286886,0.8493367,0.1383226,0.3048328,0.4081311,131.825,0.9303483,0.1515161,0.3339085,0.9881274,False,True,False,-0.1034581,0.5881896,0.1260204,0.6103702,-0.09329538,-0.2253539,-0.3215312,-0.9149477,312.3966,-0.2311739,-0.5583977,-0.7967128,0.01392931,0.5837097,0.1835195,0.6120379,0.009436734,0.5403995,0.2151467,0.5817291,-0.04014032,0.5575451,0.1694778,0.5841151,0.0615561,-0.05239333,0.1125285,0.1385528,0.01753403,-0.07481357,0.1409825,0.1605633,0.009706311,-0.04729996,0.07308168,0.08759241,0.0616373,-0.05232162,0.1125046,0.1385424,0.01763306,-0.07485981,0.1408456,0.1604755,0.009702361,-0.04725675,0.07305215,0.087544,0.02602358,-0.05775043,0.1059453,0.1234372,-0.8762589,-0.1836197,0.4250849,0.1332552,164.6845,-0.8841439,-0.185272,0.4289101,17.88054,0,0,0,0,0,0,0,0,0,1,0,0,0.3641142,False,True,False,-0.000134185,0.9789729,0.2538422,1.011348,0.3912403,-0.6630538,-0.0338717,0.6372939,100.8193,0.507695,-0.8604151,-0.04395379,0.05013419,0.02102715,0.04615784,0.07131706,0.05951442,0.3261873,0.9098992,0.2492858,151.1295,0.06145454,0.3368207,0.9395612,0.01587277,1.10047,-0.03670017,1.101197,0.03789187,0.04052541,-0.01750158,0.9983063,6.670144,0.6513409,0.6966101,-0.3008427,False
1773055711870,2.611237,0.0228998,0.8315855,0.1952454,0.8545055,-0.5031663,-0.2297401,-0.5916896,0.5864695,108.1862,-0.621215,-0.2836399,-0.730507,-0.03884198,0.9406688,0.2256547,0.9681356,0.03518936,0.9870052,0.251774,1.019219,0.01861923,0.969506,0.274503,1.00779,-0.03832508,-0.09463685,0.09079859,0.1366358,-0.02187804,-0.0410231,0.169416,0.1756796,0.004117231,-0.06109934,0.1570578,0.1685741,-0.03958287,-0.09432364,0.09075072,0.1367459,-0.02129797,-0.04379725,0.1667457,0.1737122,0.003742963,-0.06195635,0.1545647,0.1665619,-0.02960701,-0.07904001,0.1158658,0.1433485,-0.2637829,0.2213031,-0.215066,0.9138873,47.90359,-0.649763,0.5451245,-0.5297611,13.83332,0.00366368,-0.06232108,0.1125318,0.1286886,0.8493367,0.1383226,0.3048328,0.4081311,131.825,0.9303483,0.1515161,0.3339085,1.027938,False,True,False,-0.1035844,0.5881467,0.1259402,0.6103337,-0.09304948,-0.2254253,-0.3215321,-0.9149548,312.3986,-0.2305737,-0.558597,-0.7967467,0.01380066,0.5836951,0.1834486,0.6119998,0.009306289,0.5404091,0.2151304,0.5817299,-0.04025771,0.5575249,0.1694137,0.5840853,0.0615443,-0.05240343,0.1125315,0.1385538,0.01751141,-0.07480158,0.1410132,0.1605822,0.009707131,-0.04730942,0.0730841,0.08759963,0.06161778,-0.05233878,0.1125102,0.1385448,0.01760754,-0.07484761,0.1408807,0.1604979,0.00970336,-0.04726779,0.07305884,0.08755566,0.02600628,-0.05775914,0.1059676,0.1234568,-0.8763664,-0.1832904,0.425043,0.1331349,164.6984,-0.8842381,-0.1849367,0.4288608,17.88081,0,0,0,0,0,0,0,0,0,1,0,0,0.3638234,False,True,False,-0.000134185,0.9789729,0.2538422,1.011348,0.3912403,-0.6630538,-0.0338717,0.6372939,100.8193,0.507695,-0.8604151,-0.04395379,0.05013419,0.02102715,0.04615784,0.07131706,0.05951442,0.3261873,0.9098992,0.2492858,151.1295,0.06145454,0.3368207,0.9395612,0.01540541,1.100541,-0.03666384,1.10126,0.03828281,0.04142208,-0.01724445,0.9982591,6.762608,0.6490752,0.7023006,-0.2923752,False
1773055711885,2.625185,0.02245395,0.8320783,0.1954992,0.8550313,-0.4933227,-0.2273567,-0.6026717,0.5845754,108.454,-0.608035,-0.2802239,-0.7428109,-0.03877755,0.9410137,0.2270319,0.9687899,0.03645646,0.9868699,0.2547689,1.019877,0.01863574,0.9690759,0.2773694,1.008161,-0.03772364,-0.0949674,0.09054793,0.1365313,-0.02220866,-0.04018192,0.1701282,0.1762141,0.004232462,-0.06094843,0.1576962,0.1691175,-0.03919358,-0.0944588,0.09070814,0.1366988,-0.0214888,-0.04301646,0.1674755,0.1742419,0.003845532,-0.06174148,0.1552459,0.167117,-0.02935913,-0.07882229,0.1162443,0.143484,-0.2644192,0.2163214,-0.2189557,0.9139727,47.8795,-0.6516388,0.5331057,-0.5395977,14.13989,0.00366368,-0.06232108,0.1125318,0.1286886,0.8493367,0.1383226,0.3048328,0.4081311,131.825,0.9303483,0.1515161,0.3339085,1.038633,False,True,False,-0.1037152,0.5881053,0.1258607,0.6102996,-0.09279696,-0.2255085,-0.3215127,-0.9149669,312.4021,-0.2299636,-0.558841,-0.7967525,0.01366854,0.5836815,0.1833756,0.611962,0.009171464,0.5404195,0.2151133,0.5817311,-0.04038035,0.5575055,0.1693494,0.5840567,0.06153406,-0.05241226,0.1125339,0.1385546,0.01748944,-0.07478962,0.1410433,0.1606007,0.00970792,-0.04731868,0.07308572,0.08760606,0.06160031,-0.0523541,0.1125152,0.1385468,0.01758291,-0.07483553,0.1409146,0.1605193,0.00970431,-0.04727839,0.07306444,0.08756616,0.02599023,-0.05776712,0.105989,0.1234755,-0.8764675,-0.182978,0.4250079,0.1330118,164.7127,-0.8843253,-0.1846184,0.4288182,17.88183,0,0,0,0,0,0,0,0,0,1,0,0,0.3635685,False,True,False,-0.000134185,0.9789729,0.2538422,1.011348,0.3912403,-0.6630538,-0.0338717,0.6372939,100.8193,0.507695,-0.8604151,-0.04395379,0.05013419,0.02102715,0.04615784,0.07131706,0.05951442,0.3261873,0.9098992,0.2492858,151.1295,0.06145454,0.3368207,0.9395612,0.01495701,1.100475,-0.0366584,1.101187,0.03824208,0.04198365,-0.01694819,0.9982423,6.795186,0.6452796,0.7084133,-0.2859762,False
1773055711898,2.638986,0.0221307,0.832278,0.1954288,0.8552011,-0.4659397,-0.2260836,-0.6288443,0.5799494,109.106,-0.5719491,-0.2775216,-0.7719172,-0.03857392,0.9409217,0.2284175,0.9690181,0.03641067,0.9854636,0.2599879,1.019832,0.01834831,0.9673603,0.2837265,1.008277,-0.03692991,-0.09531008,0.09030543,0.1363924,-0.02454674,-0.03982089,0.1704463,0.1767489,0.004687111,-0.0599323,0.1600912,0.1710059,-0.03872484,-0.09463606,0.0906243,0.1366322,-0.02212585,-0.04233189,0.1681112,0.1747653,0.004020463,-0.06135903,0.1562923,0.1679535,-0.02908078,-0.07865003,0.1166318,0.1436471,-0.2646004,0.210442,-0.2213514,0.9147154,47.6693,-0.6547918,0.5207689,-0.547766,14.58161,0.00366368,-0.06232108,0.1125318,0.1286886,0.8493367,0.1383226,0.3048328,0.4081311,131.825,0.9303483,0.1515161,0.3339085,1.076108,False,True,False,-0.1038939,0.5881202,0.1258539,0.610343,-0.09253918,-0.2256014,-0.3215147,-0.9149693,312.4027,-0.2293279,-0.5590789,-0.7967684,0.0134972,0.5837352,0.1833617,0.6120053,0.008984655,0.5404807,0.2151348,0.581793,-0.04056303,0.5575655,0.1693572,0.5841288,0.06153724,-0.05242535,0.112529,0.1385569,0.01746643,-0.07479335,0.1410395,0.1605966,0.009711287,-0.04730342,0.07307999,0.08759342,0.06158726,-0.05236883,0.112518,0.1385489,0.01755881,-0.07482682,0.1409405,0.1605353,0.00970575,-0.04728356,0.07306765,0.08757179,0.02597692,-0.0577734,0.1060057,0.12349,-0.8765529,-0.1826997,0.4249717,0.1329473,164.7201,-0.8844036,-0.1843361,0.428778,17.88377,0,0,0,0,0,0,0,0,0,1,0,0,0.3621226,False,True,False,-0.000134185,0.9789729,0.2538422,1.011348,0.3912403,-0.6630538,-0.0338717,0.6372939,100.8193,0.507695,-0.8604151,-0.04395379,0.05013419,0.02102715,0.04615784,0.07131706,0.05951442,0.3261873,0.9098992,0.2492858,151.1295,0.06145454,0.3368207,0.9395612,0.01454834,1.100566,-0.03654057,1.101268,0.03819955,0.04222881,-0.01659265,0.9982396,6.800485,0.6440594,0.7119943,-0.2797587,False
1773055711911,2.652725,0.02179906,0.8324082,0.1954172,0.8553166,-0.4422525,-0.2243823,-0.6502117,0.5755781,109.7197,-0.5408184,-0.2743909,-0.7951259,-0.03863441,0.9406099,0.2297934,0.9690431,0.03642889,0.9838891,0.2648709,1.019569,0.01752665,0.9652805,0.2890632,1.007785,-0.03613765,-0.0956729,0.09002316,0.1362476,-0.02611157,-0.03930028,0.1708171,0.177214,0.005013672,-0.05916509,0.1617075,0.1722642,-0.03819255,-0.09485126,0.09049962,0.1365489,-0.02295588,-0.04168474,0.1686881,0.175272,0.004226263,-0.06089678,0.1574596,0.1688781,-0.0287717,-0.07849791,0.1170152,0.1438134,-0.2646527,0.2042121,-0.2227275,0.9157777,47.36716,-0.6588557,0.5083882,-0.5544826,15.09404,0.00366368,-0.06232108,0.1125318,0.1286886,0.8493367,0.1383226,0.3048328,0.4081311,131.825,0.9303483,0.1515161,0.3339085,1.155172,False,True,False,-0.1040791,0.5881395,0.1258516,0.6103926,-0.0922754,-0.2257051,-0.3215024,-0.9149747,312.4043,-0.2286811,-0.5593526,-0.7967619,0.01332143,0.5837942,0.1833486,0.6120538,0.008790977,0.5405449,0.2151555,0.5818574,-0.04075435,0.557632,0.1693689,0.5842091,0.06154335,-0.05243799,0.1125228,0.1385594,0.01744383,-0.07479903,0.1410309,0.1605892,0.009714977,-0.04728484,0.07307267,0.08757769,0.06157821,-0.05238308,0.112519,0.138551,0.01753511,-0.0748211,0.1409591,0.1605464,0.009707648,-0.04728382,0.07306869,0.08757301,0.02596606,-0.05777816,0.1060183,0.1235008,-0.8766245,-0.1824512,0.4249346,0.1329354,164.7215,-0.8844745,-0.184085,0.4287398,17.8866,0,0,0,0,0,0,0,0,0,1,0,0,0.3609642,False,True,False,-0.000134185,0.9789729,0.2538422,1.011348,0.3912403,-0.6630538,-0.0338717,0.6372939,100.8193,0.507695,-0.8604151,-0.04395379,0.05013419,0.02102715,0.04615784,0.07131706,0.05951442,0.3261873,0.9098992,0.2492858,151.1295,0.06145454,0.3368207,0.9395612,0.01407919,1.10071,-0.0363689,1.101401,0.03757751,0.04230333,-0.0167408,0.9982575,6.765734,0.6368223,0.7169104,-0.2837046,False
1773055711927,2.666617,0.02168049,0.8332416,0.1953755,0.8561152,-0.3972742,-0.2495872,-0.6985444,0.5402918,114.593,-0.472115,-0.2966059,-0.8301402,-0.03732409,0.9439546,0.2227633,0.9706013,0.03822396,0.9851376,0.2662449,1.021197,0.01448929,0.9674957,0.2916848,1.010613,-0.03506079,-0.09611416,0.08965076,0.1360311,-0.02939611,-0.03626525,0.1722112,0.1784265,0.005758352,-0.05695311,0.1655828,0.1751984,-0.0375407,-0.09511585,0.09032197,0.1364346,-0.0243162,-0.04051506,0.1694462,0.1759113,0.004546832,-0.06005692,0.159233,0.170243,-0.02839725,-0.07813815,0.1176366,0.1440498,-0.2652671,0.1955126,-0.2254337,0.9168358,47.06441,-0.6643895,0.4896819,-0.5646223,15.96322,0.00366368,-0.06232108,0.1125318,0.1286886,0.8493367,0.1383226,0.3048328,0.4081311,131.825,0.9303483,0.1515161,0.3339085,1.286572,False,True,False,-0.1042054,0.5879802,0.125874,0.6102653,-0.09178007,-0.226138,-0.3215852,-0.9148885,312.3798,-0.2273435,-0.5601543,-0.7965814,0.01324059,0.5837491,0.1832943,0.6119927,0.008716203,0.5405244,0.2151608,0.5818391,-0.04085502,0.5575714,0.1693946,0.5841657,0.06155567,-0.052463,0.1125089,0.1385631,0.01742361,-0.07481035,0.1410091,0.1605732,0.00971787,-0.04726388,0.07306688,0.08756187,0.06157352,-0.05239969,0.1125169,0.1385535,0.01751193,-0.07481886,0.1409695,0.160552,0.00970977,-0.04727968,0.07306831,0.0875707,0.02595792,-0.05778246,0.1060265,0.123508,-0.8766795,-0.1822112,0.424907,0.1329894,164.7153,-0.8845364,-0.1838442,0.4287151,17.88986,0,0,0,0,0,0,0,0,0,1,0,0,0.3598379,False,True,False,-0.000134185,0.9789729,0.2538422,1.011348,0.3912403,-0.6630538,-0.0338717,0.6372939,100.8193,0.507695,-0.8604151,-0.04395379,0.05013419,0.02102715,0.04615784,0.07131706,0.05951442,0.3261873,0.9098992,0.2492858,151.1295,0.06145454,0.3368207,0.9395612,0.01365334,1.100821,-0.03628106,1.101503,0.03732854,0.04248661,-0.01674687,0.998259,6.762839,0.632874,0.7203248,-0.2839291,False
1773055711940,2.680812,0.02149374,0.8341793,0.1953928,0.8570271,-0.3685306,-0.2620661,-0.7253611,0.518997,117.47,-0.4311429,-0.3065903,-0.8485978,-0.03651105,0.9459503,0.2194926,0.9717674,0.03994392,0.9859329,0.2679905,1.022486,0.01250377,0.9686972,0.2939152,1.012382,-0.03403059,-0.09654873,0.0892613,0.1358209,-0.03165713,-0.03376389,0.1732006,0.179278,0.00623005,-0.05541527,0.1678718,0.1768915,-0.03679515,-0.09542139,0.09009609,0.1362954,-0.02590229,-0.03902838,0.1702684,0.1765941,0.004905415,-0.05904915,0.1611586,0.1717061,-0.02797829,-0.077628,0.1183951,0.1443132,-0.2662915,0.1859658,-0.2284145,0.9177867,46.79074,-0.6706349,0.4683407,-0.5752447,17.04066,0.00366368,-0.06232108,0.1125318,0.1286886,0.8493367,0.1383226,0.3048328,0.4081311,131.825,0.9303483,0.1515161,0.3339085,1.29516,False,True,False,-0.1043335,0.5878134,0.1259016,0.6101322,-0.09100893,-0.2268531,-0.3217026,-0.9147472,312.3397,-0.2252548,-0.5614806,-0.7962411,0.01318122,0.5837677,0.1832026,0.6119817,0.008683622,0.5405853,0.2151564,0.5818936,-0.04093551,0.557552,0.1694229,0.584161,0.06157114,-0.0524893,0.1124928,0.1385668,0.01740406,-0.074824,0.1409816,0.1605533,0.009720972,-0.04723993,0.07306005,0.08754358,0.06157302,-0.05241863,0.1125118,0.1385563,0.01748912,-0.07481995,0.1409721,0.1605522,0.009712134,-0.04727129,0.07306657,0.08756497,0.02595237,-0.05778632,0.1060303,0.123512,-0.8767189,-0.1819784,0.4248887,0.1331068,164.7017,-0.8845903,-0.1836122,0.4287035,17.89356,0,0,0,0,0,0,0,0,0,1,0,0,0.359231,False,True,False,-0.000134185,0.9789729,0.2538422,1.011348,0.3912403,-0.6630538,-0.0338717,0.6372939,100.8193,0.507695,-0.8604151,-0.04395379,0.05013419,0.02102715,0.04615784,0.07131706,0.05951442,0.3261873,0.9098992,0.2492858,151.1295,0.06145454,0.3368207,0.9395612,0.01328282,1.100853,-0.03623426,1.101529,0.03690073,0.04232648,-0.01632199,0.9982888,6.704806,0.6310281,0.7238122,-0.2791173,False
1773055711957,2.697454,0.0212629,0.8350735,0.1954726,0.8579099,-0.3483271,-0.2688874,-0.7425088,0.5050234,119.3342,-0.403574,-0.3115348,-0.8602756,-0.03624276,0.9472094,0.2179757,0.9726421,0.04142876,0.9864959,0.2697276,1.023545,0.01118685,0.9694665,0.2960787,1.013732,-0.03297065,-0.09698576,0.08886791,0.1356127,-0.03348221,-0.03163214,0.1739361,0.1799317,0.006609907,-0.0541054,0.1696193,0.1781623,-0.03587364,-0.09579881,0.08980022,0.1361191,-0.0277624,-0.03718347,0.1711758,0.1773542,0.005316361,-0.05783375,0.1632934,0.173314,-0.02748371,-0.07695958,0.1192997,0.1446048,-0.2677008,0.1751561,-0.2313963,0.9187559,46.51023,-0.6780223,0.4436286,-0.5860717,18.3818,0.00366368,-0.06232108,0.1125318,0.1286886,0.8493367,0.1383226,0.3048328,0.4081311,131.825,0.9303483,0.1515161,0.3339085,1.295803,False,True,False,-0.1044633,0.58764,0.1259343,0.6099942,-0.09006506,-0.2277745,-0.3218333,-0.9145657,312.2882,-0.2226922,-0.5631885,-0.7957554,0.01313847,0.5838248,0.183081,0.6119989,0.008681238,0.5406961,0.2151397,0.5819903,-0.04100239,0.5575576,0.169451,0.5841792,0.0615897,-0.05251688,0.1124747,0.1385708,0.01738519,-0.07483985,0.1409486,0.1605296,0.009724152,-0.0472131,0.07305223,0.08752294,0.06157701,-0.05244212,0.1125029,0.1385598,0.01746426,-0.07482471,0.1409665,0.1605468,0.009715005,-0.04725738,0.07306314,0.08755492,0.02594901,-0.0577901,0.1060299,0.1235127,-0.8767456,-0.1817279,0.4248786,0.1333051,164.6788,-0.8846411,-0.1833644,0.4287048,17.89815,0,0,0,0,0,0,0,0,0,1,0,0,0.3590612,False,True,False,-0.000134185,0.9789729,0.2538422,1.011348,0.3912403,-0.6630538,-0.0338717,0.6372939,100.8193,0.507695,-0.8604151,-0.04395379,0.05013419,0.02102715,0.04615784,0.07131706,0.05951442,0.3261873,0.9098992,0.2492858,151.1295,0.06145454,0.3368207,0.9395612,0.01292942,1.100878,-0.03622454,1.101549,0.03640711,0.04222724,-0.01586777,0.9983184,6.646385,0.6280514,0.7284533,-0.2737315,False
1773055711967,2.708257,0.02343679,0.8366554,0.1954145,0.8594931,-0.276325,-0.2859512,-0.7906746,0.4655215,124.5121,-0.3122187,-0.3230953,-0.8933806,-0.0337,0.9481776,0.2177279,0.9734381,0.03885718,0.983919,0.2791975,1.023503,0.002789959,0.9673073,0.2996274,1.012654,-0.02662726,-0.0971318,0.08964465,0.1348323,-0.03453713,-0.03096932,0.1741545,0.1802269,0.006668514,-0.05382304,0.1699444,0.1783886,-0.03427935,-0.09602704,0.08977365,0.1358513,-0.02894934,-0.0360771,0.1717,0.1778216,0.005547716,-0.05713175,0.1644921,0.1742196,-0.02659436,-0.07643474,0.1200721,0.1447993,-0.2681798,0.164709,-0.2315726,0.9205024,46.00071,-0.6863438,0.4215344,-0.5926563,19.12545,0.00366368,-0.06232108,0.1125318,0.1286886,0.8493367,0.1383226,0.3048328,0.4081311,131.825,0.9303483,0.1515161,0.3339085,1.293516,False,True,False,-0.1045825,0.5876139,0.1260005,0.6100031,-0.08924113,-0.228959,-0.3224677,-0.9141271,312.1641,-0.220116,-0.5647344,-0.7953767,0.01313343,0.5841203,0.1829367,0.6122375,0.008786909,0.5410427,0.2150621,0.5822853,-0.04099849,0.5577635,0.1694693,0.5843807,0.06158428,-0.05254803,0.1124656,0.1385728,0.01736444,-0.07486057,0.1409022,0.1604963,0.009726694,-0.0471876,0.0730497,0.08750735,0.06157824,-0.05246007,0.1124966,0.138562,0.01744734,-0.07483078,0.1409556,0.1605382,0.009716983,-0.04724557,0.07306087,0.08754687,0.02594658,-0.0577927,0.1060263,0.1235103,-0.8767604,-0.1815801,0.4248545,0.1334863,164.6578,-0.8846776,-0.1832198,0.428691,17.89949,0,0,0,0,0,0,0,0,0,1,0,0,0.3601458,False,True,False,-0.000134185,0.9789729,0.2538422,1.011348,0.3912403,-0.6630538,-0.0338717,0.6372939,100.8193,0.507695,-0.8604151,-0.04395379,0.05013419,0.02102715,0.04615784,0.07131706,0.05951442,0.3261873,0.9098992,0.2492858,151.1295,0.06145454,0.3368207,0.9395612,0.01272504,1.100917,-0.03614696,1.101584,0.03618238,0.04185288,-0.01503929,0.9983552,6.573403,0.6310971,0.7300025,-0.2623169,False
1773055711982,2.722312,0.02576199,0.8383286,0.1954338,0.8611927,-0.2379823,-0.2934458,-0.8128964,0.4432306,127.3796,-0.2654845,-0.3273575,-0.906838,-0.03176045,0.9490238,0.2178961,0.9742349,0.03876472,0.9835747,0.2836292,1.024386,-0.0002700705,0.9672613,0.3012083,1.013075,-0.02263465,-0.09708496,0.08996013,0.1342782,-0.03573544,-0.03019913,0.1743702,0.180538,0.006773879,-0.05330156,0.1705429,0.1788067,-0.03177135,-0.09625119,0.08981302,0.1354256,-0.03042438,-0.03478259,0.1722804,0.1783704,0.005807398,-0.05630225,0.1658391,0.175232,-0.02524072,-0.07570845,0.1210894,0.1450224,-0.2682633,0.15013,-0.230463,0.9232457,45.18941,-0.6982203,0.3907497,-0.5998361,19.98162,0.00366368,-0.06232108,0.1125318,0.1286886,0.8493367,0.1383226,0.3048328,0.4081311,131.825,0.9303483,0.1515161,0.3339085,1.297754,False,True,False,-0.1047025,0.5875901,0.1260726,0.6100156,-0.08837217,-0.2302877,-0.3231719,-0.9136289,312.0235,-0.2173715,-0.5664451,-0.7949151,0.01314172,0.5844491,0.1827678,0.612501,0.008921541,0.5414261,0.2149616,0.5826065,-0.04098002,0.5579926,0.1694815,0.5846016,0.0615785,-0.05258068,0.112456,0.1385748,0.01734404,-0.07488376,0.1408497,0.1604588,0.009729239,-0.04715999,0.07304708,0.08749057,0.06157829,-0.05248537,0.1124881,0.1385647,0.01742567,-0.07484188,0.1409334,0.1605216,0.009719551,-0.04722764,0.07305798,0.08753507,0.0259434,-0.05779607,0.1060176,0.1235038,-0.8767747,-0.1814164,0.4248046,0.133773,164.6246,-0.8847268,-0.1830618,0.4286574,17.89921,0,0,0,0,0,0,0,0,0,1,0,0,0.3612792,False,True,False,-0.000134185,0.9789729,0.2538422,1.011348,0.3912403,-0.6630538,-0.0338717,0.6372939,100.8193,0.507695,-0.8604151,-0.04395379,0.05013419,0.02102715,0.04615784,0.07131706,0.05951442,0.3261873,0.9098992,0.2492858,151.1295,0.06145454,0.3368207,0.9395612,0.01249988,1.100894,-0.03612286,1.101557,0.03616188,0.04172684,-0.01417164,0.9983739,6.535889,0.634356,0.7319772,-0.2486007,False
1773055711996,2.736036,0.03108045,0.8386475,0.1988759,0.8624658,-0.1423986,-0.3060359,-0.8568501,0.3897082,134.1273,-0.1546234,-0.3323088,-0.9304098,-0.01018136,0.95914,0.2124405,0.9824378,0.03393024,0.9770433,0.2992028,1.022393,-0.01007102,0.9629683,0.3059638,1.010457,-0.03852557,-0.0920234,0.09196529,0.135684,-0.03582664,-0.0283924,0.1752419,0.181106,0.006851842,-0.05303537,0.171041,0.1792058,-0.03318645,-0.0953767,0.09025762,0.1354419,-0.03157942,-0.03339842,0.1729121,0.1789171,0.006024488,-0.05560755,0.1669759,0.1760949,-0.02607845,-0.07443962,0.1222516,0.1454881,-0.2673593,0.1558381,-0.2358076,0.9212102,45.79269,-0.6871839,0.400545,-0.6060877,20.90076,0.00366368,-0.06232108,0.1125318,0.1286886,0.8493367,0.1383226,0.3048328,0.4081311,131.825,0.9303483,0.1515161,0.3339085,1.283718,False,True,False,-0.1048053,0.587633,0.126076,0.6100752,-0.08793864,-0.231102,-0.3235368,-0.913336,311.941,-0.2159558,-0.56753,-0.7945272,0.01311581,0.5846533,0.1826205,0.6126514,0.008966349,0.5416883,0.2148714,0.5828176,-0.04098671,0.5581586,0.1694403,0.5847486,0.06155218,-0.05261696,0.1124538,0.1385751,0.01731833,-0.0748831,0.1408403,0.1604475,0.009730522,-0.04716241,0.07305399,0.08749779,0.06157292,-0.05251245,0.112481,0.1385668,0.01740357,-0.07485035,0.1409142,0.1605063,0.009721805,-0.04721424,0.07305716,0.0875274,0.02593751,-0.05780095,0.1060109,0.1234991,-0.8768039,-0.1812272,0.4247465,0.1340228,164.5958,-0.8847862,-0.1828771,0.4286134,17.89659,0,0,0,0,0,0,0,0,0,1,0,0,0.3609196,False,True,False,-0.000134185,0.9789729,0.2538422,1.011348,0.3912403,-0.6630538,-0.0338717,0.6372939,100.8193,0.507695,-0.8604151,-0.04395379,0.05013419,0.02102715,0.04615784,0.07131706,0.05951442,0.3261873,0.9098992,0.2492858,151.1295,0.06145454,0.3368207,0.9395612,0.01238146,1.10068,-0.03622751,1.101345,0.03653955,0.04140686,-0.01368476,0.9983802,6.523056,0.6422427,0.7277938,-0.2405322,False
1773055712009,2.749898,0.03553933,0.8388979,0.2018484,0.8635714,-0.09881873,-0.3102614,-0.8727658,0.3636654,137.3491,-0.1060822,-0.3330666,-0.9369168,0.003934037,0.9630525,0.2144782,0.9866542,0.03322356,0.9739895,0.307188,1.021824,-0.01254127,0.961578,0.3084921,1.009929,-0.04612643,-0.08843566,0.09300491,0.1363761,-0.03588201,-0.02699768,0.1758486,0.1814914,0.006918863,-0.05295787,0.1714492,0.1795752,-0.03588029,-0.09393723,0.09082788,0.1355039,-0.03250759,-0.03199831,0.1735434,0.1794379,0.006211871,-0.05503968,0.1679606,0.1768579,-0.02756618,-0.07290952,0.1234263,0.1459786,-0.2653027,0.1681614,-0.2439648,0.9175062,46.87167,-0.6670559,0.4228115,-0.6134054,21.76147,0.00366368,-0.06232108,0.1125318,0.1286886,0.8493367,0.1383226,0.3048328,0.4081311,131.825,0.9303483,0.1515161,0.3339085,1.299761,False,True,False,-0.1049078,0.5876815,0.1260803,0.6101406,-0.08758457,-0.2318309,-0.3238567,-0.9130719,311.8668,-0.2147741,-0.5684936,-0.7941585,0.01308239,0.5848324,0.1824873,0.6127819,0.008993827,0.5419238,0.2147875,0.583006,-0.04100097,0.5583112,0.1694022,0.5848843,0.06152286,-0.05265489,0.1124521,0.1385751,0.01729217,-0.07488133,0.1408317,0.1604362,0.009731603,-0.04716709,0.07306206,0.08750716,0.06156253,-0.052542,0.112475,0.1385685,0.01738045,-0.07485677,0.1408971,0.1604918,0.009723836,-0.04720447,0.07305817,0.08752321,0.02592906,-0.05780735,0.1060056,0.1234957,-0.8768469,-0.1810095,0.4246795,0.1342478,164.5697,-0.8848568,-0.1826631,0.4285589,17.89174,0,0,0,0,0,0,0,0,0,1,0,0,0.3611558,False,True,False,-0.000134185,0.9789729,0.2538422,1.011348,0.3912403,-0.6630538,-0.0338717,0.6372939,100.8193,0.507695,-0.8604151,-0.04395379,0.05013419,0.02102715,0.04615784,0.07131706,0.05951442,0.3261873,0.9098992,0.2492858,151.1295,0.06145454,0.3368207,0.9395612,0.01197417,1.100772,-0.03616054,1.101431,0.03719426,0.04151435,-0.01408842,0.998346,6.591725,0.6469482,0.7220907,-0.2450506,False
1773055712023,2.763937,0.0398932,0.838082,0.2039837,0.863471,-0.01272938,-0.3221611,-0.8917016,0.3176769,142.955,-0.01342479,-0.339761,-0.940416,0.02193815,0.9659164,0.2159177,0.9899981,0.02148767,0.9677596,0.3147114,1.017872,-0.02183078,0.9571916,0.3109664,1.006674,-0.05756177,-0.08374924,0.09237634,0.1373342,-0.03447344,-0.02589298,0.1765,0.1816896,0.007487701,-0.04790339,0.175186,0.1817717,-0.04049523,-0.09178156,0.09115198,0.1355448,-0.03293533,-0.03064767,0.1741853,0.1799015,0.006481952,-0.05348864,0.1695699,0.1779242,-0.03000568,-0.07135834,0.12387,0.1460689,-0.2631972,0.1873828,-0.2507771,0.9125381,48.28302,-0.6435269,0.458158,-0.6131595,22.48162,0.00366368,-0.06232108,0.1125318,0.1286886,0.8493367,0.1383226,0.3048328,0.4081311,131.825,0.9303483,0.1515161,0.3339085,1.3,False,True,False,-0.1049856,0.5877576,0.1261291,0.6102372,-0.08744244,-0.2322028,-0.3240612,-0.9129184,311.8237,-0.2142451,-0.5689264,-0.7939913,0.01304297,0.5849461,0.1824598,0.6128814,0.008978091,0.5420898,0.2147949,0.5831628,-0.0410235,0.5584335,0.1694245,0.585009,0.06148874,-0.05270222,0.1124498,0.1385761,0.01726411,-0.07487546,0.1408326,0.1604313,0.00973255,-0.04717975,0.07306962,0.0875204,0.06154707,-0.05257558,0.1124697,0.1385701,0.01735607,-0.07486068,0.1408836,0.1604791,0.009725659,-0.0471993,0.07306056,0.08752262,0.02591767,-0.05781599,0.1060021,0.1234944,-0.8769085,-0.1807415,0.4246047,0.1344422,164.5473,-0.8849425,-0.1823974,0.4284948,17.88493,0,0,0,0,0,0,0,0,0,1,0,0,0.3621927,False,True,False,-0.000134185,0.9789729,0.2538422,1.011348,0.3912403,-0.6630538,-0.0338717,0.6372939,100.8193,0.507695,-0.8604151,-0.04395379,0.05013419,0.02102715,0.04615784,0.07131706,0.05951442,0.3261873,0.9098992,0.2492858,151.1295,0.06145454,0.3368207,0.9395612,0.01197858,1.100546,-0.03629998,1.10121,0.03791474,0.04148013,-0.01434446,0.9983166,6.649919,0.6537172,0.7151908,-0.2473239,False
1773055712037,2.777762,0.04328144,0.8374879,0.2057448,0.8634757,0.0277693,-0.3263747,-0.897746,0.2945516,145.7387,0.02905846,-0.3415262,-0.9394228,0.03466683,0.966415,0.2200688,0.9917611,0.01680084,0.9642131,0.3185177,1.0156,-0.02451245,0.9542534,0.3142273,1.004957,-0.06501848,-0.07930353,0.09192932,0.1377224,-0.03327737,-0.02471741,0.177096,0.1818827,0.007950227,-0.04333557,0.1781128,0.1834812,-0.04576908,-0.08914317,0.09131277,0.1355704,-0.03300866,-0.02934975,0.1748096,0.1803036,0.006789202,-0.05129363,0.1714559,0.1790929,-0.03283982,-0.06970124,0.1238486,0.1458602,-0.2608249,0.2075785,-0.2555353,0.9075149,49.6717,-0.6209821,0.4942111,-0.6083885,22.94823,0.00366368,-0.06232108,0.1125318,0.1286886,0.8493367,0.1383226,0.3048328,0.4081311,131.825,0.9303483,0.1515161,0.3339085,1.3,False,True,False,-0.1050616,0.5878401,0.1261815,0.6103407,-0.0873464,-0.2324975,-0.3242235,-0.9127949,311.789,-0.2138651,-0.5692633,-0.7938519,0.01299782,0.5850407,0.18245,0.6129679,0.00894729,0.5422384,0.2148164,0.5833083,-0.04105144,0.5585468,0.1694545,0.5851279,0.06145149,-0.05275222,0.1124478,0.138577,0.01723542,-0.07486801,0.1408353,0.1604271,0.009733288,-0.0471954,0.07307787,0.08753581,0.06152729,-0.05261215,0.1124652,0.1385715,0.01733109,-0.0748622,0.1408736,0.1604683,0.009727237,-0.04719849,0.07306414,0.08752535,0.02590385,-0.05782653,0.1060002,0.1234948,-0.876986,-0.1804329,0.4245246,0.1346042,164.5285,-0.8850404,-0.18209,0.4284235,17.87642,0,0,0,0,0,0,0,0,0,1,0,0,0.3632663,False,True,False,-0.000134185,0.9789729,0.2538422,1.011348,0.3912403,-0.6630538,-0.0338717,0.6372939,100.8193,0.507695,-0.8604151,-0.04395379,0.05013419,0.02102715,0.04615784,0.07131706,0.05951442,0.3261873,0.9098992,0.2492858,151.1295,0.06145454,0.3368207,0.9395612,0.01201439,1.10041,-0.03636086,1.101076,0.03807329,0.04136162,-0.01407547,0.9983193,6.644499,0.6569809,0.7137233,-0.2428819,False
1773055712051,2.791649,0.04509643,0.8374355,0.2080121,0.8640607,0.07668439,-0.3367228,-0.9007024,0.2635766,149.4352,0.07949547,-0.3490663,-0.9337201,0.04020808,0.9664944,0.224273,0.9929887,0.008858874,0.9630232,0.3193954,1.014646,-0.03094284,0.9531357,0.3139506,1.003987,-0.06689968,-0.07776575,0.09215509,0.1378972,-0.03279212,-0.0242897,0.1772882,0.1819242,0.008304755,-0.03922014,0.1802748,0.1846787,-0.05040606,-0.08670674,0.09148775,0.1357529,-0.03296221,-0.02823814,0.1753428,0.180635,0.007107621,-0.04865381,0.1734154,0.1802515,-0.03543066,-0.06818128,0.1236554,0.1455839,-0.2597787,0.2235903,-0.2556556,0.9039705,50.63003,-0.6075349,0.5229023,-0.5978923,23.10793,0.00366368,-0.06232108,0.1125318,0.1286886,0.8493367,0.1383226,0.3048328,0.4081311,131.825,0.9303483,0.1515161,0.3339085,1.3,False,True,False,-0.1051236,0.5878336,0.1262758,0.6103646,-0.08750014,-0.2327568,-0.3242019,-0.9127219,311.7685,-0.2141559,-0.5696706,-0.7934816,0.01297124,0.5849751,0.1824706,0.6129107,0.008921362,0.5422184,0.2148741,0.5833107,-0.04106271,0.558513,0.1695164,0.5851142,0.06141885,-0.05279479,0.1124477,0.1385787,0.01720722,-0.07484628,0.1408621,0.1604375,0.009733019,-0.04722402,0.0731001,0.08756977,0.06150477,-0.0526501,0.1124616,0.138573,0.01730535,-0.0748589,0.1408712,0.1604619,0.009728436,-0.04720379,0.0730716,0.08753456,0.0258885,-0.05783875,0.1060035,0.1235001,-0.8770724,-0.1800693,0.4244687,0.1347051,164.5169,-0.8851398,-0.1817256,0.4283729,17.86687,0,0,0,0,0,0,0,0,0,1,0,0,0.3637502,False,True,False,-0.000134185,0.9789729,0.2538422,1.011348,0.3912403,-0.6630538,-0.0338717,0.6372939,100.8193,0.507695,-0.8604151,-0.04395379,0.05013419,0.02102715,0.04615784,0.07131706,0.05951442,0.3261873,0.9098992,0.2492858,151.1295,0.06145454,0.3368207,0.9395612,0.01216403,1.100336,-0.03638741,1.101005,0.03801147,0.04123111,-0.01369848,0.9983323,6.618756,0.6584666,0.71424,-0.2372966,False
1773055712065,2.805602,0.04677984,0.8373694,0.2099685,0.8645593,0.1055542,-0.3416928,-0.901213,0.2447842,151.6618,0.1088662,-0.3524141,-0.9294904,0.04436379,0.9663645,0.2284453,0.9939898,0.00485066,0.9620127,0.3205357,1.014019,-0.03403072,0.95189,0.3152043,1.003298,-0.06840248,-0.07624441,0.09258044,0.1380697,-0.03236761,-0.02358812,0.1775475,0.1820087,0.008602156,-0.03562561,0.1820207,0.1856737,-0.05441848,-0.08444095,0.09171583,0.1360274,-0.03283461,-0.02721294,0.1758185,0.1809166,0.007422957,-0.0457717,0.1753394,0.1813672,-0.03776946,-0.06669153,0.1234449,0.1453029,-0.2594919,0.2363309,-0.2527064,0.9016381,51.25154,-0.5999933,0.5464408,-0.584304,23.02113,0.00366368,-0.06232108,0.1125318,0.1286886,0.8493367,0.1383226,0.3048328,0.4081311,131.825,0.9303483,0.1515161,0.3339085,1.299999,False,True,False,-0.1051831,0.5878264,0.126376,0.6103886,-0.08769488,-0.2330259,-0.3241625,-0.9126484,311.7479,-0.2145464,-0.5701004,-0.793067,0.01294928,0.5848976,0.182492,0.6128428,0.008900188,0.5421888,0.2149352,0.5833052,-0.04106752,0.5584691,0.1695805,0.5850913,0.06138452,-0.05283825,0.1124481,0.1385804,0.01717845,-0.0748212,0.1408943,0.160451,0.009732471,-0.04725702,0.07312516,0.08760843,0.0614797,-0.05268935,0.1124588,0.1385745,0.01727888,-0.07485104,0.140876,0.1604596,0.009729276,-0.04721488,0.07308275,0.08754994,0.02587172,-0.05785258,0.1060118,0.1235102,-0.8771669,-0.1796535,0.4244359,0.134748,164.5119,-0.8852403,-0.181307,0.4283425,17.85636,0,0,0,0,0,0,0,0,0,1,0,0,0.3642135,False,True,False,-0.000134185,0.9789729,0.2538422,1.011348,0.3912403,-0.6630538,-0.0338717,0.6372939,100.8193,0.507695,-0.8604151,-0.04395379,0.05013419,0.02102715,0.04615784,0.07131706,0.05951442,0.3261873,0.9098992,0.2492858,151.1295,0.06145454,0.3368207,0.9395612,0.0122756,1.100264,-0.03643995,1.100936,0.03804642,0.04090072,-0.01322141,0.998351,6.581619,0.6627871,0.7125103,-0.2303234,False
1773055712079,2.819483,0.04842266,0.8372932,0.2117786,0.8650172,0.1265936,-0.3446975,-0.9010364,0.2308489,153.3059,0.1301078,-0.3542663,-0.9260493,0.04844506,0.9660875,0.232723,0.994903,0.002367578,0.9609205,0.3220203,1.013445,-0.03586492,0.9504654,0.3171594,1.002627,-0.07021777,-0.07438754,0.09297169,0.1382309,-0.03194351,-0.02255423,0.1778813,0.1821286,0.008872646,-0.03210494,0.1835735,0.1865709,-0.05795879,-0.08225852,0.09197717,0.1363286,-0.03264476,-0.02619005,0.1762614,0.181162,0.0077277,-0.04273675,0.1771768,0.182422,-0.03991889,-0.06514862,0.1232576,0.1450182,-0.2594748,0.2469456,-0.2476688,0.9001949,51.6326,-0.5958265,0.5670561,-0.5687167,22.7531,0.00366368,-0.06232108,0.1125318,0.1286886,0.8493367,0.1383226,0.3048328,0.4081311,131.825,0.9303483,0.1515161,0.3339085,1.299995,False,True,False,-0.1052402,0.5878181,0.1264818,0.6104124,-0.08792922,-0.2333045,-0.3241062,-0.9125748,311.7272,-0.2150332,-0.5705522,-0.7926102,0.01293158,0.5848088,0.1825141,0.6127642,0.008883536,0.5421498,0.2149992,0.5832924,-0.04106621,0.5584155,0.1696466,0.5850592,0.06134851,-0.05288257,0.112449,0.138582,0.01714929,-0.07479269,0.1409314,0.1604672,0.009731627,-0.04729411,0.07315298,0.08765156,0.06145246,-0.05272949,0.1124567,0.138576,0.01725196,-0.07483894,0.1408875,0.1604612,0.009729763,-0.04723131,0.07309732,0.08757102,0.02585376,-0.05786781,0.1060246,0.1235246,-0.877268,-0.1791917,0.424426,0.1347362,164.5133,-0.8853409,-0.1808407,0.4283318,17.84502,0,0,0,0,0,0,0,0,0,1,0,0,0.3646773,False,True,False,-0.000134185,0.9789729,0.2538422,1.011348,0.3912403,-0.6630538,-0.0338717,0.6372939,100.8193,0.507695,-0.8604151,-0.04395379,0.05013419,0.02102715,0.04615784,0.07131706,0.05951442,0.3261873,0.9098992,0.2492858,151.1295,0.06145454,0.3368207,0.9395612,0.01246679,1.100134,-0.03655715,1.100812,0.03850293,0.04111291,-0.01294254,0.9983285,6.626442,0.6662059,0.7113658,-0.2239413,False
1773055712092,2.833382,0.04759637,0.8357098,0.2154734,0.8643523,0.1604533,-0.3599914,-0.8979059,0.1960254,157.3907,0.1636279,-0.3671138,-0.9156711,0.05002101,0.9647102,0.2351871,0.9942238,-0.003277496,0.9618526,0.3206372,1.013893,-0.04120959,0.9513345,0.3154658,1.003122,-0.06920278,-0.07531289,0.09304208,0.1382674,-0.03187942,-0.02244158,0.177912,0.1821335,0.009161767,-0.02843314,0.1848833,0.1872811,-0.06049154,-0.08074465,0.09219919,0.1366734,-0.032482,-0.02536692,0.1766158,0.1813607,0.008029582,-0.03953245,0.1789006,0.1833922,-0.04152604,-0.0639393,0.1230585,0.144762,-0.2609649,0.2536595,-0.2377462,0.9005725,51.53315,-0.6003255,0.5835201,-0.5469129,22.35007,0.00366368,-0.06232108,0.1125318,0.1286886,0.8493367,0.1383226,0.3048328,0.4081311,131.825,0.9303483,0.1515161,0.3339085,1.299965,False,True,False,-0.1051902,0.5878966,0.1265575,0.6104951,-0.0879929,-0.2335404,-0.3241418,-0.9124956,311.7051,-0.2150961,-0.5708827,-0.7923552,0.01302156,0.5848613,0.1825138,0.6128162,0.008973986,0.5422549,0.2150789,0.5834209,-0.04094787,0.5584604,0.1697057,0.5851109,0.06133551,-0.05292873,0.1124398,0.1385864,0.01712591,-0.07475731,0.140983,0.1604935,0.009728268,-0.04734854,0.07318966,0.08771118,0.06142814,-0.05277092,0.1124532,0.1385782,0.01722575,-0.07482199,0.1409074,0.1604679,0.009729453,-0.04725566,0.0731165,0.08760012,0.02583743,-0.05788551,0.1060435,0.1235457,-0.8773588,-0.1786644,0.4244874,0.1346521,164.523,-0.8854224,-0.1803064,0.4283888,17.8344,0,0,0,0,0,0,0,0,0,1,0,0,0.3645803,False,True,False,-0.000134185,0.9789729,0.2538422,1.011348,0.3912403,-0.6630538,-0.0338717,0.6372939,100.8193,0.507695,-0.8604151,-0.04395379,0.05013419,0.02102715,0.04615784,0.07131706,0.05951442,0.3261873,0.9098992,0.2492858,151.1295,0.06145454,0.3368207,0.9395612,0.01269521,1.099919,-0.0367072,1.100604,0.03901198,0.04138928,-0.01368573,0.9982874,6.707492,0.6668646,0.7075017,-0.2339416,False
1773055712107,2.847295,0.0471617,0.8342487,0.2191046,0.8638298,0.1844711,-0.3688962,-0.8945473,0.1722531,160.1623,0.1872703,-0.3744939,-0.9081213,0.05125917,0.963313,0.23831,0.9936755,-0.007045381,0.9618574,0.3207872,1.013964,-0.04491132,0.9507189,0.3161633,1.002917,-0.06866055,-0.07593137,0.09298694,0.1382983,-0.03181152,-0.02231131,0.1779474,0.1821402,0.009427833,-0.02487001,0.1860146,0.1879065,-0.062335,-0.079694,0.09236363,0.1369957,-0.03233967,-0.02469644,0.1769015,0.1815211,0.008324226,-0.03622122,0.1804942,0.1842808,-0.04272651,-0.06293934,0.1228696,0.1445124,-0.2631197,0.2582617,-0.2238106,0.9022072,51.10054,-0.6100579,0.5987942,-0.5189174,21.86814,0.00366368,-0.06232108,0.1125318,0.1286886,0.8493367,0.1383226,0.3048328,0.4081311,131.825,0.9303483,0.1515161,0.3339085,1.299969,False,True,False,-0.1051316,0.5879799,0.1266361,0.6105814,-0.08806768,-0.2337791,-0.3241751,-0.9124154,311.6826,-0.2151849,-0.5712167,-0.7920906,0.01312202,0.584917,0.1825131,0.6128712,0.009074882,0.542365,0.2151653,0.5835566,-0.04081643,0.5585041,0.1697677,0.5851614,0.06132427,-0.05297583,0.1124297,0.1385913,0.01710282,-0.0747183,0.1410406,0.1605234,0.009724263,-0.04740871,0.07322989,0.08777679,0.06140653,-0.05281357,0.1124483,0.1385809,0.01720017,-0.07480044,0.140935,0.1604794,0.009728375,-0.04728747,0.07314007,0.08763684,0.02582262,-0.05790552,0.1060681,0.123573,-0.8774399,-0.1780754,0.4246155,0.1344996,164.5406,-0.8854857,-0.1797083,0.4285091,17.82443,0,0,0,0,0,0,0,0,0,1,0,0,0.364547,False,True,False,-0.000134185,0.9789729,0.2538422,1.011348,0.3912403,-0.6630538,-0.0338717,0.6372939,100.8193,0.507695,-0.8604151,-0.04395379,0.05013419,0.02102715,0.04615784,0.07131706,0.05951442,0.3261873,0.9098992,0.2492858,151.1295,0.06145454,0.3368207,0.9395612,0.01299554,1.099757,-0.03677249,1.100448,0.039156,0.04167507,-0.01458212,0.9982572,6.766428,0.6635048,0.7061908,-0.2470965,False
1773055712120,2.861178,0.04303826,0.8295383,0.2286237,0.8615421,0.2073505,-0.3922908,-0.885222,0.1396273,163.9474,0.2094018,-0.3961717,-0.8939792,0.04805911,0.9592839,0.2420592,0.990519,-0.01251125,0.9625092,0.3224251,1.015154,-0.05055126,0.9527814,0.3156202,1.00497,-0.06465719,-0.0786244,0.09359507,0.1382837,-0.03183868,-0.02222057,0.1779664,0.1821524,0.009503288,-0.02431895,0.1862438,0.188065,-0.06285597,-0.07946158,0.09262045,0.1372719,-0.03223373,-0.02415513,0.1771293,0.1816515,0.008572266,-0.03352642,0.1817793,0.1850438,-0.04304798,-0.06242295,0.1229342,0.1444388,-0.2666768,0.2585263,-0.2111355,0.9041402,50.58455,-0.624191,0.6051137,-0.4941894,21.50683,0.00366368,-0.06232108,0.1125318,0.1286886,0.8493367,0.1383226,0.3048328,0.4081311,131.825,0.9303483,0.1515161,0.3339085,1.299638,False,True,False,-0.1051234,0.5880632,0.1266509,0.6106633,-0.08825656,-0.2339347,-0.3242186,-0.9123419,311.662,-0.21556,-0.5713678,-0.7918795,0.01317128,0.5849496,0.182449,0.6128843,0.009119079,0.5424489,0.2151905,0.5836446,-0.04074056,0.5585363,0.1697658,0.5851863,0.06131788,-0.05302976,0.1124138,0.1385962,0.01708229,-0.07467673,0.1411049,0.1605585,0.009721429,-0.04746535,0.07327242,0.08784255,0.06138812,-0.0528585,0.1124412,0.138584,0.01717568,-0.07477477,0.1409703,0.1604958,0.009726934,-0.04732439,0.07316754,0.08767953,0.02580948,-0.05792737,0.1060978,0.1236061,-0.8775113,-0.1774133,0.4248075,0.1343021,164.5635,-0.8855339,-0.1790353,0.4286913,17.81533,0,0,0,0,0,0,0,0,0,1,0,0,0.3649948,False,True,False,-0.000134185,0.9789729,0.2538422,1.011348,0.3912403,-0.6630538,-0.0338717,0.6372939,100.8193,0.507695,-0.8604151,-0.04395379,0.05013419,0.02102715,0.04615784,0.07131706,0.05951442,0.3261873,0.9098992,0.2492858,151.1295,0.06145454,0.3368207,0.9395612,0.01331859,1.099826,-0.03670404,1.100519,0.0386053,0.04175784,-0.01519274,0.9982661,6.749045,0.6558532,0.7094108,-0.2581046,False
1773055712134,2.87496,0.04024013,0.825937,0.2361481,0.8599751,0.224554,-0.4065656,-0.8778728,0.1167018,166.5964,0.226099,-0.4093628,-0.8839126,0.04659069,0.9558984,0.2461053,0.9881701,-0.01617427,0.962134,0.3246819,1.01557,-0.05430336,0.9531555,0.31656,1.005815,-0.0623713,-0.08017828,0.09376665,0.1382422,-0.03187663,-0.02212152,0.1779869,0.182167,0.00960314,-0.02350722,0.186562,0.1882822,-0.06274854,-0.07961577,0.09285828,0.1374726,-0.0321588,-0.02371399,0.1773114,0.1817577,0.008787864,-0.03126557,0.1828408,0.1857028,-0.0429338,-0.06215796,0.1230882,0.1444217,-0.2705801,0.2569303,-0.1996724,0.9060376,50.0732,-0.6393715,0.6071174,-0.471819,21.25085,0.00366368,-0.06232108,0.1125318,0.1286886,0.8493367,0.1383226,0.3048328,0.4081311,131.825,0.9303483,0.1515161,0.3339085,1.29804,False,True,False,-0.1051115,0.5881503,0.1266636,0.6107478,-0.08846971,-0.2340811,-0.3242616,-0.9122684,311.6415,-0.2159942,-0.5714969,-0.7916679,0.01322564,0.5849817,0.1823802,0.6128956,0.009167634,0.5425333,0.2152171,0.5837335,-0.0406582,0.5585661,0.169762,0.5852079,0.06131368,-0.05308539,0.1123964,0.1386015,0.0170624,-0.07463197,0.1411751,0.1605972,0.009718244,-0.04752596,0.07331817,0.08791311,0.06137275,-0.05290538,0.1124319,0.1385876,0.01715228,-0.0747453,0.1410126,0.1605167,0.009725142,-0.04736598,0.07319862,0.08772773,0.02579795,-0.05795088,0.1061324,0.1236443,-0.8775732,-0.1766852,0.4250586,0.1340628,164.5911,-0.8855674,-0.1782947,0.4289306,17.80706,0,0,0,0,0,0,0,0,0,1,0,0,0.3665395,False,True,False,-0.000134185,0.9789729,0.2538422,1.011348,0.3912403,-0.6630538,-0.0338717,0.6372939,100.8193,0.507695,-0.8604151,-0.04395379,0.05013419,0.02102715,0.04615784,0.07131706,0.05951442,0.3261873,0.9098992,0.2492858,151.1295,0.06145454,0.3368207,0.9395612,0.01363311,1.099993,-0.03661554,1.100687,0.03797263,0.04156787,-0.01548426,0.9982938,6.694988,0.6503111,0.7118825,-0.2651801,False
1773055712148,2.888915,0.0382648,0.8230242,0.2424343,0.8588408,0.2388367,-0.4164739,-0.8716503,0.09865206,168.6769,0.2400075,-0.4185154,-0.8759232,0.04590742,0.9530356,0.2500468,0.9863608,-0.01883516,0.9614518,0.3270116,1.015717,-0.05708882,0.9528718,0.3180763,1.006179,-0.0607959,-0.0812524,0.09381618,0.1382012,-0.0319249,-0.02201455,0.1780087,0.1821838,0.009721919,-0.02248133,0.1869385,0.1885363,-0.06231464,-0.07996962,0.09305912,0.1376163,-0.03210931,-0.02334258,0.1774607,0.1818465,0.008985117,-0.02926223,0.1837574,0.1862896,-0.0425836,-0.06202437,0.1232772,0.1444218,-0.2745509,0.2544904,-0.1888595,0.9078483,49.58065,-0.6547859,0.6069429,-0.4504174,21.07086,0.00366368,-0.06232108,0.1125318,0.1286886,0.8493367,0.1383226,0.3048328,0.4081311,131.825,0.9303483,0.1515161,0.3339085,1.293723,False,True,False,-0.1050962,0.588241,0.1266745,0.6108348,-0.08870637,-0.2342185,-0.324304,-0.912195,311.6209,-0.2164857,-0.5716045,-0.7914559,0.01328467,0.5850129,0.1823068,0.6129048,0.009220153,0.5426181,0.215245,0.5838234,-0.04056967,0.5585935,0.1697565,0.5852264,0.06131145,-0.05314284,0.1123772,0.138607,0.01704319,-0.07458387,0.1412508,0.1606394,0.009714748,-0.04759036,0.07336697,0.08798824,0.06135997,-0.05295494,0.1124205,0.1385917,0.01712953,-0.07471166,0.1410622,0.1605422,0.009722977,-0.04741275,0.07323372,0.08778202,0.02578774,-0.05797635,0.1061721,0.1236883,-0.8776267,-0.1758813,0.4253708,0.1337792,164.6239,-0.8855871,-0.1774767,0.4292291,17.79944,0,0,0,0,0,0,0,0,0,1,0,0,0.3680782,False,True,False,-0.000134185,0.9789729,0.2538422,1.011348,0.3912403,-0.6630538,-0.0338717,0.6372939,100.8193,0.507695,-0.8604151,-0.04395379,0.05013419,0.02102715,0.04615784,0.07131706,0.05951442,0.3261873,0.9098992,0.2492858,151.1295,0.06145454,0.3368207,0.9395612,0.01396565,1.100159,-0.03652051,1.100854,0.03750361,0.04131939,-0.01603515,0.9983131,6.656863,0.6459536,0.7116758,-0.2761858,False
1773055712162,2.902863,0.03316098,0.8188241,0.2518414,0.8573195,0.2519989,-0.4276863,-0.8645774,0.07801858,171.0506,0.2527693,-0.4289939,-0.8672208,0.04210052,0.9486474,0.2535975,0.9828612,-0.02338164,0.9600002,0.3322835,1.016149,-0.06171793,0.9523861,0.3213762,1.007041,-0.05703673,-0.08485697,0.09248453,0.1378669,-0.03229693,-0.02182055,0.1780373,0.1822539,0.009752968,-0.02252779,0.1869358,0.1885408,-0.06115388,-0.08101779,0.09293884,0.1376274,-0.03214894,-0.02301087,0.1775838,0.1819315,0.009147137,-0.02772851,0.1844662,0.1867628,-0.04179887,-0.06239799,0.1232768,0.1443531,-0.2796294,0.2485974,-0.1801171,0.9097057,49.07056,-0.6733946,0.5986642,-0.4337523,21.1619,0.00366368,-0.06232108,0.1125318,0.1286886,0.8493367,0.1383226,0.3048328,0.4081311,131.825,0.9303483,0.1515161,0.3339085,1.26187,False,True,False,-0.1050688,0.5883349,0.1266262,0.6109105,-0.08899432,-0.2342775,-0.324272,-0.9121633,311.6121,-0.2171509,-0.5716497,-0.7912413,0.01334892,0.584998,0.1821864,0.6128561,0.009267539,0.5426747,0.2152207,0.5838678,-0.04046519,0.558594,0.1697089,0.5852058,0.06129647,-0.05321719,0.1123573,0.1386127,0.01702661,-0.07453699,0.141326,0.160682,0.009708303,-0.04766954,0.07343535,0.08808739,0.06134674,-0.05300965,0.1124074,0.138596,0.01710807,-0.07467527,0.1411172,0.1605713,0.009719922,-0.04746627,0.07327573,0.08784564,0.02577795,-0.05800538,0.1062172,0.1237385,-0.8776686,-0.175006,0.4257442,0.1334643,164.6603,-0.8855914,-0.1765858,0.4295875,17.79015,0,0,0,0,0,0,0,0,0,1,0,0,0.3692694,False,True,False,-0.000134185,0.9789729,0.2538422,1.011348,0.3912403,-0.6630538,-0.0338717,0.6372939,100.8193,0.507695,-0.8604151,-0.04395379,0.05013419,0.02102715,0.04615784,0.07131706,0.05951442,0.3261873,0.9098992,0.2492858,151.1295,0.06145454,0.3368207,0.9395612,0.01423113,1.100241,-0.03645178,1.100937,0.03756099,0.04140992,-0.01653872,0.998299,6.684686,0.6442534,0.7102711,-0.2836753,False
1773055712177,2.916864,0.02933162,0.8153403,0.2597484,0.8562181,0.2642562,-0.4366393,-0.8578509,0.06005497,173.1141,0.2647341,-0.4374288,-0.8594021,0.03981564,0.9448029,0.2574687,0.9800652,-0.02658956,0.9587393,0.3368211,1.016532,-0.06509522,0.9518705,0.3239526,1.007591,-0.05428705,-0.08716673,0.09161458,0.1376167,-0.0329048,-0.02156604,0.1780577,0.1823523,0.009789726,-0.02255148,0.1869406,0.1885503,-0.05965515,-0.08232965,0.09266126,0.137561,-0.03230905,-0.02269572,0.1776852,0.1820192,0.009283085,-0.02654858,0.185018,0.1871435,-0.04080093,-0.06296732,0.1232182,0.1442648,-0.2848561,0.2412385,-0.1732255,0.9114022,48.60029,-0.6922103,0.586218,-0.4209441,21.4466,0.00366368,-0.06232108,0.1125318,0.1286886,0.8493367,0.1383226,0.3048328,0.4081311,131.825,0.9303483,0.1515161,0.3339085,1.286904,False,True,False,-0.1050378,0.588432,0.1265729,0.6109876,-0.08930763,-0.2343197,-0.3242307,-0.9121365,311.6046,-0.2178838,-0.5716697,-0.7910254,0.01341702,0.5849766,0.1820602,0.6127998,0.009316996,0.5427281,0.2151947,0.5839087,-0.04033635,0.5585752,0.1696795,0.5851704,0.06128151,-0.05329513,0.1123359,0.1386188,0.01701082,-0.07448776,0.1414057,0.1607276,0.00969661,-0.04776856,0.07353772,0.08822503,0.0613331,-0.0530694,0.1123924,0.1386008,0.01708773,-0.07463608,0.1411775,0.160604,0.009715054,-0.04752947,0.0733305,0.08792494,0.02576945,-0.05803923,0.1062709,0.1237987,-0.8776798,-0.1740658,0.4262182,0.133107,164.7017,-0.8855598,-0.1756286,0.4300448,17.77797,0,0,0,0,0,0,0,0,0,1,0,0,0.3725991,False,True,False,-0.000134185,0.9789729,0.2538422,1.011348,0.3912403,-0.6630538,-0.0338717,0.6372939,100.8193,0.507695,-0.8604151,-0.04395379,0.05013419,0.02102715,0.04615784,0.07131706,0.05951442,0.3261873,0.9098992,0.2492858,151.1295,0.06145454,0.3368207,0.9395612,0.0145064,1.100261,-0.03640248,1.100959,0.03774334,0.04148599,-0.01717761,0.9982781,6.725565,0.6434497,0.7072545,-0.2928445,False
1773055712190,2.930847,0.02625184,0.815556,0.2640962,0.8576524,0.2753853,-0.4579951,-0.8438752,0.04772846,174.5286,0.2756995,-0.4585176,-0.844838,0.03959523,0.9439465,0.2535945,0.9782193,-0.02899956,0.9634458,0.332885,1.019746,-0.0667165,0.9576992,0.3162792,1.010778,-0.05250761,-0.08965091,0.08960016,0.1371952,-0.03343661,-0.02193517,0.1779934,0.1824303,0.009709748,-0.02562918,0.1862219,0.1882279,-0.05811271,-0.08387611,0.09202247,0.1374061,-0.03254763,-0.02253045,0.177751,0.1821054,0.009373197,-0.02634047,0.1852852,0.1873827,-0.03984032,-0.06388962,0.1228916,0.1441231,-0.2888603,0.2328566,-0.1720547,0.912543,48.28165,-0.706293,0.5693583,-0.4206914,21.97401,0.00366368,-0.06232108,0.1125318,0.1286886,0.8493367,0.1383226,0.3048328,0.4081311,131.825,0.9303483,0.1515161,0.3339085,1.294917,False,True,False,-0.1050245,0.5885711,0.1265155,0.6111074,-0.08954648,-0.2343534,-0.3242994,-0.9120799,311.5888,-0.2183994,-0.5715764,-0.7909502,0.01346575,0.5850209,0.1819338,0.6128056,0.009351142,0.5428565,0.215175,0.5840213,-0.04021952,0.5586172,0.1696579,0.5851962,0.06126227,-0.05338404,0.1123113,0.1386245,0.01699178,-0.07443906,0.141483,0.160771,0.009683267,-0.04786706,0.07364558,0.0883668,0.06131831,-0.05313519,0.1123755,0.1386057,0.01706769,-0.07459494,0.1412414,0.1606388,0.009708423,-0.0476,0.07339631,0.08801723,0.02576148,-0.05807737,0.1063315,0.123867,-0.8776652,-0.1730586,0.4267752,0.1327306,164.7452,-0.8855001,-0.1746034,0.430585,17.76293,0,0,0,0,0,0,0,0,0,1,0,0,0.3757927,False,True,False,-0.000134185,0.9789729,0.2538422,1.011348,0.3912403,-0.6630538,-0.0338717,0.6372939,100.8193,0.507695,-0.8604151,-0.04395379,0.05013419,0.02102715,0.04615784,0.07131706,0.05951442,0.3261873,0.9098992,0.2492858,151.1295,0.06145454,0.3368207,0.9395612,0.01480085,1.100506,-0.03600459,1.101194,0.03750551,0.04152676,-0.01792046,0.9982724,6.73685,0.6383234,0.706763,-0.3049964,False
1773055712204,2.94461,0.02367395,0.8152099,0.2685425,0.8586283,0.286141,-0.4745592,-0.831673,0.0351683,175.9692,0.2863182,-0.4748529,-0.8321878,0.03961192,0.9423571,0.2520167,0.9762778,-0.03058558,0.9665632,0.3303909,1.021929,-0.06770254,0.961267,0.3111192,1.012627,-0.05078894,-0.09146181,0.08825632,0.1368721,-0.03399549,-0.02243751,0.1778916,0.1824954,0.00967569,-0.02751537,0.1857257,0.188002,-0.05656692,-0.08544501,0.09124405,0.1372084,-0.03285027,-0.02251056,0.1777806,0.1821862,0.009436247,-0.02660128,0.1853813,0.1875177,-0.03890035,-0.06491587,0.1224687,0.1439649,-0.2917678,0.2245759,-0.1725652,0.9135965,47.98561,-0.7175406,0.5522965,-0.4243872,22.58588,0.00366368,-0.06232108,0.1125318,0.1286886,0.8493367,0.1383226,0.3048328,0.4081311,131.825,0.9303483,0.1515161,0.3339085,1.296407,False,True,False,-0.1050095,0.5887156,0.1264537,0.6112311,-0.08979624,-0.2343724,-0.3243749,-0.9120237,311.5731,-0.2189418,-0.5714485,-0.790893,0.01351675,0.5850645,0.1818022,0.6128093,0.009386212,0.5429896,0.215156,0.5841386,-0.04008611,0.5586509,0.1696488,0.5852166,0.06124222,-0.05347878,0.1122848,0.1386306,0.01697276,-0.07438789,0.1415645,0.1608171,0.009666227,-0.04797919,0.07377695,0.08853518,0.06130262,-0.05320615,0.1123568,0.1386108,0.0170481,-0.07455224,0.1413081,0.1606756,0.00969973,-0.04767825,0.07347485,0.08812408,0.02575451,-0.05811987,0.1063998,0.1239441,-0.8776168,-0.1719983,0.4274261,0.1323342,164.791,-0.8854038,-0.1735244,0.4312186,17.74475,0,0,0,0,0,0,0,0,0,1,0,0,0.379968,False,True,False,-0.000134185,0.9789729,0.2538422,1.011348,0.3912403,-0.6630538,-0.0338717,0.6372939,100.8193,0.507695,-0.8604151,-0.04395379,0.05013419,0.02102715,0.04615784,0.07131706,0.05951442,0.3261873,0.9098992,0.2492858,151.1295,0.06145454,0.3368207,0.9395612,0.01505927,1.10085,-0.03567908,1.101531,0.03655807,0.04131345,-0.01837659,0.9983081,6.666855,0.6287236,0.7105064,-0.3160395,False
1773055712217,2.958312,0.02268995,0.8170291,0.2683905,0.8602818,0.2893623,-0.4809122,-0.8269585,0.03365404,176.1428,0.2895263,-0.4811848,-0.8274272,0.03945107,0.943289,0.2484619,0.9762602,-0.03092222,0.9701914,0.3258961,1.023932,-0.06728385,0.9650155,0.3048525,1.014257,-0.04999281,-0.09273905,0.08689798,0.1365689,-0.03421662,-0.02454887,0.1774522,0.1823807,0.009543763,-0.03120319,0.1846316,0.1874928,-0.0551957,-0.08694766,0.09034524,0.136999,-0.03313492,-0.02294304,0.1777119,0.1822246,0.00945856,-0.02760937,0.1852191,0.1875043,-0.03808877,-0.06609436,0.1219242,0.1438219,-0.2925138,0.2176753,-0.1744817,0.9146636,47.68402,-0.7236571,0.5385123,-0.4316545,23.14915,0.00366368,-0.06232108,0.1125318,0.1286886,0.8493367,0.1383226,0.3048328,0.4081311,131.825,0.9303483,0.1515161,0.3339085,1.294804,False,True,False,-0.1050114,0.5888678,0.1263946,0.6113659,-0.0900871,-0.2343484,-0.3243355,-0.9120151,311.5707,-0.2196408,-0.5713634,-0.7907602,0.01353955,0.5850773,0.1816959,0.6127905,0.009385288,0.5430956,0.2151413,0.5842318,-0.03998416,0.5586753,0.1696366,0.5852294,0.06120737,-0.05356771,0.1122696,0.1386373,0.01695295,-0.07433698,0.1416424,0.1608601,0.009650714,-0.04808988,0.0738988,0.08869501,0.06128304,-0.05328057,0.1123389,0.1386162,0.01702854,-0.074508,0.1413768,0.1607135,0.009689667,-0.04776292,0.07356204,0.08824149,0.02574663,-0.05816547,0.1064732,0.1240268,-0.8775556,-0.1709094,0.4281187,0.1319114,164.8399,-0.8852917,-0.1724161,0.4318928,17.72326,0,0,0,0,0,0,0,0,0,1,0,0,0.3830326,False,True,False,-0.000134185,0.9789729,0.2538422,1.011348,0.3912403,-0.6630538,-0.0338717,0.6372939,100.8193,0.507695,-0.8604151,-0.04395379,0.05013419,0.02102715,0.04615784,0.07131706,0.05951442,0.3261873,0.9098992,0.2492858,151.1295,0.06145454,0.3368207,0.9395612,0.01524462,1.101107,-0.03528586,1.101777,0.03553898,0.04102851,-0.01841447,0.9983559,6.571855,0.6200209,0.7157926,-0.3212629,False
1773055712232,2.972172,0.02177158,0.8181137,0.2689424,0.8614604,0.2936153,-0.4871209,-0.8219431,0.03021304,176.5373,0.2937493,-0.4873434,-0.8223185,0.03954588,0.9434422,0.2460011,0.9757887,-0.03107779,0.9728583,0.3225108,1.025394,-0.06697982,0.9675946,0.3002006,1.015306,-0.04910588,-0.09386018,0.08573894,0.1362802,-0.03452349,-0.0261502,0.1770645,0.1822842,0.009466287,-0.03358515,0.183832,0.1871144,-0.05392324,-0.08839425,0.08938008,0.1367847,-0.0334269,-0.0236258,0.1775755,0.1822322,0.009460176,-0.02891641,0.1849179,0.1874041,-0.03734363,-0.06731459,0.121319,0.1436805,-0.2921272,0.2117107,-0.1761858,0.9158596,47.34379,-0.7275922,0.5273013,-0.4388204,23.66891,0.00366368,-0.06232108,0.1125318,0.1286886,0.8493367,0.1383226,0.3048328,0.4081311,131.825,0.9303483,0.1515161,0.3339085,1.292706,False,True,False,-0.1050129,0.5890249,0.1263322,0.6115046,-0.09039243,-0.2343068,-0.3242852,-0.9120135,311.5702,-0.2203833,-0.571257,-0.7906308,0.01356094,0.5850856,0.1815893,0.6127673,0.009381078,0.543201,0.2151264,0.5843241,-0.03988076,0.5586981,0.1696242,0.5852405,0.06116973,-0.05365934,0.112255,0.1386443,0.01693327,-0.07428452,0.1417221,0.160904,0.009634549,-0.04820387,0.07402493,0.08886016,0.06125955,-0.05335925,0.1123215,0.138622,0.01700878,-0.07446164,0.1414485,0.160753,0.009678248,-0.04785447,0.07365814,0.08836991,0.0257377,-0.05821444,0.1065522,0.1241157,-0.8774827,-0.1697778,0.428857,0.1314586,164.8922,-0.8851644,-0.171264,0.4326113,17.69847,0,0,0,0,0,0,0,0,0,1,0,0,0.385776,False,True,False,-0.000134185,0.9789729,0.2538422,1.011348,0.3912403,-0.6630538,-0.0338717,0.6372939,100.8193,0.507695,-0.8604151,-0.04395379,0.05013419,0.02102715,0.04615784,0.07131706,0.05951442,0.3261873,0.9098992,0.2492858,151.1295,0.06145454,0.3368207,0.9395612,0.01554752,1.101295,-0.03490041,1.101957,0.03470036,0.04043202,-0.01843301,0.9984094,6.463963,0.6154833,0.7171464,-0.3269479,False
1773055712246,2.985992,0.02073652,0.8189352,0.2700178,0.8625511,0.2988994,-0.4938458,-0.8161722,0.02526679,177.1043,0.2989949,-0.4940035,-0.8164329,0.03971606,0.9432139,0.2440739,0.9750907,-0.03122051,0.9752098,0.3196354,1.026731,-0.06672044,0.9698043,0.2960925,1.01619,-0.04806141,-0.09494689,0.08466317,0.1359877,-0.03489983,-0.02744371,0.1767144,0.1822063,0.0094123,-0.03544825,0.183153,0.1867892,-0.05270924,-0.08977013,0.08839032,0.1365642,-0.03373598,-0.02443196,0.1773949,0.1822196,0.00945019,-0.03032717,0.1845376,0.1872516,-0.0366352,-0.06851071,0.1206961,0.1435389,-0.2911172,0.2063813,-0.1773787,0.9171665,46.96941,-0.7305246,0.5178897,-0.4451112,24.15559,0.00366368,-0.06232108,0.1125318,0.1286886,0.8493367,0.1383226,0.3048328,0.4081311,131.825,0.9303483,0.1515161,0.3339085,1.290836,False,True,False,-0.1050143,0.5891867,0.1262666,0.6116471,-0.09071174,-0.234248,-0.3242245,-0.9120185,311.5716,-0.2211678,-0.5711291,-0.7905042,0.01358095,0.5850897,0.1814826,0.61274,0.009373739,0.5433052,0.2151116,0.5844154,-0.03977615,0.5587192,0.1696117,0.5852498,0.0611295,-0.05375339,0.1122408,0.1386515,0.01691349,-0.07423081,0.1418037,0.160949,0.009617663,-0.04832102,0.07415503,0.08903027,0.06123264,-0.05344095,0.1123048,0.1386281,0.01698906,-0.07441387,0.1415221,0.1607935,0.009665725,-0.04795114,0.07376109,0.08850671,0.02572783,-0.05826588,0.1066352,0.1242091,-0.8774004,-0.1686193,0.4296271,0.1309839,164.9471,-0.8850252,-0.1700846,0.4333606,17.671,0,0,0,0,0,0,0,0,0,1,0,0,0.3883445,False,True,False,-0.000134185,0.9789729,0.2538422,1.011348,0.3912403,-0.6630538,-0.0338717,0.6372939,100.8193,0.507695,-0.8604151,-0.04395379,0.05013419,0.02102715,0.04615784,0.07131706,0.05951442,0.3261873,0.9098992,0.2492858,151.1295,0.06145454,0.3368207,0.9395612,0.01571649,1.101328,-0.03457737,1.101983,0.03439816,0.0400849,-0.01836561,0.9984351,6.411536,0.615109,0.7167994,-0.3284144,False
1773055712260,2.999876,0.02011675,0.8234512,0.2676756,0.8660986,0.2981744,-0.4954233,-0.8154702,0.02561656,177.0642,0.2982723,-0.4955859,-0.8157378,0.03904067,0.9474493,0.240799,0.9783499,-0.03152971,0.9800011,0.3167517,1.030402,-0.06557042,0.9751408,0.2903744,1.019567,-0.04762981,-0.09522901,0.08444072,0.1358948,-0.03497726,-0.02753413,0.1766865,0.1822077,0.009240107,-0.03877703,0.1817996,0.1861186,-0.05165231,-0.09092531,0.08755628,0.1363872,-0.03399742,-0.0250863,0.177246,0.1822122,0.00940625,-0.03213798,0.1839488,0.1869719,-0.03606105,-0.06958651,0.1201788,0.1434769,-0.2895814,0.2016375,-0.1823154,0.9177397,46.80431,-0.7290891,0.5076697,-0.4590218,24.6441,0.00366368,-0.06232108,0.1125318,0.1286886,0.8493367,0.1383226,0.3048328,0.4081311,131.825,0.9303483,0.1515161,0.3339085,1.282023,False,True,False,-0.1049993,0.589371,0.1262141,0.6118113,-0.09101367,-0.2343017,-0.3242134,-0.9119785,311.5605,-0.2218558,-0.5711362,-0.7903057,0.01362326,0.5851274,0.1813744,0.6127449,0.009405695,0.5434464,0.2150681,0.5845312,-0.03969587,0.5588179,0.1695414,0.5853183,0.0610742,-0.05384942,0.1122327,0.1386578,0.01689449,-0.07419053,0.1418645,0.160982,0.009613511,-0.0483921,0.07420155,0.08910716,0.06119973,-0.05352595,0.1122899,0.1386342,0.01696941,-0.07436746,0.1415933,0.1608326,0.009654892,-0.04804287,0.07385271,0.08863158,0.02571338,-0.05831605,0.1067102,0.124294,-0.8773692,-0.1674489,0.4302824,0.1305424,164.9981,-0.8849418,-0.1688941,0.4339962,17.64338,0,0,0,0,0,0,0,0,0,1,0,0,0.3848355,False,True,False,-0.000134185,0.9789729,0.2538422,1.011348,0.3912403,-0.6630538,-0.0338717,0.6372939,100.8193,0.507695,-0.8604151,-0.04395379,0.05013419,0.02102715,0.04615784,0.07131706,0.05951442,0.3261873,0.9098992,0.2492858,151.1295,0.06145454,0.3368207,0.9395612,0.01597142,1.101284,-0.03436381,1.101935,0.03492945,0.04006365,-0.01887599,0.998408,6.46687,0.6192739,0.7102996,-0.3346576,False
1773055712273,3.013827,0.01924358,0.8276941,0.2660913,0.8696277,0.2982524,-0.4972579,-0.8143391,0.02513713,177.1192,0.2983466,-0.4974151,-0.8145965,0.03830438,0.9512841,0.2380766,0.981371,-0.03204948,0.9846113,0.3143115,1.034059,-0.06487677,0.9800215,0.2857222,1.022882,-0.04709495,-0.09565583,0.08403547,0.1357569,-0.03504725,-0.02778551,0.176619,0.1821939,0.009093478,-0.04142472,0.1805955,0.1855085,-0.05069635,-0.09193314,0.0868085,0.136226,-0.03421932,-0.0256555,0.177114,0.1822046,0.00934065,-0.0341126,0.1832294,0.1866117,-0.03556839,-0.07055734,0.1197246,0.1434484,-0.2876815,0.1974415,-0.1886782,0.9179634,46.73973,-0.7252502,0.4977535,-0.4756611,25.10836,0.00366368,-0.06232108,0.1125318,0.1286886,0.8493367,0.1383226,0.3048328,0.4081311,131.825,0.9303483,0.1515161,0.3339085,1.290774,False,True,False,-0.1049831,0.5895606,0.1261598,0.61198,-0.09132476,-0.2343554,-0.3241999,-0.9119384,311.5493,-0.2225658,-0.5711431,-0.7901012,0.01366618,0.5851645,0.1812652,0.612749,0.009439021,0.5435898,0.2150202,0.5846474,-0.03961354,0.5589197,0.1694686,0.5853888,0.06101483,-0.05394765,0.1122258,0.1386643,0.01687552,-0.07415111,0.1419241,0.1610144,0.009609225,-0.04846429,0.07424885,0.08918529,0.06116118,-0.05361405,0.1122765,0.1386404,0.01694984,-0.07432234,0.1416624,0.1608705,0.009645381,-0.04813088,0.07393543,0.08874719,0.02569487,-0.05836547,0.1067787,0.1243722,-0.8773805,-0.1662683,0.4308417,0.1301289,165.0459,-0.8849049,-0.1676942,0.4345366,17.61526,0,0,0,0,0,0,0,0,0,1,0,0,0.3822183,False,True,False,-0.000134185,0.9789729,0.2538422,1.011348,0.3912403,-0.6630538,-0.0338717,0.6372939,100.8193,0.507695,-0.8604151,-0.04395379,0.05013419,0.02102715,0.04615784,0.07131706,0.05951442,0.3261873,0.9098992,0.2492858,151.1295,0.06145454,0.3368207,0.9395612,0.01632041,1.101225,-0.03415406,1.101875,0.03564475,0.04033475,-0.01955936,0.9983587,6.566371,0.6223858,0.7042769,-0.3415221,False
1773055712287,3.027779,0.01766659,0.8337817,0.2602306,0.8736269,0.297296,-0.4979097,-0.8142523,0.02634867,176.9803,0.2973993,-0.4980827,-0.8145351,0.03661232,0.9572799,0.231849,0.9856365,-0.03342413,0.990875,0.307985,1.038174,-0.06582055,0.9862769,0.2785718,1.026975,-0.04707274,-0.09570903,0.08394484,0.1357306,-0.03509358,-0.02815849,0.1765185,0.1821626,0.009030466,-0.04277508,0.1799597,0.1851938,-0.04993386,-0.09273918,0.08619946,0.136104,-0.03440407,-0.02618155,0.1769888,0.1821926,0.009275643,-0.03593606,0.1825317,0.1862667,-0.03518037,-0.07134902,0.1193813,0.1434581,-0.2856565,0.1943181,-0.1945127,0.9180446,46.71627,-0.7204864,0.4901115,-0.4906024,25.48557,0.00366368,-0.06232108,0.1125318,0.1286886,0.8493367,0.1383226,0.3048328,0.4081311,131.825,0.9303483,0.1515161,0.3339085,1.284353,False,True,False,-0.1049701,0.5896727,0.1261306,0.6120797,-0.09164541,-0.2343812,-0.3242988,-0.9118645,311.5286,-0.2232579,-0.5709774,-0.790026,0.01371015,0.58517,0.1811762,0.612729,0.009476021,0.5436761,0.2149978,0.5847201,-0.03953802,0.5589633,0.1694163,0.5854102,0.06098082,-0.05403203,0.1122124,0.1386713,0.01686056,-0.07410938,0.1419836,0.161046,0.009607185,-0.04852579,0.07428745,0.08925064,0.06112357,-0.0537014,0.1122632,0.1386468,0.01693122,-0.07427792,0.1417294,0.1609071,0.009637425,-0.04821338,0.07400896,0.08885233,0.02567589,-0.05841234,0.1068413,0.124444,-0.8774152,-0.1650936,0.43134,0.1297401,165.0909,-0.8848942,-0.1665009,0.4350168,17.5892,0,0,0,0,0,0,0,0,0,1,0,0,0.3794585,False,True,False,-0.000134185,0.9789729,0.2538422,1.011348,0.3912403,-0.6630538,-0.0338717,0.6372939,100.8193,0.507695,-0.8604151,-0.04395379,0.05013419,0.02102715,0.04615784,0.07131706,0.05951442,0.3261873,0.9098992,0.2492858,151.1295,0.06145454,0.3368207,0.9395612,0.01662585,1.101144,-0.0339399,1.101792,0.03611841,0.04084826,-0.02016609,0.9983087,6.665563,0.6212829,0.7026424,-0.3468826,False
1773055712301,3.041581,0.01620943,0.8383769,0.2564122,0.8768614,0.2963465,-0.4990675,-0.8138486,0.02758673,176.8384,0.2964593,-0.4992575,-0.8141584,0.0351287,0.9616627,0.2273599,0.9887981,-0.03460068,0.9957545,0.3033513,1.041512,-0.06652237,0.9910755,0.2731225,1.030171,-0.04698939,-0.09587859,0.08369802,0.1356689,-0.03512689,-0.02870551,0.1763716,0.1821122,0.008952067,-0.04427809,0.1792224,0.1848279,-0.04931828,-0.09340438,0.08567158,0.1360011,-0.03455545,-0.02670577,0.1768603,0.1821725,0.009208465,-0.03766113,0.1818352,0.1859226,-0.03487311,-0.07202485,0.119097,0.1434846,-0.2834761,0.1920474,-0.1998138,0.9180596,46.71191,-0.7150501,0.4844271,-0.5040174,25.7912,0.00366368,-0.06232108,0.1125318,0.1286886,0.8493367,0.1383226,0.3048328,0.4081311,131.825,0.9303483,0.1515161,0.3339085,1.279879,False,True,False,-0.1049564,0.5897837,0.1261014,0.6121783,-0.09199915,-0.2344048,-0.3244192,-0.91178,311.505,-0.2240172,-0.5707738,-0.7899582,0.01375608,0.5851743,0.1810847,0.612707,0.00951694,0.5437587,0.2149688,0.5847869,-0.0394605,0.5590053,0.1693601,0.5854288,0.06094699,-0.05411633,0.1121989,0.1386784,0.0168463,-0.07406779,0.142042,0.1610769,0.009605326,-0.04858673,0.07432528,0.08931506,0.06108706,-0.05378738,0.1122499,0.1386533,0.01691367,-0.07423446,0.1417942,0.1609423,0.009630796,-0.04829071,0.07407448,0.08894815,0.02565678,-0.05845671,0.1068985,0.12451,-0.8774677,-0.1639342,0.4317849,0.1293749,165.1331,-0.8849047,-0.1653236,0.4354445,17.56498,0,0,0,0,0,0,0,0,0,1,0,0,0.3773608,False,True,False,-0.000134185,0.9789729,0.2538422,1.011348,0.3912403,-0.6630538,-0.0338717,0.6372939,100.8193,0.507695,-0.8604151,-0.04395379,0.05013419,0.02102715,0.04615784,0.07131706,0.05951442,0.3261873,0.9098992,0.2492858,151.1295,0.06145454,0.3368207,0.9395612,0.01684719,1.101127,-0.03371181,1.101772,0.03658564,0.04155405,-0.02061887,0.9982533,6.773947,0.6192611,0.7033581,-0.349002,False
1773055712315,3.055703,0.01487408,0.8419199,0.253949,0.8795115,0.2954966,-0.5007845,-0.8130624,0.02874148,176.706,0.2956187,-0.5009915,-0.8133985,0.03388039,0.964856,0.2239066,0.9910748,-0.03559116,0.9996766,0.2997487,1.044255,-0.06697207,0.9948492,0.2686645,1.032662,-0.04683893,-0.09617191,0.08328204,0.1355685,-0.03515255,-0.0293636,0.1761908,0.1820471,0.008858013,-0.04591293,0.1783819,0.1844087,-0.04878974,-0.09400181,0.08515785,0.1358994,-0.03468271,-0.02726611,0.1767185,0.1821422,0.009134437,-0.03940762,0.1810988,0.1855618,-0.03461681,-0.07265691,0.1188247,0.1435154,-0.2810194,0.1903184,-0.2049965,0.9180323,46.7198,-0.7087403,0.4799892,-0.5170079,26.056,0.00366368,-0.06232108,0.1125318,0.1286886,0.8493367,0.1383226,0.3048328,0.4081311,131.825,0.9303483,0.1515161,0.3339085,1.279323,False,True,False,-0.1049419,0.589894,0.1260724,0.6122761,-0.09241259,-0.2344272,-0.3245723,-0.911678,311.4765,-0.2248999,-0.5705136,-0.7898951,0.01380535,0.5851763,0.1809879,0.6126814,0.009564176,0.543834,0.2149286,0.5848429,-0.03937973,0.5590444,0.1692971,0.5854424,0.06091361,-0.05420043,0.1121855,0.1386857,0.01683261,-0.07402663,0.1420996,0.1611073,0.009603653,-0.04864695,0.07436257,0.08937868,0.06105055,-0.05387454,0.1122363,0.1386601,0.0168966,-0.07419068,0.1418585,0.160977,0.009625087,-0.04836586,0.07413524,0.08903894,0.02563711,-0.05850024,0.1069527,0.124573,-0.8775355,-0.162757,0.4321983,0.1290203,165.174,-0.8849318,-0.1641288,0.435841,17.5416,0,0,0,0,0,0,0,0,0,1,0,0,0.3755836,False,True,False,-0.000134185,0.9789729,0.2538422,1.011348,0.3912403,-0.6630538,-0.0338717,0.6372939,100.8193,0.507695,-0.8604151,-0.04395379,0.05013419,0.02102715,0.04615784,0.07131706,0.05951442,0.3261873,0.9098992,0.2492858,151.1295,0.06145454,0.3368207,0.9395612,0.01695601,1.101178,-0.03347326,1.101817,0.03691664,0.04224956,-0.02081297,0.9982079,6.861477,0.6169035,0.7060204,-0.3477996,False
1773055712329,3.069463,0.01415906,0.8455672,0.250412,0.881981,0.292405,-0.5023608,-0.8131548,0.0302045,176.5383,0.2925385,-0.5025901,-0.813526,0.03315233,0.9683737,0.2198402,0.9935675,-0.03463274,1.00434,0.292621,1.046673,-0.06598952,0.998731,0.2630181,1.03489,-0.04683571,-0.09614901,0.08330871,0.1355675,-0.03482744,-0.033028,0.1750918,0.1815514,0.008648203,-0.04814379,0.1769781,0.1836133,-0.04838128,-0.09445596,0.08476832,0.1358247,-0.0347129,-0.02845657,0.1763819,0.1820037,0.009033901,-0.04123392,0.1802423,0.1851193,-0.03438615,-0.07334702,0.1185495,0.1435833,-0.2775289,0.1906395,-0.2067629,0.9186313,46.54641,-0.7023986,0.48249,-0.5232968,26.00444,0.00366368,-0.06232108,0.1125318,0.1286886,0.8493367,0.1383226,0.3048328,0.4081311,131.825,0.9303483,0.1515161,0.3339085,1.288788,False,True,False,-0.104983,0.589969,0.1261353,0.6123683,-0.09284569,-0.234411,-0.3245769,-0.9116365,311.465,-0.2259033,-0.5703465,-0.7897295,0.01379914,0.5851257,0.1809812,0.612631,0.009530045,0.5438311,0.2149668,0.5848536,-0.03936355,0.5590241,0.1693342,0.5854328,0.06090075,-0.05427383,0.1121663,0.1386933,0.01681819,-0.0739954,0.1421349,0.1611226,0.009600614,-0.0487109,0.0744055,0.08944888,0.06101964,-0.0539571,0.1122219,0.1386669,0.01688043,-0.07415038,0.1419156,0.1610071,0.009620045,-0.04843717,0.07419108,0.08912363,0.02562078,-0.05854167,0.1070018,0.1246312,-0.8775893,-0.1616527,0.4326018,0.1286895,165.2123,-0.8849477,-0.1630081,0.4362291,17.52047,0,0,0,0,0,0,0,0,0,1,0,0,0.374673,False,True,False,-0.000134185,0.9789729,0.2538422,1.011348,0.3912403,-0.6630538,-0.0338717,0.6372939,100.8193,0.507695,-0.8604151,-0.04395379,0.05013419,0.02102715,0.04615784,0.07131706,0.05951442,0.3261873,0.9098992,0.2492858,151.1295,0.06145454,0.3368207,0.9395612,0.01714013,1.101176,-0.03327407,1.101812,0.03726784,0.04267782,-0.02120632,0.9981683,6.936738,0.6160215,0.7054461,-0.3505314,False
1773055712343,3.083338,0.01337004,0.848535,0.2479494,0.8841206,0.2892741,-0.5043702,-0.8129832,0.03145814,176.3946,0.2894174,-0.50462,-0.8133857,0.03243087,0.9711724,0.216751,0.9955946,-0.03394097,1.008032,0.2872863,1.04872,-0.06505499,1.001929,0.2583637,1.036747,-0.04683161,-0.09612539,0.08333661,0.1355665,-0.03459224,-0.03566973,0.1741495,0.1810994,0.008443069,-0.05025927,0.1755914,0.1828377,-0.0480551,-0.09481121,0.08446486,0.1357673,-0.03468759,-0.02996716,0.1759181,0.1817923,0.008911042,-0.04314769,0.1792745,0.184609,-0.034182,-0.07405667,0.1182823,0.1436785,-0.2734419,0.1921324,-0.2072224,0.9194421,46.3107,-0.6953817,0.488606,-0.526981,25.78137,0.00366368,-0.06232108,0.1125318,0.1286886,0.8493367,0.1383226,0.3048328,0.4081311,131.825,0.9303483,0.1515161,0.3339085,1.292468,False,True,False,-0.1050268,0.5900413,0.1262036,0.6124595,-0.0933084,-0.2343856,-0.3245769,-0.9115957,311.4536,-0.2269793,-0.5701595,-0.7895562,0.01379109,0.5850691,0.180978,0.6125758,0.009491839,0.5438164,0.2150038,0.5848531,-0.0393506,0.5589969,0.1693749,0.5854177,0.06089075,-0.0543458,0.1121464,0.138701,0.0168041,-0.07396581,0.1421667,0.1611357,0.00959754,-0.0487748,0.07444864,0.08951924,0.06099288,-0.054038,0.1122062,0.138674,0.01686459,-0.07411204,0.1419678,0.1610338,0.009615378,-0.04850741,0.07424465,0.0892059,0.02560703,-0.0585826,0.1070479,0.1246872,-0.8776305,-0.1605819,0.433012,0.1283695,165.2492,-0.8849522,-0.1619215,0.4366245,17.50062,0,0,0,0,0,0,0,0,0,1,0,0,0.3739295,False,True,False,-0.000134185,0.9789729,0.2538422,1.011348,0.3912403,-0.6630538,-0.0338717,0.6372939,100.8193,0.507695,-0.8604151,-0.04395379,0.05013419,0.02102715,0.04615784,0.07131706,0.05951442,0.3261873,0.9098992,0.2492858,151.1295,0.06145454,0.3368207,0.9395612,0.01720527,1.101067,-0.03320127,1.101702,0.03756313,0.04356311,-0.02163737,0.9981098,7.046846,0.6112143,0.7088441,-0.352076,False
1773055712357,3.097272,0.01345985,0.8505092,0.2466664,0.8856587,0.2839988,-0.5043087,-0.8148547,0.0320808,176.3232,0.2841451,-0.5045684,-0.8152744,0.03242727,0.973515,0.2162308,0.9977669,-0.03205083,1.010345,0.2848181,1.050213,-0.06243536,1.004084,0.2555348,1.03797,-0.04706963,-0.09554894,0.0841305,0.1357317,-0.03441721,-0.03760456,0.1732901,0.1806325,0.008112869,-0.05288299,0.1736609,0.1817155,-0.04784703,-0.09496851,0.08439385,0.1357596,-0.03463076,-0.03158285,0.1753711,0.1815262,0.008744679,-0.04523486,0.1781042,0.1839668,-0.03403556,-0.0746555,0.1181748,0.1438651,-0.2689198,0.1949413,-0.2081993,0.9199637,46.15846,-0.6860135,0.4972946,-0.5311157,25.43387,0.00366368,-0.06232108,0.1125318,0.1286886,0.8493367,0.1383226,0.3048328,0.4081311,131.825,0.9303483,0.1515161,0.3339085,1.296813,False,True,False,-0.10512,0.590099,0.1262542,0.6125416,-0.09352533,-0.2343215,-0.3246688,-0.9115573,311.4429,-0.2274598,-0.5698854,-0.7896159,0.01372726,0.5850445,0.1809766,0.6125504,0.009398922,0.5438579,0.2150788,0.5849176,-0.0393867,0.5589833,0.1694244,0.5854214,0.06088496,-0.05443101,0.1121188,0.1387096,0.01679284,-0.07393096,0.1422095,0.1611563,0.009592698,-0.04884599,0.07449182,0.08959343,0.0609704,-0.05412008,0.112188,0.1386814,0.01684964,-0.0740743,0.1420183,0.1610593,0.009610659,-0.0485781,0.07429623,0.08928676,0.02559555,-0.05862408,0.1070921,0.1247423,-0.8776613,-0.1594997,0.4334434,0.1280527,165.2858,-0.8849466,-0.1608237,0.4370414,17.48227,0,0,0,0,0,0,0,0,0,1,0,0,0.3736325,False,True,False,-0.000134185,0.9789729,0.2538422,1.011348,0.3912403,-0.6630538,-0.0338717,0.6372939,100.8193,0.507695,-0.8604151,-0.04395379,0.05013419,0.02102715,0.04615784,0.07131706,0.05951442,0.3261873,0.9098992,0.2492858,151.1295,0.06145454,0.3368207,0.9395612,0.01745516,1.101057,-0.03297247,1.101689,0.03790586,0.04417585,-0.02177858,0.9980668,7.126417,0.6099142,0.7107998,-0.3504225,False
1773055712371,3.111014,0.01333304,0.8523391,0.2456166,0.887123,0.2787222,-0.504424,-0.8165908,0.03239897,176.2867,0.2788686,-0.504689,-0.8170198,0.03224534,0.9757063,0.215955,0.9998396,-0.03038774,1.01249,0.2826551,1.051643,-0.0601531,1.00608,0.2531241,1.039176,-0.04726704,-0.0949358,0.08497926,0.1358987,-0.03423844,-0.03935891,0.1724719,0.1801886,0.007815019,-0.05517711,0.1718809,0.1806893,-0.04772598,-0.09496163,0.08451654,0.1357885,-0.0345493,-0.03322013,0.1747725,0.1812255,0.008553253,-0.04735836,0.1768133,0.1832455,-0.0339265,-0.07514094,0.1182029,0.1441149,-0.2642026,0.1987543,-0.2094221,0.920237,46.07849,-0.6750858,0.5078535,-0.5351116,24.99987,0.00366368,-0.06232108,0.1125318,0.1286886,0.8493367,0.1383226,0.3048328,0.4081311,131.825,0.9303483,0.1515161,0.3339085,1.297989,False,True,False,-0.1052186,0.5901536,0.1263082,0.6126222,-0.09373172,-0.2342462,-0.3247696,-0.9115195,311.4324,-0.2279153,-0.5695862,-0.7897001,0.01365796,0.5850206,0.1809794,0.6125269,0.00929901,0.5438988,0.2151594,0.5849838,-0.03942839,0.5589672,0.1694792,0.5854248,0.06088199,-0.05451684,0.1120895,0.1387183,0.01678221,-0.07389668,0.142251,0.161176,0.009587622,-0.0489181,0.07453521,0.08966828,0.06095218,-0.05420204,0.1121678,0.138689,0.01683575,-0.07403769,0.1420663,0.1610834,0.009605919,-0.04864831,0.07434555,0.0893655,0.02558637,-0.05866554,0.1071341,0.1247959,-0.8776805,-0.1584237,0.4338902,0.127743,165.3216,-0.8849304,-0.1597324,0.4374743,17.46551,0,0,0,0,0,0,0,0,0,1,0,0,0.3736226,False,True,False,-0.000134185,0.9789729,0.2538422,1.011348,0.3912403,-0.6630538,-0.0338717,0.6372939,100.8193,0.507695,-0.8604151,-0.04395379,0.05013419,0.02102715,0.04615784,0.07131706,0.05951442,0.3261873,0.9098992,0.2492858,151.1295,0.06145454,0.3368207,0.9395612,0.01741078,1.100994,-0.0328729,1.101623,0.03810643,0.04501166,-0.02203313,0.9980162,7.219119,0.6052767,0.7149582,-0.3499708,False
1773055712385,3.124938,0.01414121,0.8530017,0.2448453,0.887559,0.2736756,-0.5061566,-0.8173214,0.02988353,176.5751,0.2737979,-0.5063827,-0.8176866,0.0325931,0.9777434,0.2182535,1.002337,-0.02498372,1.0137,0.2739753,1.050368,-0.05409467,1.006464,0.2479397,1.037965,-0.0478995,-0.09242852,0.08832156,0.1365214,-0.0331861,-0.04720985,0.1682865,0.1779057,0.006980242,-0.05972004,0.167482,0.1779478,-0.04776252,-0.09442517,0.08531818,0.1359285,-0.03426386,-0.03623149,0.173411,0.1804387,0.008225976,-0.05004965,0.1748405,0.1820489,-0.03376794,-0.07562699,0.1184862,0.1445638,-0.2569117,0.2078146,-0.2063883,0.920985,45.85899,-0.6594275,0.5334077,-0.5297466,23.78483,0.00366368,-0.06232108,0.1125318,0.1286886,0.8493367,0.1383226,0.3048328,0.4081311,131.825,0.9303483,0.1515161,0.3339085,1.299896,False,True,False,-0.1052658,0.5902431,0.1263977,0.612735,-0.0939216,-0.2342334,-0.3248431,-0.9114771,311.4206,-0.2283248,-0.5694248,-0.7896982,0.01364605,0.5850349,0.1810053,0.6125479,0.009258948,0.5439748,0.2152634,0.585092,-0.03941295,0.5589851,0.1695635,0.5854651,0.06088025,-0.0546011,0.1120607,0.1387274,0.01677003,-0.0738669,0.1422895,0.1611951,0.009582493,-0.04899411,0.07457839,0.0897451,0.0609372,-0.05428535,0.1121455,0.138697,0.01682207,-0.07400211,0.1421129,0.1611067,0.009601047,-0.04872046,0.07439411,0.08944467,0.02557904,-0.05870843,0.1071752,0.1248498,-0.8776884,-0.157342,0.43436,0.1274284,165.358,-0.8849024,-0.1586352,0.4379301,17.44977,0,0,0,0,0,0,0,0,0,1,0,0,0.3736232,False,True,False,-0.000134185,0.9789729,0.2538422,1.011348,0.3912403,-0.6630538,-0.0338717,0.6372939,100.8193,0.507695,-0.8604151,-0.04395379,0.05013419,0.02102715,0.04615784,0.07131706,0.05951442,0.3261873,0.9098992,0.2492858,151.1295,0.06145454,0.3368207,0.9395612,0.01737025,1.100978,-0.03275021,1.101602,0.03782389,0.04549975,-0.0219759,0.9980061,7.237539,0.5992633,0.7208759,-0.3481754,False
1773055712399,3.138896,0.01472851,0.8538013,0.244111,0.888135,0.2688569,-0.5080193,-0.8178614,0.02711283,176.8927,0.2689557,-0.5082061,-0.8181622,0.03310464,0.9792191,0.2191759,1.003994,-0.02081726,1.014443,0.268331,1.049538,-0.049252,1.00699,0.2440882,1.03732,-0.04792088,-0.09087741,0.09040932,0.1368538,-0.03245436,-0.05177547,0.1652338,0.1761709,0.006362769,-0.0627896,0.1641518,0.1758659,-0.0477959,-0.09367609,0.08638632,0.1360965,-0.03388513,-0.03962433,0.1716786,0.1794208,0.00783686,-0.05285181,0.1725556,0.1806382,-0.033544,-0.07608122,0.1188371,0.1450373,-0.2485888,0.2189108,-0.2019781,0.9216759,45.65533,-0.6407578,0.5642605,-0.5206149,22.3093,0.00366368,-0.06232108,0.1125318,0.1286886,0.8493367,0.1383226,0.3048328,0.4081311,131.825,0.9303483,0.1515161,0.3339085,1.29998,False,True,False,-0.1053139,0.5903324,0.1264925,0.6128488,-0.09410077,-0.2342205,-0.3249198,-0.9114345,311.4087,-0.228708,-0.5692632,-0.7897039,0.01363413,0.5850526,0.1810355,0.6125735,0.009218037,0.5440528,0.2153728,0.5852042,-0.0393976,0.559003,0.1696539,0.5855075,0.06088096,-0.0546856,0.1120306,0.1387366,0.01675817,-0.07383817,0.1423266,0.1612135,0.009577113,-0.04907147,0.07462181,0.08982285,0.06092547,-0.05436908,0.1121215,0.1387053,0.01680875,-0.07396789,0.1421575,0.161129,0.00959606,-0.04879386,0.07444169,0.08952369,0.02557359,-0.05875229,0.107215,0.1249036,-0.8776847,-0.1562664,0.4348484,0.127112,165.3945,-0.8848622,-0.1575443,0.4384044,17.43512,0,0,0,0,0,0,0,0,0,1,0,0,0.3736554,False,True,False,-0.000134185,0.9789729,0.2538422,1.011348,0.3912403,-0.6630538,-0.0338717,0.6372939,100.8193,0.507695,-0.8604151,-0.04395379,0.05013419,0.02102715,0.04615784,0.07131706,0.05951442,0.3261873,0.9098992,0.2492858,151.1295,0.06145454,0.3368207,0.9395612,0.01727688,1.101045,-0.03262598,1.101664,0.03728953,0.04597695,-0.02196779,0.9980046,7.240352,0.5905674,0.7281532,-0.3479117,False
1773055712412,3.152765,0.01519726,0.8547652,0.2433471,0.8888601,0.264317,-0.5099527,-0.8182298,0.0241823,177.2286,0.2643943,-0.5101019,-0.8184692,0.03359661,0.9805935,0.2194358,1.005408,-0.01719075,1.015126,0.2637036,1.048959,-0.04495136,1.007619,0.2406896,1.036942,-0.04762219,-0.08975837,0.09200599,0.1370749,-0.03183798,-0.05516205,0.1626176,0.1746453,0.005829303,-0.06524825,0.1612354,0.174035,-0.0477595,-0.09285717,0.0875521,0.1362674,-0.03345989,-0.04303557,0.1697542,0.1782922,0.007418979,-0.05558449,0.1701265,0.1791304,-0.03324754,-0.07650682,0.1191818,0.1454751,-0.2398254,0.2307957,-0.19703,0.9221694,45.50936,-0.6200463,0.5967008,-0.5094028,20.7785,0.00366368,-0.06232108,0.1125318,0.1286886,0.8493367,0.1383226,0.3048328,0.4081311,131.825,0.9303483,0.1515161,0.3339085,1.299988,False,True,False,-0.1053626,0.5904216,0.1265922,0.6129637,-0.09426961,-0.2342076,-0.3249997,-0.911392,311.3969,-0.2290658,-0.5691012,-0.789717,0.01362229,0.5850736,0.1810699,0.6126035,0.009176306,0.5441329,0.2154872,0.5853201,-0.03938232,0.5590212,0.1697501,0.5855516,0.06088401,-0.05477042,0.1119994,0.1387463,0.01674659,-0.07381053,0.1423623,0.1612311,0.009571537,-0.04915017,0.07466542,0.08990149,0.06091687,-0.05445262,0.1120962,0.1387138,0.01679585,-0.07393521,0.1422001,0.1611502,0.009590976,-0.04886798,0.0744882,0.08960222,0.02556997,-0.05879682,0.1072536,0.1249569,-0.8776692,-0.1552048,0.4353518,0.1267957,165.4311,-0.8848105,-0.1564677,0.4388942,17.42155,0,0,0,0,0,0,0,0,0,1,0,0,0.3737551,False,True,False,-0.000134185,0.9789729,0.2538422,1.011348,0.3912403,-0.6630538,-0.0338717,0.6372939,100.8193,0.507695,-0.8604151,-0.04395379,0.05013419,0.02102715,0.04615784,0.07131706,0.05951442,0.3261873,0.9098992,0.2492858,151.1295,0.06145454,0.3368207,0.9395612,0.01720256,1.101094,-0.03249411,1.101708,0.03706076,0.04637717,-0.02175795,0.9979991,7.250189,0.5861474,0.7334945,-0.3441205,False
1773055712427,3.166914,0.01572797,0.8545905,0.2431144,0.8886377,0.2590568,-0.5097913,-0.8200599,0.02245365,177.4268,0.2591222,-0.5099199,-0.8202667,0.03102783,0.9815497,0.2214818,1.006706,-0.01352276,1.014033,0.2596098,1.046825,-0.04124528,1.006772,0.2393776,1.03566,-0.04528095,-0.08756388,0.09570208,0.1373924,-0.03106143,-0.05908537,0.1591821,0.1726118,0.005266073,-0.06689353,0.1585742,0.1721866,-0.04723106,-0.09173981,0.08928048,0.1364477,-0.03295477,-0.04665098,0.1674546,0.1769276,0.006962898,-0.05813045,0.1675879,0.1775199,-0.03253524,-0.07673355,0.119873,0.1460004,-0.2303456,0.2433831,-0.1897369,0.9228789,45.29869,-0.59816,0.6320158,-0.4927076,18.97247,0.00366368,-0.06232108,0.1125318,0.1286886,0.8493367,0.1383226,0.3048328,0.4081311,131.825,0.9303483,0.1515161,0.3339085,1.299996,False,True,False,-0.1053623,0.5905225,0.1266516,0.6130732,-0.09442271,-0.2342481,-0.3250261,-0.9113562,311.3869,-0.2293937,-0.5690903,-0.7896294,0.01365979,0.5851001,0.1810633,0.6126276,0.009193599,0.5442234,0.2155581,0.5854306,-0.03931234,0.5590436,0.1698039,0.585584,0.06087905,-0.05485028,0.1119754,0.1387562,0.0167379,-0.07378456,0.1424039,0.161255,0.009564505,-0.04923557,0.07471266,0.08998668,0.06090889,-0.0545367,0.1120707,0.1387227,0.01678364,-0.07390343,0.1422431,0.1611723,0.009585401,-0.04894568,0.0745356,0.08968341,0.02556697,-0.0588432,0.1072929,0.1250118,-0.8776462,-0.1541497,0.4358707,0.1264584,165.47,-0.8847491,-0.1553973,0.4393983,17.40807,0,0,0,0,0,0,0,0,0,1,0,0,0.3741651,False,True,False,-0.000134185,0.9789729,0.2538422,1.011348,0.3912403,-0.6630538,-0.0338717,0.6372939,100.8193,0.507695,-0.8604151,-0.04395379,0.05013419,0.02102715,0.04615784,0.07131706,0.05951442,0.3261873,0.9098992,0.2492858,151.1295,0.06145454,0.3368207,0.9395612,0.01701253,1.10114,-0.03236089,1.101747,0.03665512,0.04631683,-0.02125367,0.9980278,7.198041,0.5839258,0.7378395,-0.3385766,False
1773055712441,3.18052,0.0161764,0.8545356,0.2428636,0.8885244,0.2540619,-0.5097574,-0.821691,0.0205865,177.6408,0.2541158,-0.5098655,-0.8218652,0.02948713,0.9821227,0.2228012,1.007509,-0.01021803,1.012907,0.256068,1.044823,-0.03766194,1.006054,0.238067,1.034524,-0.04342261,-0.08600396,0.09816559,0.1375452,-0.03035101,-0.06227625,0.1559649,0.1706592,0.004631488,-0.06842351,0.1560112,0.1704193,-0.04644157,-0.09056502,0.09112259,0.1366096,-0.03242175,-0.05009659,0.1650103,0.1754686,0.006483154,-0.06038805,0.1651016,0.1759185,-0.03162933,-0.07686887,0.120605,0.1464745,-0.2207015,0.255587,-0.1815297,0.9235871,45.08747,-0.57566,0.6666526,-0.4734877,17.171,0.00366368,-0.06232108,0.1125318,0.1286886,0.8493367,0.1383226,0.3048328,0.4081311,131.825,0.9303483,0.1515161,0.3339085,1.299997,False,True,False,-0.1053597,0.5906242,0.1267128,0.6131833,-0.09456545,-0.2342952,-0.3250486,-0.9113213,311.3772,-0.2296974,-0.5690979,-0.7895358,0.01370023,0.5851292,0.1810576,0.6126546,0.009214461,0.5443164,0.2156303,0.5855439,-0.03923871,0.5590661,0.1698599,0.5856167,0.06087501,-0.05492965,0.1119512,0.1387664,0.01672991,-0.07375961,0.1424451,0.1612792,0.009557062,-0.04932293,0.07476058,0.09007349,0.06090197,-0.05461727,0.1120463,0.1387317,0.01677266,-0.07387401,0.1422845,0.1611942,0.009579615,-0.04902299,0.07458167,0.08976328,0.02556475,-0.0588891,0.107331,0.1250657,-0.8776167,-0.1531514,0.4363805,0.1261178,165.5094,-0.8846806,-0.1543842,0.439893,17.3953,0,0,0,0,0,0,0,0,0,1,0,0,0.3747953,False,True,False,-0.000134185,0.9789729,0.2538422,1.011348,0.3912403,-0.6630538,-0.0338717,0.6372939,100.8193,0.507695,-0.8604151,-0.04395379,0.05013419,0.02102715,0.04615784,0.07131706,0.05951442,0.3261873,0.9098992,0.2492858,151.1295,0.06145454,0.3368207,0.9395612,0.01675288,1.101175,-0.03221457,1.101773,0.03658448,0.04599113,-0.02088111,0.9980533,7.151321,0.5866061,0.737435,-0.3348138,False
1773055712454,3.194486,0.01704312,0.8540316,0.2425145,0.8879604,0.2508258,-0.5087243,-0.8233388,0.0199841,177.7098,0.2508759,-0.5088258,-0.8235032,0.02988987,0.9819502,0.2238544,1.007586,-0.008168701,1.011858,0.2553095,1.043603,-0.03460979,1.004994,0.2373277,1.033216,-0.04316529,-0.08504502,0.09921333,0.1376197,-0.03016682,-0.0630933,0.1547909,0.1698559,0.003872505,-0.06951278,0.154118,0.1691135,-0.04574687,-0.08940475,0.09284642,0.1367715,-0.03194954,-0.05303807,0.162777,0.1741555,0.005933668,-0.06243608,0.162679,0.17435,-0.0308552,-0.07692242,0.1212531,0.1468721,-0.2110464,0.2676186,-0.1745909,0.9237736,45.0317,-0.5511228,0.6988544,-0.4559236,15.59227,0.00366368,-0.06232108,0.1125318,0.1286886,0.8493367,0.1383226,0.3048328,0.4081311,131.825,0.9303483,0.1515161,0.3339085,1.299971,False,True,False,-0.1053721,0.590667,0.1267017,0.6132244,-0.09481189,-0.2342156,-0.3250515,-0.9113151,311.3755,-0.2302883,-0.5688857,-0.7895167,0.01371418,0.5850731,0.181002,0.6125849,0.009200558,0.5443153,0.2156468,0.5855488,-0.03919107,0.5590086,0.1698419,0.5855534,0.06087053,-0.05500518,0.1119294,0.1387767,0.01672127,-0.07373083,0.1424951,0.1613093,0.009550984,-0.04941376,0.0748041,0.09015872,0.06089541,-0.05469846,0.1120219,0.1387411,0.01676194,-0.07384411,0.1423285,0.1612182,0.009573647,-0.04910475,0.07462816,0.08984594,0.02556275,-0.05893691,0.1073706,0.1251217,-0.8775857,-0.1521439,0.4369039,0.1257399,165.553,-0.8846066,-0.1533611,0.4403992,17.38293,0,0,0,0,0,0,0,0,0,1,0,0,0.3752123,False,True,False,-0.000134185,0.9789729,0.2538422,1.011348,0.3912403,-0.6630538,-0.0338717,0.6372939,100.8193,0.507695,-0.8604151,-0.04395379,0.05013419,0.02102715,0.04615784,0.07131706,0.05951442,0.3261873,0.9098992,0.2492858,151.1295,0.06145454,0.3368207,0.9395612,0.0165011,1.101185,-0.03209765,1.101777,0.0364109,0.04558345,-0.02013981,0.9980936,7.0769,0.5899526,0.7385722,-0.326318,False
1773055712467,3.208323,0.01797413,0.853586,0.2420787,0.8874313,0.2478251,-0.5078385,-0.8248093,0.01929644,177.7887,0.2478713,-0.507933,-0.8249629,0.03030176,0.9818667,0.2250344,1.00778,-0.005915094,1.010664,0.2539122,1.042088,-0.03130772,1.003777,0.2361853,1.031665,-0.04294958,-0.08386926,0.1004249,0.1377094,-0.02988104,-0.06426119,0.1531809,0.1687802,0.003072002,-0.07073123,0.1518776,0.1675684,-0.04515721,-0.0882441,0.09445848,0.1369255,-0.03151879,-0.05556954,0.1606839,0.1729182,0.00533449,-0.06428804,0.1603003,0.1727935,-0.03020016,-0.07690635,0.1218032,0.1471824,-0.2013327,0.2797675,-0.1687826,0.9234217,45.13689,-0.5245953,0.728966,-0.4397821,14.18783,0.00366368,-0.06232108,0.1125318,0.1286886,0.8493367,0.1383226,0.3048328,0.4081311,131.825,0.9303483,0.1515161,0.3339085,1.299889,False,True,False,-0.1053836,0.5907063,0.1266871,0.6132612,-0.09506401,-0.2341242,-0.3250486,-0.9113134,311.375,-0.2308986,-0.5686582,-0.7895023,0.01372802,0.5850115,0.1809453,0.6125097,0.009185895,0.5443074,0.2156619,0.5855467,-0.03914294,0.5589442,0.1698204,0.5854825,0.06086674,-0.05507977,0.1119078,0.1387872,0.01671303,-0.07370229,0.142546,0.1613404,0.009544804,-0.04950662,0.07484759,0.09024506,0.06088947,-0.0547777,0.1119983,0.1387506,0.01675181,-0.07381471,0.1423736,0.1612435,0.009567678,-0.04918823,0.07467369,0.08992876,0.02556107,-0.05898506,0.1074104,0.1251783,-0.8775538,-0.1511597,0.4374247,0.1253383,165.5994,-0.8845292,-0.1523612,0.4409016,17.37132,0,0,0,0,0,0,0,0,0,1,0,0,0.3756889,False,True,False,-0.000134185,0.9789729,0.2538422,1.011348,0.3912403,-0.6630538,-0.0338717,0.6372939,100.8193,0.507695,-0.8604151,-0.04395379,0.05013419,0.02102715,0.04615784,0.07131706,0.05951442,0.3261873,0.9098992,0.2492858,151.1295,0.06145454,0.3368207,0.9395612,0.01622236,1.101163,-0.0320329,1.101748,0.0364908,0.04487748,-0.01949911,0.9981354,6.998894,0.597827,0.7352256,-0.319453,False
1773055712482,3.222434,0.01885168,0.8532548,0.2416117,0.8870036,0.2448947,-0.507031,-0.826198,0.01852138,177.8775,0.2449367,-0.5071179,-0.8263397,0.03055269,0.9818996,0.2263269,1.008109,-0.003531285,1.009319,0.2518924,1.040282,-0.02795814,1.002479,0.2348377,1.029998,-0.04266642,-0.08252858,0.1017682,0.1377975,-0.02946839,-0.06582282,0.1510393,0.1673736,0.002279565,-0.07197405,0.1493813,0.1658319,-0.04462355,-0.08702163,0.09604494,0.1370717,-0.03108453,-0.05792305,0.1585378,0.1716262,0.004683612,-0.0660319,0.1578465,0.1711656,-0.02958873,-0.07683781,0.1222707,0.1474099,-0.190911,0.2929021,-0.163282,0.922551,45.39616,-0.4947481,0.7590594,-0.4231472,12.84421,0.00366368,-0.06232108,0.1125318,0.1286886,0.8493367,0.1383226,0.3048328,0.4081311,131.825,0.9303483,0.1515161,0.3339085,1.299801,False,True,False,-0.1053942,0.5907425,0.1266693,0.6132941,-0.09532158,-0.2340214,-0.32504,-0.911316,311.3757,-0.2315273,-0.5684164,-0.7894922,0.01374172,0.584945,0.1808877,0.6124294,0.009170495,0.544293,0.2156757,0.5855382,-0.03909436,0.5588733,0.1697958,0.5854044,0.06086357,-0.05515347,0.1118865,0.138798,0.01670519,-0.073674,0.1425979,0.1613725,0.009538474,-0.04960148,0.07489108,0.09033251,0.06088402,-0.054857,0.1119748,0.1387606,0.01674201,-0.07378509,0.1424209,0.1612707,0.009561541,-0.04927541,0.0747195,0.09001385,0.0255597,-0.05903472,0.1074516,0.1252367,-0.8775197,-0.150174,0.4379566,0.1249043,165.6496,-0.884446,-0.1513593,0.4414134,17.36015,0,0,0,0,0,0,0,0,0,1,0,0,0.3760669,False,True,False,-0.000134185,0.9789729,0.2538422,1.011348,0.3912403,-0.6630538,-0.0338717,0.6372939,100.8193,0.507695,-0.8604151,-0.04395379,0.05013419,0.02102715,0.04615784,0.07131706,0.05951442,0.3261873,0.9098992,0.2492858,151.1295,0.06145454,0.3368207,0.9395612,0.0159394,1.101125,-0.03201234,1.101705,0.03686193,0.04443726,-0.01867762,0.9981571,6.957931,0.6074598,0.7322961,-0.3077946,False
1773055712495,3.236156,0.02132881,0.8525909,0.2400065,0.885985,0.2418301,-0.5042815,-0.8287267,0.02075045,177.622,0.2418821,-0.50439,-0.8289051,0.03258137,0.9813632,0.2254602,1.007456,-0.0007864181,1.007864,0.2504436,1.038514,-0.0246773,1.001334,0.2339951,1.028607,-0.04262539,-0.08244897,0.1018526,0.1377995,-0.02930903,-0.0664275,0.1498532,0.1665161,0.001562458,-0.07247085,0.1482906,0.1650593,-0.04420456,-0.08606189,0.09728188,0.1372022,-0.03071627,-0.05983526,0.1566399,0.1704694,0.004031798,-0.06746158,0.1557375,0.1697689,-0.02914017,-0.07684793,0.1225035,0.147519,-0.1817962,0.3039942,-0.1590693,0.9215394,45.69569,-0.4682027,0.7829146,-0.4096711,11.74439,0.00366368,-0.06232108,0.1125318,0.1286886,0.8493367,0.1383226,0.3048328,0.4081311,131.825,0.9303483,0.1515161,0.3339085,1.299128,False,True,False,-0.1053891,0.5908,0.1266357,0.6133418,-0.09555357,-0.2339692,-0.3249347,-0.9113426,311.3831,-0.2321241,-0.5683711,-0.7893496,0.01376817,0.5848882,0.1808148,0.6123543,0.009171829,0.5442888,0.2156577,0.5855277,-0.03903225,0.5588183,0.1697567,0.5853364,0.06085312,-0.05521877,0.1118709,0.1388067,0.01670114,-0.0736536,0.142639,0.1613991,0.009531031,-0.04969499,0.07493698,0.09042115,0.06087767,-0.05493168,0.1119534,0.1387701,0.0167336,-0.07375801,0.1424658,0.1612971,0.009555269,-0.04936201,0.07476433,0.09009781,0.0255583,-0.05908352,0.1074914,0.1252936,-0.877483,-0.1492628,0.438466,0.1244659,165.7002,-0.8843599,-0.1504326,0.4419023,17.3488,0,0,0,0,0,0,0,0,0,1,0,0,0.3765159,False,True,False,-0.000134185,0.9789729,0.2538422,1.011348,0.3912403,-0.6630538,-0.0338717,0.6372939,100.8193,0.507695,-0.8604151,-0.04395379,0.05013419,0.02102715,0.04615784,0.07131706,0.05951442,0.3261873,0.9098992,0.2492858,151.1295,0.06145454,0.3368207,0.9395612,0.01570666,1.101018,-0.0320366,1.101596,0.03703774,0.04409176,-0.01821105,0.9981746,6.924873,0.6132676,0.7300674,-0.3015369,False
1773055712510,3.250014,0.02363459,0.8520907,0.2384368,0.885138,0.2384441,-0.5013229,-0.8314372,0.0230628,177.357,0.2385075,-0.5014563,-0.8316585,0.034369,0.9810606,0.2250222,1.007123,0.001840161,1.006487,0.2490381,1.036841,-0.02133585,1.000059,0.2329556,1.027055,-0.04266351,-0.0820905,0.1021691,0.1378316,-0.02913091,-0.06705265,0.1485476,0.1655629,0.0008530454,-0.07313546,0.1467127,0.1639333,-0.04387893,-0.08522001,0.09833284,0.1373214,-0.0303846,-0.06146985,0.154853,0.1693553,0.003361538,-0.06873009,0.1537249,0.1684235,-0.02880626,-0.07687905,0.1225891,0.1475407,-0.1733112,0.3145252,-0.1558631,0.9201869,46.09317,-0.4427084,0.8034271,-0.3981388,10.78467,0.00366368,-0.06232108,0.1125318,0.1286886,0.8493367,0.1383226,0.3048328,0.4081311,131.825,0.9303483,0.1515161,0.3339085,1.297661,False,True,False,-0.1053824,0.5908562,0.1265984,0.613387,-0.095787,-0.2339137,-0.3248132,-0.9113756,311.3923,-0.2327325,-0.5683371,-0.7891947,0.01379503,0.5848272,0.1807403,0.6122746,0.009173572,0.544279,0.2156357,0.5855104,-0.0389666,0.5587555,0.1697139,0.5852597,0.06084235,-0.05528222,0.1118562,0.1388155,0.01669787,-0.07363445,0.1426795,0.1614258,0.009523233,-0.04979408,0.0749843,0.09051402,0.06087035,-0.05500461,0.1119333,0.1387795,0.01672619,-0.07373238,0.1425102,0.1613239,0.009548631,-0.04945189,0.07481002,0.09018429,0.02555696,-0.05913353,0.1075315,0.1253513,-0.877442,-0.1483911,0.4389752,0.1240022,165.7537,-0.8842667,-0.1495453,0.4423895,17.33685,0,0,0,0,0,0,0,0,0,1,0,0,0.3771203,False,True,False,-0.000134185,0.9789729,0.2538422,1.011348,0.3912403,-0.6630538,-0.0338717,0.6372939,100.8193,0.507695,-0.8604151,-0.04395379,0.05013419,0.02102715,0.04615784,0.07131706,0.05951442,0.3261873,0.9098992,0.2492858,151.1295,0.06145454,0.3368207,0.9395612,0.0154983,1.100881,-0.03209037,1.101458,0.03747596,0.04380419,-0.0177624,0.998179,6.916613,0.6212651,0.7261726,-0.2944598,False
1773055712524,3.264041,0.02709858,0.852887,0.2347708,0.8850242,0.2313825,-0.4861731,-0.8418711,0.03675634,175.7871,0.231539,-0.4865018,-0.8424403,0.03448381,0.982406,0.2248469,1.008398,0.002625046,1.005792,0.2497252,1.036333,-0.01989033,0.999128,0.233629,1.026272,-0.04260544,-0.08203482,0.1022369,0.1378308,-0.02899319,-0.06750373,0.1475238,0.1648048,0.0002988686,-0.07415897,0.1448453,0.1627261,-0.04360734,-0.08453745,0.09918105,0.1374229,-0.03009053,-0.06284726,0.1532164,0.1683166,0.002708524,-0.0699541,0.1517213,0.1670936,-0.02856084,-0.07696679,0.1225386,0.1474969,-0.1655553,0.3246456,-0.1543731,0.9183494,46.62809,-0.4183113,0.8202872,-0.3900569,9.985942,0.00366368,-0.06232108,0.1125318,0.1286886,0.8493367,0.1383226,0.3048328,0.4081311,131.825,0.9303483,0.1515161,0.3339085,1.297056,False,True,False,-0.1053945,0.5908307,0.1265891,0.6133627,-0.09600721,-0.2339594,-0.3247945,-0.9113474,311.3845,-0.2332322,-0.568362,-0.7890294,0.01381243,0.5847282,0.1806731,0.6121607,0.009182185,0.5442142,0.2156083,0.5854403,-0.03890113,0.5586213,0.1696777,0.5851167,0.06083756,-0.05533437,0.1118414,0.1388222,0.01669458,-0.07362258,0.1427066,0.161444,0.009515933,-0.04990444,0.07502404,0.09060691,0.06086348,-0.05507388,0.111914,0.1387885,0.01671958,-0.07370938,0.1425514,0.161349,0.009541791,-0.04954695,0.0748549,0.09027293,0.02555672,-0.05918526,0.1075701,0.1254088,-0.8773929,-0.147593,0.4394848,0.1234952,165.8123,-0.8841611,-0.1487315,0.4428749,17.32471,0,0,0,0,0,0,0,0,0,1,0,0,0.3778994,False,True,False,-0.000134185,0.9789729,0.2538422,1.011348,0.3912403,-0.6630538,-0.0338717,0.6372939,100.8193,0.507695,-0.8604151,-0.04395379,0.05013419,0.02102715,0.04615784,0.07131706,0.05951442,0.3261873,0.9098992,0.2492858,151.1295,0.06145454,0.3368207,0.9395612,0.01529239,1.100758,-0.03218426,1.101334,0.03783678,0.04345647,-0.01711726,0.9981918,6.892112,0.6294728,0.7229649,-0.2847719,False
1773055712537,3.277761,0.02997719,0.8536342,0.2316749,0.8850216,0.2247307,-0.4721127,-0.8509945,0.04913504,174.3673,0.2250024,-0.4726835,-0.8520236,0.03437958,0.9835281,0.2252737,1.009583,0.003315242,1.004902,0.2504432,1.035645,-0.01848966,0.9979794,0.2343005,1.025281,-0.04259737,-0.08179633,0.1024563,0.1378494,-0.02883164,-0.06799108,0.1463478,0.163926,-0.0002604622,-0.07511121,0.1427739,0.1613262,-0.04339581,-0.0839598,0.09988046,0.1375084,-0.02982899,-0.06399919,0.151707,0.167334,0.002085605,-0.07109581,0.1497323,0.1657671,-0.02838478,-0.07706951,0.1223955,0.1473977,-0.158535,0.3347042,-0.1541401,0.9160134,47.29988,-0.3952036,0.8343667,-0.3842479,9.314919,0.00366368,-0.06232108,0.1125318,0.1286886,0.8493367,0.1383226,0.3048328,0.4081311,131.825,0.9303483,0.1515161,0.3339085,1.29698,False,True,False,-0.1054065,0.5907987,0.1265785,0.6133317,-0.0962268,-0.2340154,-0.3247759,-0.9113165,311.3759,-0.2337267,-0.5684036,-0.788853,0.01383029,0.5846261,0.1806038,0.6120431,0.009193346,0.5441428,0.215575,0.5853618,-0.03882948,0.5584741,0.1696372,0.5849597,0.06083334,-0.05538349,0.1118276,0.1388288,0.01669183,-0.0736129,0.1427313,0.1614611,0.00950828,-0.05002415,0.07506476,0.0907058,0.06085728,-0.05513777,0.1118963,0.1387968,0.01671387,-0.07368952,0.1425885,0.1613721,0.009534903,-0.04964545,0.07489815,0.09036215,0.02555765,-0.05923767,0.1076066,0.1254651,-0.8773369,-0.1468884,0.4399846,0.122953,165.8749,-0.8840445,-0.1480115,0.4433485,17.31262,0,0,0,0,0,0,0,0,0,1,0,0,0.3791543,False,True,False,-0.000134185,0.9789729,0.2538422,1.011348,0.3912403,-0.6630538,-0.0338717,0.6372939,100.8193,0.507695,-0.8604151,-0.04395379,0.05013419,0.02102715,0.04615784,0.07131706,0.05951442,0.3261873,0.9098992,0.2492858,151.1295,0.06145454,0.3368207,0.9395612,0.01507219,1.100667,-0.03230764,1.101244,0.03799563,0.04328721,-0.01686891,0.9981974,6.881536,0.6330874,0.7212563,-0.2810716,False
1773055712551,3.291647,0.03222816,0.8546293,0.2291892,0.8854138,0.2219408,-0.4636025,-0.8555683,0.06178994,172.9149,0.2223657,-0.4644901,-0.8572063,0.03315614,0.9846502,0.2246663,1.0105,0.002929455,1.004492,0.2496975,1.035066,-0.01666581,0.9954677,0.2318638,1.02225,-0.04224113,-0.08150969,0.1027986,0.1378249,-0.02871846,-0.06836666,0.1453978,0.1632154,-0.001093322,-0.07641734,0.1382388,0.1579582,-0.04315174,-0.08343832,0.1005094,0.1375724,-0.029596,-0.06498392,0.1503064,0.1664057,0.001411252,-0.07228404,0.147142,0.1639443,-0.02826504,-0.07715492,0.1221339,0.1472021,-0.1517676,0.347519,-0.1533431,0.9125146,48.28958,-0.3710301,0.8495883,-0.3748817,8.749341,0.00366368,-0.06232108,0.1125318,0.1286886,0.8493367,0.1383226,0.3048328,0.4081311,131.825,0.9303483,0.1515161,0.3339085,1.299538,False,True,False,-0.1053408,0.5908929,0.1265514,0.6134056,-0.09628023,-0.2340467,-0.3248244,-0.9112856,311.3672,-0.2338177,-0.5683852,-0.78884,0.01391558,0.5846816,0.1805423,0.6120799,0.009272538,0.5442371,0.2155409,0.5854382,-0.0387084,0.5585097,0.1696011,0.5849752,0.06082239,-0.05543485,0.1118153,0.1388346,0.01668845,-0.07361078,0.1427399,0.1614674,0.009502254,-0.05010085,0.07509198,0.09077001,0.06085004,-0.05519967,0.1118794,0.1388047,0.0167086,-0.07367316,0.14262,0.161392,0.009528127,-0.04974037,0.07493848,0.09044703,0.02555816,-0.05928887,0.1076391,0.1255172,-0.877284,-0.1462408,0.4404474,0.1224446,165.9336,-0.8839353,-0.1473496,0.4437867,17.30017,0,0,0,0,0,0,0,0,0,1,0,0,0.3776583,False,True,False,-0.000134185,0.9789729,0.2538422,1.011348,0.3912403,-0.6630538,-0.0338717,0.6372939,100.8193,0.507695,-0.8604151,-0.04395379,0.05013419,0.02102715,0.04615784,0.07131706,0.05951442,0.3261873,0.9098992,0.2492858,151.1295,0.06145454,0.3368207,0.9395612,0.01487159,1.100604,-0.03247378,1.101184,0.0380319,0.04305784,-0.01633297,0.9982148,6.84811,0.6367761,0.7209265,-0.2734664,False
1773055712565,3.305545,0.03410625,0.8554855,0.227088,0.8857695,0.2193757,-0.4562657,-0.8593577,0.0721138,171.7292,0.2199483,-0.4574568,-0.8616009,0.03206092,0.9855286,0.2244948,1.011283,0.002839424,1.003952,0.2489074,1.034352,-0.01510646,0.9934476,0.2300292,1.019843,-0.04186203,-0.08104677,0.1032932,0.137806,-0.02858287,-0.06877597,0.1442944,0.1623822,-0.001768089,-0.07726292,0.1345917,0.1552019,-0.04287902,-0.08292884,0.1011096,0.1376189,-0.02938329,-0.06583692,0.1489707,0.1654997,0.0007355053,-0.07339519,0.1442981,0.161893,-0.02813172,-0.07718729,0.1218551,0.1469623,-0.1451512,0.3623336,-0.1519683,0.908048,49.52605,-0.3465336,0.8650343,-0.3628087,8.251737,0.00366368,-0.06232108,0.1125318,0.1286886,0.8493367,0.1383226,0.3048328,0.4081311,131.825,0.9303483,0.1515161,0.3339085,1.299772,False,True,False,-0.1052695,0.5909907,0.1265223,0.6134815,-0.09630977,-0.2340827,-0.3248825,-0.9112525,311.358,-0.2338478,-0.5683714,-0.7888404,0.01400513,0.5847476,0.1804814,0.612127,0.009357706,0.5443406,0.2155028,0.5855218,-0.03858274,0.5585539,0.1695635,0.5849982,0.06081075,-0.05548426,0.1118037,0.1388399,0.01668543,-0.07361142,0.1427441,0.1614711,0.009496291,-0.05017599,0.07511725,0.09083177,0.06084188,-0.055259,0.1118637,0.138812,0.01670378,-0.07366032,0.1426458,0.1614084,0.009521517,-0.04983123,0.07497569,0.09052715,0.02555829,-0.05933851,0.1076673,0.1255649,-0.8772344,-0.1456553,0.4408712,0.1219715,165.9882,-0.8838335,-0.146751,0.4441877,17.28747,0,0,0,0,0,0,0,0,0,1,0,0,0.3763753,False,True,False,-0.000134185,0.9789729,0.2538422,1.011348,0.3912403,-0.6630538,-0.0338717,0.6372939,100.8193,0.507695,-0.8604151,-0.04395379,0.05013419,0.02102715,0.04615784,0.07131706,0.05951442,0.3261873,0.9098992,0.2492858,151.1295,0.06145454,0.3368207,0.9395612,0.01462496,1.100554,-0.03261108,1.101134,0.03812613,0.04292163,-0.01595868,0.9982232,6.832081,0.6398525,0.7203329,-0.2678268,False
1773055712578,3.319395,0.03576001,0.8562583,0.225218,0.886104,0.2169356,-0.4495965,-0.8626851,0.08109457,170.697,0.2176524,-0.4510822,-0.8655358,0.03108232,0.9862476,0.2246172,1.01198,0.002917416,1.003324,0.2480927,1.033546,-0.01367627,0.9916548,0.2284964,1.017731,-0.04151339,-0.08046583,0.1038719,0.1377951,-0.02843207,-0.06919252,0.1430855,0.1614603,-0.002342005,-0.0778556,0.1313798,0.1527339,-0.04259106,-0.08240537,0.1017034,0.1376525,-0.02918411,-0.06658745,0.1476663,0.1645933,8.241299E-05,-0.07438655,0.1413645,0.1597413,-0.02795342,-0.07715691,0.1216005,0.1467013,-0.1385397,0.3789403,-0.1500705,0.9026017,50.99563,-0.3218286,0.8802807,-0.3486148,7.798985,0.00366368,-0.06232108,0.1125318,0.1286886,0.8493367,0.1383226,0.3048328,0.4081311,131.825,0.9303483,0.1515161,0.3339085,1.299808,False,True,False,-0.1051929,0.5910918,0.1264911,0.6135593,-0.09631632,-0.2341233,-0.3249499,-0.9112173,311.3482,-0.2338195,-0.5683627,-0.7888551,0.01409871,0.5848238,0.1804209,0.6121841,0.009448595,0.544453,0.215461,0.5856123,-0.03845274,0.5586064,0.1695245,0.5850284,0.06079853,-0.05553164,0.1117929,0.1388448,0.01668287,-0.07361461,0.1427441,0.1614723,0.009490372,-0.05024967,0.07514054,0.09089113,0.0608329,-0.05531568,0.111849,0.1388188,0.01669945,-0.07365084,0.1426662,0.1614217,0.009515067,-0.04991827,0.07500991,0.09060274,0.02555813,-0.05938664,0.1076915,0.1256084,-0.8771879,-0.1451308,0.441258,0.1215308,166.0391,-0.8837384,-0.1462145,0.4445532,17.27452,0,0,0,0,0,0,0,0,0,1,0,0,0.3752839,False,True,False,-0.000134185,0.9789729,0.2538422,1.011348,0.3912403,-0.6630538,-0.0338717,0.6372939,100.8193,0.507695,-0.8604151,-0.04395379,0.05013419,0.02102715,0.04615784,0.07131706,0.05951442,0.3261873,0.9098992,0.2492858,151.1295,0.06145454,0.3368207,0.9395612,0.01438126,1.100516,-0.03277892,1.101098,0.03822316,0.04291357,-0.0156471,0.9982247,6.8291,0.641761,0.7205123,-0.2627124,False
1773055712593,3.333275,0.03811926,0.8577472,0.2234379,0.887191,0.2110052,-0.4342892,-0.8702273,0.09784774,168.7695,0.2120226,-0.4363833,-0.8744234,0.02880374,0.9873322,0.2260424,1.013287,0.001972854,1.003019,0.2507861,1.033898,-0.01258598,0.9886026,0.229258,1.014915,-0.04051538,-0.08053774,0.1040286,0.1376582,-0.02844149,-0.06930477,0.1427478,0.161211,-0.002850309,-0.07806571,0.1266372,0.148793,-0.04215236,-0.08200785,0.1022037,0.1376507,-0.02902837,-0.06719416,0.1465752,0.1638352,-0.0005415801,-0.07520396,0.1379945,0.1571573,-0.02769374,-0.0770694,0.121363,0.1464091,-0.1329348,0.3984422,-0.1445335,0.8959254,52.74492,-0.2992649,0.8969792,-0.325376,7.458274,0.00366368,-0.06232108,0.1125318,0.1286886,0.8493367,0.1383226,0.3048328,0.4081311,131.825,0.9303483,0.1515161,0.3339085,1.299946,False,True,False,-0.1052241,0.5910928,0.1264951,0.6135665,-0.09635679,-0.2340364,-0.3249007,-0.911253,311.3582,-0.2339625,-0.5682603,-0.7888868,0.01407266,0.584767,0.1804173,0.6121282,0.009396628,0.5444224,0.215477,0.5855889,-0.03845293,0.5585421,0.1695358,0.5849703,0.060794,-0.05557604,0.111779,0.1388494,0.01667772,-0.0736182,0.1427441,0.1614734,0.009485458,-0.05031522,0.07516466,0.09094681,0.06082482,-0.0553699,0.1118345,0.1388252,0.01669494,-0.07364406,0.1426824,0.1614324,0.009508925,-0.05000098,0.07504209,0.09067433,0.02555846,-0.0594331,0.1077131,0.1256489,-0.8771383,-0.1446519,0.4416254,0.1211249,166.0859,-0.8836443,-0.1457249,0.4449011,17.26206,0,0,0,0,0,0,0,0,0,1,0,0,0.3740453,False,True,False,-0.000134185,0.9789729,0.2538422,1.011348,0.3912403,-0.6630538,-0.0338717,0.6372939,100.8193,0.507695,-0.8604151,-0.04395379,0.05013419,0.02102715,0.04615784,0.07131706,0.05951442,0.3261873,0.9098992,0.2492858,151.1295,0.06145454,0.3368207,0.9395612,0.0141597,1.100502,-0.03298137,1.101088,0.03791024,0.0426763,-0.01514152,0.9982547,6.771287,0.6419339,0.7226375,-0.2563913,False
1773055712607,3.347132,0.04030617,0.8591039,0.2216902,0.8881614,0.2056219,-0.4205801,-0.8764424,0.1126084,167.0686,0.2069382,-0.4232724,-0.8820528,0.02686545,0.988113,0.2271849,1.014249,0.001545019,1.002523,0.252837,1.033916,-0.01151105,0.9860876,0.2298694,1.012591,-0.03948769,-0.08063805,0.1041753,0.1375291,-0.02848694,-0.06947857,0.1421941,0.160804,-0.00326324,-0.07807074,0.1227941,0.1455475,-0.0415893,-0.08171688,0.1026269,0.1376212,-0.02891501,-0.06770176,0.1456056,0.1631582,-0.001120266,-0.07583838,0.1345005,0.1544121,-0.02732612,-0.07693981,0.1211928,0.1461306,-0.1284667,0.4196683,-0.1367694,0.8880703,54.73648,-0.279453,0.9129028,-0.297514,7.182435,-0.01694156,-0.05021789,0.1192849,0.1305287,0.4997015,0.5370507,0.5192137,0.4385114,127.9821,0.5560111,0.5975692,0.5777221,1.299959,True,True,False,-0.1052575,0.5910906,0.1264996,0.613571,-0.09638271,-0.2339374,-0.3248447,-0.9112957,311.3701,-0.2340792,-0.5681503,-0.7889315,0.01404191,0.5847085,0.1804188,0.6120721,0.009338476,0.5443875,0.215495,0.5855621,-0.03845892,0.5584763,0.16955,0.584912,0.06079004,-0.05561842,0.1117652,0.1388535,0.01667248,-0.07362405,0.1427408,0.1614726,0.009480676,-0.0503786,0.0751873,0.09100009,0.06081761,-0.05542158,0.1118201,0.1388311,0.01669029,-0.07363991,0.1426945,0.1614408,0.009503072,-0.05007957,0.07507224,0.09074201,0.02555928,-0.05947794,0.1077321,0.1256865,-0.8770856,-0.1442192,0.4419737,0.1207517,166.129,-0.8835507,-0.1452823,0.4452316,17.25007,0,0,0,0,0,0,0,0,0,1,0,0,0.3729542,False,True,False,-0.000134185,0.9789729,0.2538422,1.011348,0.3912403,-0.6630538,-0.0338717,0.6372939,100.8193,0.507695,-0.8604151,-0.04395379,0.05013419,0.02102715,0.04615784,0.07131706,0.05951442,0.3261873,0.9098992,0.2492858,151.1295,0.06145454,0.3368207,0.9395612,0.01395138,1.100604,-0.03322502,1.101194,0.03737756,0.04250344,-0.01462729,0.9982898,6.70282,0.6393717,0.7270538,-0.2502109,False
1773055712621,3.361043,0.04203375,0.8607869,0.2197731,0.8893936,0.2028368,-0.4150585,-0.8785007,0.1217387,166.0151,0.2043568,-0.4181688,-0.8850839,0.02430746,0.9890265,0.2255684,1.014714,0.001961298,1.00269,0.2508236,1.033588,-0.009223703,0.9841864,0.2265231,1.009961,-0.03682314,-0.08109171,0.1044702,0.1372801,-0.02816464,-0.07039573,0.1404746,0.1596306,-0.003575728,-0.0787122,0.1178129,0.1417331,-0.04057598,-0.08158386,0.1030234,0.137536,-0.02875744,-0.06830042,0.1444671,0.1623659,-0.001644116,-0.07647473,0.130628,0.1513762,-0.02662012,-0.07686342,0.1210603,0.14585,-0.1248834,0.4436718,-0.1272549,0.8782743,57.13021,-0.2611765,0.9278786,-0.2661362,6.873168,-0.01694156,-0.05021789,0.1192849,0.1305287,0.4997015,0.5370507,0.5192137,0.4385114,127.9821,0.5560111,0.5975692,0.5777221,1.3,False,True,False,-0.1052283,0.5911599,0.1264552,0.6136236,-0.09635061,-0.2338641,-0.3248257,-0.9113246,311.3781,-0.2340376,-0.5680607,-0.7890082,0.01406898,0.5847514,0.1803861,0.612104,0.009347416,0.5444449,0.2154713,0.5856069,-0.03838665,0.5584797,0.169521,0.584902,0.06078367,-0.05564291,0.1117619,0.1388579,0.01666437,-0.0736286,0.14274,0.1614732,0.009473686,-0.05045925,0.07521908,0.09107028,0.06081056,-0.05546774,0.111808,0.1388367,0.0166849,-0.07363756,0.142704,0.1614475,0.009496965,-0.05015882,0.07510283,0.09081043,0.02556062,-0.05952201,0.1077508,0.1257237,-0.8770257,-0.1438633,0.4423151,0.1203601,166.1742,-0.8834482,-0.1449168,0.4455541,17.23811,0,0,0,0,0,0,0,0,0,1,0,0,0.3730686,False,True,False,-0.0001341924,0.9789729,0.2538422,1.011348,0.3987612,-0.6686741,-0.005268238,0.6275643,102.2587,0.5121747,-0.8588547,-0.006766602,0.05013419,0.02102715,0.04615784,0.07131707,0.03582489,0.3422148,0.9021218,0.26035,149.8183,0.03710446,0.3544378,0.9343432,0.01364469,1.100915,-0.03354415,1.10151,0.03658614,0.04221935,-0.01414193,0.9983382,6.607269,0.6348726,0.7326246,-0.2454023,False
1773055712634,3.374933,0.04370193,0.8623111,0.2179323,0.890497,0.2001303,-0.4094564,-0.8805394,0.130168,165.0414,0.2018476,-0.4129699,-0.8880954,0.0222933,0.9897488,0.2243415,1.0151,0.002500266,1.002632,0.2488818,1.033063,-0.007188648,0.9824147,0.2240957,1.007675,-0.03464769,-0.08139181,0.1046937,0.1370615,-0.02782658,-0.07127067,0.1386463,0.158356,-0.003857682,-0.07873309,0.1136805,0.1383367,-0.03931218,-0.08154312,0.1033819,0.1374137,-0.02856219,-0.06895807,0.1431768,0.1614639,-0.002115807,-0.07697278,0.1266755,0.1482429,-0.02572879,-0.07680422,0.120899,0.1455247,-0.1226102,0.4701265,-0.1157855,0.866338,59.92832,-0.2454865,0.9412731,-0.2318222,6.519949,-0.01694156,-0.05021789,0.1192849,0.1305287,0.4997015,0.5370507,0.5192137,0.4385114,127.9821,0.5560111,0.5975692,0.5777221,1.3,False,True,False,-0.1051967,0.5912313,0.1264078,0.6136773,-0.09629902,-0.2337847,-0.3248062,-0.9113573,311.3872,-0.2339535,-0.567968,-0.7890999,0.01409575,0.5848017,0.1803562,0.6121439,0.009356149,0.5445065,0.2154469,0.5856554,-0.03831258,0.5584862,0.1694918,0.584895,0.06077742,-0.05566322,0.1117602,0.138862,0.01665585,-0.0736347,0.1427369,0.1614724,0.009466559,-0.05054064,0.07525104,0.09114105,0.06080368,-0.05550846,0.1117981,0.138842,0.01667887,-0.07363696,0.1427108,0.1614527,0.009490654,-0.05023842,0.07513366,0.09087925,0.02556246,-0.05956518,0.1077692,0.1257603,-0.8769596,-0.1435827,0.4426482,0.1199525,166.2213,-0.8833377,-0.144627,0.4458676,17.22618,0,0,0,0,0,0,0,0,0,1,0,0,0.3732044,False,True,False,-0.0001341924,0.9789729,0.2538422,1.011348,0.3987612,-0.6686741,-0.005268238,0.6275643,102.2587,0.5121747,-0.8588547,-0.006766602,0.05013419,0.02102715,0.04615784,0.07131707,0.03582489,0.3422148,0.9021218,0.26035,149.8183,0.03710446,0.3544378,0.9343432,0.01335483,1.100988,-0.03381729,1.101589,0.0360366,0.04177561,-0.01357099,0.9983847,6.514046,0.6342792,0.7352915,-0.2388626,False
1773055712649,3.389036,0.04532436,0.8637215,0.2161495,0.8915098,0.1973311,-0.4035168,-0.8826269,0.1385805,164.0686,0.1992537,-0.4074482,-0.8912262,0.020558,0.9903094,0.2234537,1.015415,0.003009327,1.002411,0.2472208,1.032451,-0.005294763,0.9805742,0.2221972,1.005448,-0.03280582,-0.08158539,0.1048761,0.1368627,-0.02750978,-0.07201415,0.1368794,0.1570949,-0.004123338,-0.07838611,0.109903,0.1350558,-0.03790264,-0.08155218,0.103706,0.1372672,-0.02833874,-0.06964127,0.1417633,0.1604675,-0.002548676,-0.07728712,0.1226967,0.1450319,-0.02474214,-0.07673446,0.1206602,0.145118,-0.1221173,0.4998074,-0.1022898,0.8513617,63.27983,-0.232791,0.952778,-0.1949939,6.130381,-0.01694156,-0.05021789,0.1192849,0.1305287,0.4997015,0.5370507,0.5192137,0.4385114,127.9821,0.5560111,0.5975692,0.5777221,1.299988,False,True,False,-0.1051628,0.5913048,0.1263578,0.6137319,-0.09622855,-0.2336992,-0.3247861,-0.9113939,311.3974,-0.2338283,-0.5678719,-0.7892062,0.01412223,0.5848591,0.1803294,0.6121914,0.009364575,0.544572,0.2154219,0.5857072,-0.03823695,0.5584958,0.1694627,0.5848908,0.06077126,-0.05567961,0.1117603,0.1388658,0.0166469,-0.07364239,0.1427316,0.1614702,0.009459251,-0.05062263,0.07528321,0.09121234,0.06079686,-0.05554453,0.1117901,0.138847,0.01667215,-0.0736381,0.1427152,0.1614564,0.009484056,-0.0503195,0.07516515,0.09094942,0.02556482,-0.05960813,0.1077874,0.1257967,-0.8768863,-0.1433708,0.4429778,0.1195239,166.2708,-0.8832179,-0.1444061,0.4461764,17.21412,0,0,0,0,0,0,0,0,0,1,0,0,0.3732786,False,True,False,-0.0001341924,0.9789729,0.2538422,1.011348,0.3987612,-0.6686741,-0.005268238,0.6275643,102.2587,0.5121747,-0.8588547,-0.006766602,0.05013419,0.02102715,0.04615784,0.07131707,0.03582489,0.3422148,0.9021218,0.26035,149.8183,0.03710446,0.3544378,0.9343432,0.01309121,1.101024,-0.03409015,1.101629,0.035449,0.04107185,-0.01324522,0.9984393,6.40298,0.6347474,0.7354299,-0.237168,False
1773055712663,3.402858,0.04646195,0.8667604,0.2136583,0.8939139,0.1801826,-0.3958451,-0.8851262,0.1655071,160.9466,0.1827023,-0.4013806,-0.897504,0.01485816,0.9914358,0.2219309,1.01608,0.001692925,1.002069,0.2429066,1.031091,-0.006887771,0.9805135,0.2210746,1.005151,-0.0297125,-0.08181854,0.1051877,0.1365341,-0.02651875,-0.07413597,0.1324994,0.1541281,-0.004222669,-0.07866102,0.1075723,0.1333311,-0.03614675,-0.08160826,0.104022,0.1370659,-0.02795807,-0.07062975,0.1397094,0.159025,-0.00290378,-0.07758696,0.1191507,0.1422148,-0.02353953,-0.07686441,0.1200594,0.144487,-0.1219955,0.5284432,-0.08930907,0.8353974,66.68552,-0.2219527,0.9614239,-0.1624846,5.566867,-0.01694156,-0.05021789,0.1192849,0.1305287,0.4997015,0.5370507,0.5192137,0.4385114,127.9821,0.5560111,0.5975692,0.5777221,1.299958,False,True,False,-0.105137,0.5912918,0.1263327,0.6137098,-0.09622935,-0.233679,-0.3247196,-0.9114227,311.4054,-0.2338665,-0.5679108,-0.7891669,0.01414394,0.5847965,0.1803145,0.6121277,0.009377986,0.544536,0.2154095,0.5856694,-0.03816023,0.5584027,0.1694445,0.5847916,0.06074559,-0.05570439,0.1117656,0.1388689,0.01663661,-0.07364533,0.1427374,0.1614757,0.009450924,-0.05071277,0.07531794,0.09129018,0.06078626,-0.05557769,0.1117851,0.1388516,0.0166648,-0.0736396,0.1427198,0.1614604,0.009477206,-0.05040117,0.0751968,0.09102008,0.02556514,-0.05965059,0.1078061,0.1258329,-0.8768227,-0.1431983,0.4432793,0.1190782,166.3222,-0.8831062,-0.1442244,0.446456,17.20105,0,0,0,0,0,0,0,0,0,1,0,0,0.3738651,False,True,False,-0.0001341924,0.9789729,0.2538422,1.011348,0.3987612,-0.6686741,-0.005268238,0.6275643,102.2587,0.5121747,-0.8588547,-0.006766602,0.05013419,0.02102715,0.04615784,0.07131707,0.03582489,0.3422148,0.9021218,0.26035,149.8183,0.03710446,0.3544378,0.9343432,0.01275065,1.101194,-0.0342804,1.101801,0.03467195,0.04036324,-0.01267284,0.9985029,6.271129,0.633875,0.7379236,-0.2316857,False
1773055712675,3.416549,0.04769614,0.8694818,0.2112779,0.8960535,0.1655556,-0.3876874,-0.8869075,0.188905,158.2222,0.168591,-0.3947955,-0.9031687,0.0103474,0.9921495,0.2213041,1.016584,0.000574261,1.001764,0.2402502,1.030171,-0.007802084,0.9801289,0.2201479,1.004579,-0.02721512,-0.08182139,0.105496,0.1362528,-0.02584312,-0.07530078,0.1293574,0.1518928,-0.004332714,-0.0787175,0.1052084,0.1314687,-0.03423523,-0.08165272,0.1043337,0.1368384,-0.02751849,-0.07164904,0.1374218,0.1574027,-0.003204456,-0.07783112,0.1158974,0.139643,-0.02227257,-0.0770414,0.1192507,0.1437087,-0.1230139,0.5580519,-0.0773748,0.8169816,70.43246,-0.21332,0.9677247,-0.1341766,4.954672,-0.01694156,-0.05021789,0.1192849,0.1305287,0.4997015,0.5370507,0.5192137,0.4385114,127.9821,0.5560111,0.5975692,0.5777221,1.299888,False,True,False,-0.1051098,0.5912755,0.1263068,0.6136841,-0.09622328,-0.2336616,-0.324647,-0.9114537,311.414,-0.2338907,-0.5679631,-0.7891222,0.01416528,0.5847305,0.1803019,0.6120614,0.009392343,0.5444964,0.2153968,0.5856282,-0.03807598,0.5582983,0.1694253,0.5846809,0.06071744,-0.05572711,0.111773,0.1388716,0.01662579,-0.07364897,0.142743,0.1614811,0.009441953,-0.05081349,0.07535562,0.09137631,0.06077214,-0.05560845,0.1117826,0.1388557,0.0166568,-0.07364152,0.1427246,0.1614646,0.009469971,-0.05048616,0.07522946,0.09109338,0.02556385,-0.05969379,0.1078256,0.1258699,-0.8767653,-0.1430647,0.4435649,0.1185981,166.3776,-0.8829972,-0.1440816,0.4467176,17.18675,0,0,0,0,0,0,0,0,0,1,0,0,0.3749453,False,True,False,-0.0001341924,0.9789729,0.2538422,1.011348,0.3987612,-0.6686741,-0.005268238,0.6275643,102.2587,0.5121747,-0.8588547,-0.006766602,0.05013419,0.02102715,0.04615784,0.07131707,0.03582489,0.3422148,0.9021218,0.26035,149.8183,0.03710446,0.3544378,0.9343432,0.01244874,1.101372,-0.03439388,1.10198,0.03389151,0.03934174,-0.01203547,0.9985784,6.111002,0.6358247,0.7380743,-0.2257925,False
1773055712690,3.430504,0.04860573,0.8715777,0.2089141,0.897583,0.1414489,-0.3877389,-0.883446,0.2217522,154.3761,0.1450604,-0.397639,-0.9060028,0.007017218,0.9928222,0.2205951,1.017058,-0.001860462,1.002172,0.2376429,1.029964,-0.01012329,0.9793087,0.2180479,1.003341,-0.02741702,-0.08036449,0.1066818,0.1363494,-0.02568889,-0.07546467,0.1287207,0.1514062,-0.004381926,-0.0789019,0.103654,0.1303414,-0.03274932,-0.08137988,0.1048377,0.1366973,-0.02713214,-0.07249314,0.135466,0.1560206,-0.003455764,-0.07806516,0.1129963,0.1373837,-0.02115382,-0.07711221,0.1184779,0.1429363,-0.1202436,0.593449,-0.06933759,0.7928128,75.1017,-0.1972937,0.9737207,-0.1137679,4.427513,-0.01694156,-0.05021789,0.1192849,0.1305287,0.4997015,0.5370507,0.5192137,0.4385114,127.9821,0.5560111,0.5975692,0.5777221,1.299501,False,True,False,-0.1050883,0.591182,0.1263341,0.613596,-0.09628474,-0.2336688,-0.3246326,-0.9114504,311.4131,-0.234036,-0.5679708,-0.7890732,0.01419006,0.5845975,0.1803225,0.611941,0.009413444,0.5443763,0.2154189,0.5855249,-0.03794054,0.5580549,0.1694412,0.5844443,0.06069868,-0.05574997,0.1117748,0.138874,0.01661333,-0.0736547,0.1427473,0.1614863,0.009429262,-0.05099658,0.07541388,0.09152494,0.06075682,-0.05563802,0.111781,0.1388595,0.01664774,-0.07364427,0.1427293,0.1614691,0.00946149,-0.05059299,0.07526796,0.09118354,0.02556396,-0.05974568,0.1078491,0.1259146,-0.8766879,-0.1429875,0.4439141,0.1179544,166.4519,-0.8828511,-0.1439927,0.4470349,17.1702,0,0,0,0,0,0,0,0,0,1,0,0,0.3802612,False,True,False,-0.0001341924,0.9789729,0.2538422,1.011348,0.3987612,-0.6686741,-0.005268238,0.6275643,102.2587,0.5121747,-0.8588547,-0.006766602,0.05013419,0.02102715,0.04615784,0.07131707,0.03582489,0.3422148,0.9021218,0.26035,149.8183,0.03710446,0.3544378,0.9343432,0.01211881,1.101614,-0.03457014,1.102223,0.03310706,0.03836193,-0.01138431,0.9986504,5.95407,0.6374658,0.7386466,-0.2192012,False
1773055712703,3.444445,0.04958133,0.8734906,0.2067217,0.8989872,0.1230294,-0.3854676,-0.8804217,0.2472573,151.3694,0.1269719,-0.3978199,-0.9086349,0.004652761,0.9933548,0.2203563,1.017513,-0.003529191,1.002309,0.2356596,1.029647,-0.01148537,0.9785109,0.216377,1.002215,-0.02736862,-0.0792436,0.1075587,0.1363725,-0.02547476,-0.07571246,0.1278533,0.1507574,-0.00443304,-0.07905376,0.1019694,0.1291004,-0.03157589,-0.08092747,0.1054214,0.1366015,-0.02678226,-0.07320352,0.1337545,0.1548106,-0.003663964,-0.07828045,0.1103865,0.1353751,-0.0201328,-0.07715277,0.1176241,0.1421031,-0.1140756,0.6322967,-0.06424814,0.7635835,80.43772,-0.1766671,0.9792286,-0.09950014,3.971294,-0.01694156,-0.05021789,0.1192849,0.1305287,0.4997015,0.5370507,0.5192137,0.4385114,127.9821,0.5560111,0.5975692,0.5777221,1.298584,False,True,False,-0.1050661,0.5910808,0.1263641,0.6135008,-0.0963494,-0.2336816,-0.3246208,-0.9114445,311.4115,-0.2341858,-0.567984,-0.7890196,0.01421552,0.5844581,0.1803457,0.6118152,0.009436578,0.5442477,0.2154415,0.5854141,-0.03780404,0.5578045,0.1694594,0.5842016,0.06067928,-0.05577115,0.1117775,0.1388762,0.01660021,-0.07366127,0.1427512,0.1614913,0.009416325,-0.05117873,0.0754725,0.09167349,0.06074068,-0.05566581,0.1117802,0.138863,0.01663784,-0.07364781,0.1427339,0.1614738,0.009452087,-0.05071551,0.07531063,0.09128579,0.02556512,-0.05980358,0.1078754,0.1259649,-0.8765954,-0.1429616,0.4443074,0.1171895,166.5401,-0.8826774,-0.1439535,0.44739,17.15214,0,0,0,0,0,0,0,0,0,1,0,0,0.3846817,False,True,False,-0.0001341924,0.9789729,0.2538422,1.011348,0.3987612,-0.6686741,-0.005268238,0.6275643,102.2587,0.5121747,-0.8588547,-0.006766602,0.05013419,0.02102715,0.04615784,0.07131707,0.03582489,0.3422148,0.9021218,0.26035,149.8183,0.03710446,0.3544378,0.9343432,0.01180358,1.101673,-0.03474043,1.102284,0.03226152,0.03737142,-0.01072734,0.9987229,5.79181,0.6385668,0.7397091,-0.2123311,False
1773055712717,3.458379,0.0506074,0.8752961,0.2046273,0.9003204,0.1081084,-0.3820899,-0.877721,0.2681898,148.8868,0.1122195,-0.3966196,-0.911098,0.00287075,0.9937786,0.2203166,1.017911,-0.004642103,1.00217,0.2337542,1.029081,-0.01220769,0.9777519,0.2148609,1.001156,-0.02709519,-0.07832918,0.1082493,0.136336,-0.02517083,-0.0760601,0.1265837,0.149807,-0.004484927,-0.07916303,0.1001942,0.1277724,-0.03059859,-0.0803768,0.106028,0.1365234,-0.02644207,-0.07383242,0.1321421,0.1536618,-0.003838605,-0.07847205,0.1079775,0.1335356,-0.01914117,-0.07720972,0.1165765,0.1411305,-0.1047578,0.6728944,-0.06098938,0.7297391,86.27094,-0.1532161,0.9841586,-0.08920155,3.558118,-0.01694156,-0.05021789,0.1192849,0.1305287,0.4997015,0.5370507,0.5192137,0.4385114,127.9821,0.5560111,0.5975692,0.5777221,1.297078,False,True,False,-0.1050431,0.5909722,0.1263967,0.613399,-0.09641707,-0.2336997,-0.3246115,-0.911436,311.4091,-0.2343395,-0.5680019,-0.7889609,0.01424149,0.5843126,0.1803714,0.6116845,0.009461619,0.5441113,0.2154648,0.5852962,-0.03767061,0.5575526,0.1694801,0.5839584,0.06065924,-0.05579064,0.1117809,0.138878,0.01658644,-0.07366867,0.1427546,0.1614963,0.0094035,-0.05135338,0.07552949,0.09181666,0.06072373,-0.05569185,0.1117804,0.1388661,0.01662714,-0.07365216,0.1427382,0.1614785,0.009441976,-0.0508489,0.07535626,0.09139654,0.02556688,-0.05986557,0.1079037,0.1260189,-0.8764919,-0.1429784,0.4447297,0.1163385,166.6383,-0.8824843,-0.1439559,0.4477703,17.13302,0,0,0,0,0,0,0,0,0,1,0,0,0.3878845,False,True,False,-0.0001341924,0.9789729,0.2538422,1.011348,0.3987612,-0.6686741,-0.005268238,0.6275643,102.2587,0.5121747,-0.8588547,-0.006766602,0.05013419,0.02102715,0.04615784,0.07131707,0.03582489,0.3422148,0.9021218,0.26035,149.8183,0.03710446,0.3544378,0.9343432,0.01144705,1.101766,-0.03497775,1.102381,0.03194458,0.03685816,-0.01022408,0.9987575,5.712997,0.641012,0.7396099,-0.2051602,False
1773055712732,3.472266,0.05127424,0.8760251,0.2040541,0.9009368,0.09199777,-0.3776276,-0.8757043,0.2864889,146.7043,0.0960227,-0.3941489,-0.9140166,0.002107605,0.9935033,0.223083,1.018243,-0.005440518,1.000791,0.2341814,1.027839,-0.0137051,0.9777668,0.2166836,1.001583,-0.0273244,-0.07664814,0.109479,0.1364083,-0.02453651,-0.07595989,0.1254012,0.148652,-0.004458095,-0.07955083,0.1009247,0.1285846,-0.02988671,-0.07958692,0.106767,0.1364789,-0.02604054,-0.07429847,0.1306301,0.1525208,-0.003969893,-0.0787051,0.1063206,0.1323417,-0.01818014,-0.07726956,0.115469,0.1401221,-0.0875633,0.7077706,-0.06236202,0.6982152,91.43203,-0.1223143,0.9886612,-0.08711143,3.174228,-0.01694156,-0.05021789,0.1192849,0.1305287,0.4997015,0.5370507,0.5192137,0.4385114,127.9821,0.5560111,0.5975692,0.5777221,1.260301,False,True,False,-0.1050973,0.5909781,0.1264118,0.6134171,-0.09643508,-0.2337713,-0.32467,-0.911395,311.3977,-0.2343314,-0.5680501,-0.7889285,0.01419257,0.5842922,0.1803731,0.6116643,0.009426557,0.5441225,0.2154733,0.5853092,-0.0376721,0.557511,0.169481,0.5839191,0.06062662,-0.0558209,0.1117843,0.1388787,0.0165756,-0.07367124,0.1427652,0.1615057,0.009397027,-0.05142428,0.07554942,0.09187206,0.06070356,-0.05571871,0.1117812,0.1388687,0.01661645,-0.07365612,0.1427438,0.1614841,0.009432647,-0.05096894,0.07539643,0.09149551,0.0255651,-0.05992233,0.1079292,0.1260673,-0.8764174,-0.1429621,0.4450791,0.1155808,166.7258,-0.8823307,-0.1439267,0.4480821,17.11477,0,0,0,0,0,0,0,0,0,1,0,0,0.3839442,False,True,False,-0.0001341924,0.9789729,0.2538422,1.011348,0.3987612,-0.6686741,-0.005268238,0.6275643,102.2587,0.5121747,-0.8588547,-0.006766602,0.05013419,0.02102715,0.04615784,0.07131707,0.03582489,0.3422148,0.9021218,0.26035,149.8183,0.03710446,0.3544378,0.9343432,0.01118527,1.101823,-0.03516023,1.10244,0.03140338,0.03609544,-0.009806817,0.9988067,5.598645,0.6430126,0.7390869,-0.2008035,False
1773055712746,3.486044,0.05196297,0.8767998,0.2033625,0.9015733,0.07761216,-0.3729051,-0.8733394,0.3036386,144.6474,0.08145802,-0.3913834,-0.9166153,0.001365133,0.9931589,0.225332,1.018401,-0.006175466,0.9995438,0.2346287,1.026731,-0.01493714,0.9776223,0.2183153,1.001813,-0.02732298,-0.07532313,0.1104035,0.136415,-0.02398769,-0.07585393,0.1243731,0.1476411,-0.004439512,-0.07982817,0.1014347,0.1291559,-0.02933341,-0.07868701,0.1075417,0.1364453,-0.02561034,-0.0746362,0.1292356,0.1514209,-0.004068681,-0.07894573,0.1051853,0.1315786,-0.01725231,-0.07733616,0.1143634,0.1391313,-0.06422631,0.7364141,-0.065382,0.6702944,95.82042,-0.08654726,0.9923444,-0.08810458,2.83189,-0.01694156,-0.05021789,0.1192849,0.1305287,0.4997015,0.5370507,0.5192137,0.4385114,127.9821,0.5560111,0.5975692,0.5777221,1.229568,False,True,False,-0.1051552,0.5909843,0.126428,0.6134363,-0.09644988,-0.2338533,-0.3247383,-0.911348,311.3846,-0.2343082,-0.5681059,-0.7888952,0.01414005,0.5842742,0.180375,0.6116465,0.009390756,0.5441374,0.2154818,0.5853256,-0.03767671,0.5574725,0.1694813,0.5838827,0.06059195,-0.05585119,0.1117883,0.138879,0.01656465,-0.07367389,0.1427764,0.1615157,0.009390658,-0.05149422,0.07556796,0.09192581,0.06068053,-0.0557461,0.1117827,0.1388709,0.01660576,-0.07365979,0.1427505,0.1614906,0.009423987,-0.05107784,0.07543188,0.09158453,0.02556026,-0.05997473,0.1079522,0.1261109,-0.8763681,-0.1429202,0.4453659,0.1149002,166.8043,-0.882211,-0.143873,0.4483353,17.09719,0,0,0,0,0,0,0,0,0,1,0,0,0.3809132,False,True,False,-0.0001341924,0.9789729,0.2538422,1.011348,0.3987612,-0.6686741,-0.005268238,0.6275643,102.2587,0.5121747,-0.8588547,-0.006766602,0.05013419,0.02102715,0.04615784,0.07131707,0.03582489,0.3422148,0.9021218,0.26035,149.8183,0.03710446,0.3544378,0.9343432,0.01087191,1.101994,-0.03526482,1.102612,0.0307676,0.03546955,-0.009389554,0.9988529,5.489189,0.6425453,0.7407399,-0.1960898,False
1773055712760,3.500055,0.05229586,0.8770154,0.2036756,0.9018728,0.0622144,-0.3723851,-0.8684701,0.3212765,142.5197,0.06569732,-0.3932321,-0.9170892,8.53911E-05,0.9922072,0.2275226,1.017959,-0.007222056,0.9980814,0.2352536,1.025458,-0.01618946,0.9765422,0.2199131,1.001129,-0.02697291,-0.07394599,0.1113229,0.1363391,-0.02357608,-0.07549488,0.1236431,0.1467751,-0.004453044,-0.07973791,0.101478,0.1291346,-0.02881796,-0.07767037,0.1083587,0.1363993,-0.02517807,-0.07482447,0.1279741,0.1503662,-0.004150505,-0.07911731,0.1043178,0.1309922,-0.0163289,-0.07734714,0.1132879,0.1381426,-0.03563574,0.7612006,-0.06810588,0.6439452,99.82673,-0.04657831,0.9949404,-0.08901897,2.522661,-0.01694156,-0.05021789,0.1192849,0.1305287,0.4997015,0.5370507,0.5192137,0.4385114,127.9821,0.5560111,0.5975692,0.5777221,1.195661,False,True,False,-0.1051107,0.5910714,0.1264937,0.6135261,-0.09645405,-0.2338684,-0.3247235,-0.9113489,311.3849,-0.2343195,-0.5681454,-0.7888634,0.01418053,0.5843431,0.1804478,0.6117347,0.009437002,0.5442171,0.2155542,0.5854272,-0.03758475,0.5574979,0.1695499,0.583921,0.06057331,-0.05585678,0.1117958,0.1388791,0.01655741,-0.07367457,0.1427858,0.1615236,0.009382015,-0.05156888,0.0755982,0.09199163,0.06065811,-0.05576928,0.1117854,0.1388726,0.01659565,-0.07366288,0.1427579,0.1614975,0.009415215,-0.05118101,0.07546671,0.09166988,0.02555535,-0.06002347,0.1079752,0.1261528,-0.8763181,-0.1429042,0.4456386,0.1142423,166.8802,-0.8820933,-0.143846,0.4485754,17.08053,0,0,0,0,0,0,0,0,0,1,0,0,0.3789352,False,True,False,-0.0001341924,0.9789729,0.2538422,1.011348,0.3987612,-0.6686741,-0.005268238,0.6275643,102.2587,0.5121747,-0.8588547,-0.006766602,0.05013419,0.02102715,0.04615784,0.07131707,0.03582489,0.3422148,0.9021218,0.26035,149.8183,0.03710446,0.3544378,0.9343432,0.01059885,1.102193,-0.03533928,1.102811,0.0299872,0.03477803,-0.008727789,0.998907,5.358253,0.6415395,0.7440332,-0.1867203,False
1773055712774,3.51387,0.05268754,0.8773096,0.2038752,0.9022267,0.04771507,-0.3704951,-0.8637208,0.3382944,140.454,0.05070459,-0.393708,-0.9178361,-0.001069415,0.991226,0.2298162,1.017519,-0.008146793,0.9967705,0.2363376,1.024438,-0.01725064,0.9754837,0.2217464,1.000519,-0.02651151,-0.072717,0.1121191,0.1362399,-0.02324201,-0.07510545,0.1231665,0.1461198,-0.004474485,-0.07959414,0.1015313,0.1290885,-0.02832044,-0.07661693,0.1091631,0.1363407,-0.02477096,-0.0748852,0.126903,0.1494181,-0.004218637,-0.07921921,0.1036765,0.1305462,-0.01545966,-0.07731222,0.1123155,0.1372259,-0.003312983,0.7812564,-0.06963708,0.6203049,103.3232,-0.004223801,0.9960423,-0.08878197,2.257124,-0.01694156,-0.05021789,0.1192849,0.1305287,0.4997015,0.5370507,0.5192137,0.4385114,127.9821,0.5560111,0.5975692,0.5777221,1.206239,False,True,False,-0.105063,0.5911636,0.1265634,0.6136212,-0.09645434,-0.2338837,-0.3247065,-0.911351,311.3855,-0.2343229,-0.5681891,-0.7888309,0.01422308,0.58442,0.1805264,0.6118323,0.009486265,0.5443029,0.2156314,0.5855361,-0.03748979,0.5575288,0.1696233,0.5839657,0.06055509,-0.05585908,0.1118042,0.1388789,0.01655055,-0.07367496,0.1427954,0.1615316,0.009373191,-0.05164335,0.07562886,0.09205768,0.06063681,-0.05578788,0.1117893,0.1388739,0.01658633,-0.07366537,0.1427657,0.1615046,0.009406528,-0.05127707,0.07550029,0.09175029,0.0255506,-0.06006791,0.1079978,0.1261923,-0.8762679,-0.1429155,0.4458937,0.1136157,166.9524,-0.8819789,-0.1438469,0.4487998,17.06505,0,0,0,0,0,0,0,0,0,1,0,0,0.3774805,False,True,False,-0.0001341924,0.9789729,0.2538422,1.011348,0.3987612,-0.6686741,-0.005268238,0.6275643,102.2587,0.5121747,-0.8588547,-0.006766602,0.05013419,0.02102715,0.04615784,0.07131707,0.03582489,0.3422148,0.9021218,0.26035,149.8183,0.03710446,0.3544378,0.9343432,0.01032956,1.102354,-0.03539838,1.102971,0.02907317,0.03409895,-0.008092551,0.9989628,5.219691,0.6384841,0.7488567,-0.1777228,False
1773055712788,3.527732,0.05322608,0.8777485,0.2040063,0.9027148,0.03373185,-0.3677331,-0.8588868,0.3548915,138.4264,0.03608041,-0.3933363,-0.9186864,-0.001963705,0.9903121,0.2322213,1.017177,-0.0088365,0.9955616,0.2375753,1.023554,-0.01801801,0.9744856,0.2236525,0.9999837,-0.02597777,-0.07155211,0.1128553,0.1361281,-0.02292398,-0.07474766,0.1226821,0.1454773,-0.004499891,-0.07944135,0.1014889,0.1289619,-0.02781434,-0.07553413,0.1099557,0.1362692,-0.0243814,-0.07485551,0.1259619,0.1485403,-0.004277874,-0.0792667,0.1031749,0.130179,-0.01462732,-0.07724733,0.1114103,0.1363575,0.03321921,0.7973305,-0.06953148,0.5986033,106.4601,0.04146982,0.9953622,-0.0868009,2.024084,-0.01694156,-0.05021789,0.1192849,0.1305287,0.4997015,0.5370507,0.5192137,0.4385114,127.9821,0.5560111,0.5975692,0.5777221,1.210329,False,True,False,-0.1050122,0.5912607,0.1266368,0.6137211,-0.09645086,-0.2338992,-0.3246873,-0.9113542,311.3864,-0.2343185,-0.5682367,-0.7887981,0.01426771,0.5845043,0.1806108,0.6119388,0.009538516,0.5443942,0.2157132,0.5856519,-0.03739201,0.5575645,0.1697015,0.5840162,0.06053742,-0.05585824,0.1118137,0.1388785,0.01654398,-0.07367525,0.1428053,0.1615398,0.00936411,-0.05171772,0.07566,0.09212407,0.0606162,-0.05580249,0.1117944,0.1388748,0.01657755,-0.07366742,0.1427739,0.1615119,0.009397737,-0.05136887,0.07553346,0.091828,0.02554598,-0.06010939,0.1080204,0.1262306,-0.876216,-0.1429543,0.4461392,0.1130025,167.0231,-0.8818646,-0.1438759,0.4490152,17.05035,0,0,0,0,0,0,0,0,0,1,0,0,0.3763374,False,True,False,-0.0001341924,0.9789729,0.2538422,1.011348,0.3987612,-0.6686741,-0.005268238,0.6275643,102.2587,0.5121747,-0.8588547,-0.006766602,0.05013419,0.02102715,0.04615784,0.07131707,0.03582489,0.3422148,0.9021218,0.26035,149.8183,0.03710446,0.3544378,0.9343432,0.01009625,1.102508,-0.03549268,1.103125,0.02859958,0.03351116,-0.007464186,0.9990012,5.122028,0.640054,0.7499744,-0.1670473,False
1773055712801,3.541583,0.05370283,0.8777202,0.2041079,0.9027385,0.02573916,-0.3711226,-0.8555752,0.3599952,137.8002,0.02758888,-0.397793,-0.9170603,-0.002305716,0.9896544,0.232265,1.016547,-0.008256845,0.9961081,0.2382343,1.024234,-0.01655381,0.9732565,0.2234499,0.9987152,-0.02477795,-0.07110002,0.1131443,0.1359073,-0.02304691,-0.07391154,0.1238948,0.1460958,-0.00466772,-0.07812926,0.1003791,0.1272868,-0.027159,-0.074585,0.1106399,0.136168,-0.02410012,-0.07465265,0.125503,0.1480028,-0.00435986,-0.07902456,0.1025374,0.1295292,-0.01397368,-0.07699416,0.1107375,0.1355956,0.06427673,0.8127446,-0.06552319,0.5753446,109.7525,0.07858644,0.9936833,-0.08011041,1.849415,-0.01694156,-0.05021789,0.1192849,0.1305287,0.4997015,0.5370507,0.5192137,0.4385114,127.9821,0.5560111,0.5975692,0.5777221,1.179337,False,True,False,-0.1050445,0.5912457,0.1266708,0.6137192,-0.0965553,-0.233784,-0.3245307,-0.9114286,311.407,-0.2346661,-0.5681839,-0.7887329,0.01422032,0.5843993,0.1806666,0.6118539,0.009474777,0.5443125,0.2157513,0.5855891,-0.03740334,0.5574682,0.169757,0.5839411,0.06051043,-0.05587991,0.1118174,0.1388784,0.01654307,-0.07368073,0.1428017,0.161539,0.00935559,-0.05177308,0.07569862,0.092186,0.06059428,-0.05581856,0.1117991,0.1388756,0.01657041,-0.07367018,0.1427797,0.1615175,0.009389007,-0.05145303,0.07556773,0.09190239,0.02554087,-0.06014829,0.1080418,0.1262663,-0.8761626,-0.1429818,0.446371,0.112464,167.0853,-0.8817567,-0.1438947,0.449221,17.03447,0,0,0,0,0,0,0,0,0,1,0,0,0.3746652,False,True,False,-0.0001341924,0.9789729,0.2538422,1.011348,0.3987612,-0.6686741,-0.005268238,0.6275643,102.2587,0.5121747,-0.8588547,-0.006766602,0.05013419,0.02102715,0.04615784,0.07131707,0.03582489,0.3422148,0.9021218,0.26035,149.8183,0.03710446,0.3544378,0.9343432,0.009810249,1.10248,-0.03567377,1.1031,0.02823723,0.03304054,-0.006802211,0.9990319,5.042693,0.6418806,0.751068,-0.1546259,False
1773055712815,3.555533,0.05427271,0.8777549,0.2041437,0.9028144,0.01691553,-0.3728629,-0.8519976,0.3671338,136.9221,0.01818545,-0.4008554,-0.9159608,-0.002570026,0.9889024,0.2328458,1.015949,-0.00782194,0.996096,0.2387547,1.02434,-0.01547166,0.9720718,0.2236469,0.9975876,-0.02374825,-0.07047979,0.113503,0.1356993,-0.02301777,-0.07328265,0.1244492,0.1462456,-0.004781167,-0.07710454,0.09950241,0.125971,-0.02641881,-0.07370024,0.1112577,0.1360439,-0.02387079,-0.07435786,0.1252688,0.1476184,-0.004448881,-0.07861523,0.1018448,0.1287343,-0.01342011,-0.07663409,0.1101467,0.1348524,0.09395163,0.8270714,-0.0591739,0.5510212,113.1258,0.1125855,0.9911086,-0.07091016,1.700982,-0.01271513,-0.04694504,0.1153673,0.1252004,0.7366815,0.3137658,0.371308,0.4700875,123.9201,0.834653,0.3554936,0.4206883,1.162455,True,True,False,-0.1050787,0.5912287,0.1267057,0.6137159,-0.09666849,-0.2336544,-0.3243571,-0.9115116,311.4302,-0.2350463,-0.568123,-0.7886635,0.01416917,0.584286,0.1807261,0.6117621,0.009405375,0.5442228,0.2157905,0.5855189,-0.03741977,0.5573679,0.1698161,0.5838636,0.06048287,-0.05590157,0.1118211,0.1388781,0.01654308,-0.07368669,0.1427968,0.1615374,0.009346964,-0.05182607,0.07573841,0.09224757,0.06057106,-0.05583588,0.1118037,0.1388761,0.01656472,-0.07367361,0.1427832,0.1615217,0.009380249,-0.05153112,0.07560334,0.09197451,0.02553536,-0.0601852,0.1080622,0.1263002,-0.8761072,-0.1430015,0.4465937,0.111987,167.1403,-0.8816529,-0.1439067,0.4494206,17.01739,0,0,0,0,0,0,0,0,0,1,0,0,0.3732807,False,True,False,-0.0001341924,0.9789729,0.2538422,1.011348,0.3987612,-0.6686741,-0.005268238,0.6275643,102.2587,0.5121747,-0.8588547,-0.006766602,0.05013419,0.02102715,0.04615784,0.07131707,0.03582489,0.3422148,0.9021218,0.26035,149.8183,0.03710446,0.3544378,0.9343432,0.009485154,1.102463,-0.03590296,1.103088,0.02855513,0.03292459,-0.006855044,0.9990264,5.057111,0.6472557,0.7462976,-0.1553825,False
1773055712829,3.56936,0.05496876,0.877859,0.2041097,0.90295,0.006863146,-0.3736102,-0.8478788,0.3761246,135.8123,0.007407053,-0.4032189,-0.9150736,-0.002668101,0.9881188,0.2337954,1.015404,-0.007425904,0.9957517,0.239208,1.024108,-0.01457967,0.9709338,0.2240903,0.9965649,-0.02284987,-0.06969191,0.1139347,0.1354998,-0.02289029,-0.07275926,0.1246236,0.1461127,-0.004867826,-0.07627039,0.09877817,0.1248919,-0.02564947,-0.07284131,0.1118312,0.1359043,-0.02366457,-0.07401764,0.125127,0.1472936,-0.004536727,-0.07812082,0.1011526,0.1278878,-0.01293105,-0.07622023,0.1095731,0.1341007,0.1251839,0.8393942,-0.05122022,0.5264246,116.4716,0.1472367,0.987265,-0.06024336,1.566867,-0.01225345,-0.04655432,0.1148259,0.1245087,0.7726637,0.2945141,0.3449054,0.4441763,127.2587,0.8624061,0.328721,0.3849651,1.299936,True,True,False,-0.1051146,0.5912099,0.1267417,0.6137114,-0.09679024,-0.233511,-0.3241668,-0.911603,311.4557,-0.2354583,-0.5680544,-0.7885897,0.01411434,0.5841646,0.1807892,0.6116635,0.009330563,0.5441253,0.2158307,0.585442,-0.03744105,0.5572639,0.1698786,0.5837839,0.06045451,-0.05592329,0.1118249,0.1388775,0.01654397,-0.07369314,0.1427905,0.1615349,0.009338274,-0.05187681,0.07577927,0.09230874,0.06054694,-0.05585399,0.1118081,0.1388764,0.01656043,-0.07367765,0.1427847,0.1615244,0.009371567,-0.05160299,0.0756398,0.09204387,0.0255296,-0.06021991,0.1080815,0.1263321,-0.8760498,-0.1430161,0.4468058,0.1115695,167.1884,-0.8815536,-0.1439146,0.4496129,16.9994,0,0,0,0,0,0,0,0,0,1,0,0,0.3721897,False,True,False,-0.000134211,0.9789729,0.2538422,1.011348,0.4072931,-0.6940157,0.01579498,0.5934687,107.1929,0.506044,-0.8622845,0.01962459,0.05013421,0.02102715,0.04615784,0.07131708,-0.0109369,0.3501325,0.9021342,0.2518763,150.8229,-0.01130125,0.3617971,0.9321885,0.009232305,1.102471,-0.03602144,1.103098,0.0283836,0.03241871,-0.006357325,0.9990511,4.992448,0.6516933,0.7443401,-0.1459655,False
1773055712843,3.583381,0.05517679,0.8780943,0.2041067,0.9031909,0.001272291,-0.376679,-0.8466477,0.3758977,135.8404,0.001372984,-0.4064905,-0.913654,-0.00250686,0.9880414,0.233752,1.015319,-0.005910605,0.9950638,0.2372515,1.022974,-0.009940296,0.9674515,0.222864,0.9928392,-0.02158318,-0.06928156,0.1141075,0.1352268,-0.02269677,-0.07243093,0.1225293,0.1441347,-0.005271037,-0.07219585,0.09420193,0.1188025,-0.02476286,-0.07206973,0.1123239,0.1357346,-0.02345887,-0.07367756,0.1245513,0.1466006,-0.004692326,-0.07686714,0.09956768,0.1258741,-0.01227741,-0.07542264,0.1081009,0.1323824,0.150386,0.8603991,-0.02996934,0.4860035,121.8435,0.1720748,0.9844868,-0.03429155,1.374884,-0.01163648,-0.04580149,0.1134361,0.1228859,0.8048751,0.2921645,0.3194701,0.4059005,132.1049,0.8806869,0.3196838,0.3495613,1.287495,True,True,False,-0.1050678,0.5910889,0.1268042,0.6135997,-0.09684491,-0.2334048,-0.3240739,-0.9116575,311.4708,-0.2356606,-0.5679628,-0.7885953,0.01414563,0.5839611,0.1808738,0.6114949,0.009352952,0.5439695,0.2159151,0.5853286,-0.03737665,0.5570867,0.1699697,0.5836371,0.06041862,-0.05595727,0.1118266,0.138877,0.01654512,-0.07368816,0.1427992,0.1615403,0.009331091,-0.05191658,0.07581701,0.09236135,0.06052009,-0.05587563,0.111812,0.1388765,0.01655723,-0.07367985,0.1427878,0.1615277,0.009363102,-0.05166889,0.07567693,0.09211047,0.02552203,-0.06025268,0.1081009,0.1263629,-0.8760027,-0.1429736,0.4470024,0.1112062,167.2303,-0.8814701,-0.1438659,0.4497923,16.98033,0,0,0,0,0,0,0,0,0,1,0,0,0.3707574,False,True,False,0.0006917492,0.9782784,0.2538328,1.010673,0.4145184,-0.7126671,0.04381606,0.5642343,111.3017,0.5020725,-0.8631957,0.05307083,0.04930825,0.0217216,0.04616725,0.07095454,-0.05374321,0.3630289,0.8960575,0.2498055,151.068,-0.05550287,0.3749152,0.9253962,0.008937723,1.102645,-0.03612362,1.103272,0.02836194,0.03240768,-0.006326952,0.9990522,4.989468,0.6515849,0.7445315,-0.1453549,False
1773055712857,3.59722,0.05536465,0.8782344,0.2040517,0.9033261,-0.001664728,-0.3791572,-0.8455975,0.3757684,135.8564,-0.001796378,-0.4091417,-0.9124691,-0.002325237,0.9881932,0.2332822,1.015358,-0.00501753,0.9946263,0.2358637,1.022222,-0.008005433,0.966323,0.2223629,0.9916095,-0.0211134,-0.0691952,0.1141438,0.135139,-0.02260213,-0.0721921,0.1212754,0.1429346,-0.005429982,-0.07046553,0.09271493,0.1165802,-0.02397504,-0.07145303,0.1127134,0.13559,-0.02327871,-0.07336349,0.1238336,0.1458042,-0.00484699,-0.07553621,0.09802141,0.1238443,-0.01165402,-0.07456361,0.1064283,0.1304704,0.1729011,0.8777258,-0.007065495,0.4468251,126.9197,0.1932673,0.9811144,-0.00789775,1.185704,-0.01104799,-0.04499053,0.1118572,0.1210712,0.8342525,0.2897151,0.295295,0.364539,137.2416,0.8959013,0.3111242,0.3171164,1.289361,True,True,False,-0.1050307,0.5909737,0.1268446,0.6134908,-0.09677019,-0.2332509,-0.3239629,-0.9117442,311.4951,-0.2355891,-0.5678543,-0.7886946,0.01415895,0.5837959,0.1809579,0.6113623,0.00934957,0.5438391,0.2159997,0.5852386,-0.03733776,0.5569325,0.1700554,0.5835124,0.06039859,-0.05597581,0.1118269,0.138876,0.01655011,-0.07368615,0.1427998,0.1615405,0.009324659,-0.05194656,0.07584768,0.09240273,0.06049492,-0.0558964,0.1118151,0.1388764,0.01655575,-0.07368115,0.1427903,0.1615304,0.009355145,-0.05172664,0.07571233,0.09217115,0.02551506,-0.06028161,0.1081188,0.1263905,-0.8759566,-0.1429185,0.4471865,0.110899,167.2657,-0.8813934,-0.1438055,0.449962,16.96209,0,0,0,0,0,0,0,0,0,1,0,0,0.3691325,False,True,False,0.002047949,0.9776173,0.2528248,1.009782,0.4300897,-0.7249222,0.07998458,0.5320837,115.7073,0.507965,-0.8561819,0.09446717,0.04795205,0.02238274,0.04717526,0.07089352,-0.1025429,0.3748639,0.8843724,0.2585491,150.032,-0.1061523,0.3880586,0.9155011,0.008657956,1.102839,-0.03612205,1.103464,0.02766099,0.03160744,-0.006179087,0.9990984,4.866339,0.6515551,0.7445138,-0.1455485,False
1773055712871,3.611128,0.05559795,0.8784159,0.2039583,0.9034958,-0.005642444,-0.3812669,-0.8440995,0.3769612,135.7088,-0.006091845,-0.4116335,-0.9113292,-0.002228506,0.9882521,0.2329193,1.015332,-0.004231654,0.9942414,0.2346981,1.021576,-0.006429832,0.9654517,0.2220636,0.9906819,-0.02059012,-0.0690903,0.114171,0.1350276,-0.02252211,-0.07194196,0.120208,0.1418903,-0.005552656,-0.06902789,0.09160268,0.1148335,-0.02324158,-0.07094447,0.1130262,0.1354556,-0.02311908,-0.0730627,0.1230371,0.144951,-0.004995468,-0.07418158,0.09656881,0.1218745,-0.01106323,-0.07364678,0.1046569,0.1284497,0.196367,0.8907619,0.01695975,0.4095065,131.6523,0.2152422,0.9763837,0.01858995,1.001169,-0.01049031,-0.04412511,0.1101852,0.1191547,0.8613901,0.2834876,0.2727456,0.3213283,142.5135,0.9096296,0.2993635,0.2880199,1.286634,True,True,False,-0.1049921,0.5908535,0.1268855,0.6133768,-0.09667908,-0.2330843,-0.3238462,-0.9118381,311.5212,-0.2354867,-0.5677366,-0.7888104,0.0141717,0.5836272,0.1810466,0.6112278,0.009344198,0.5437058,0.2160891,0.5851477,-0.03730148,0.5567765,0.1701456,0.5833876,0.06037963,-0.05599336,0.1118271,0.1388749,0.01655631,-0.07368387,0.1427997,0.16154,0.009318387,-0.05197273,0.07587779,0.09244152,0.06047095,-0.05591657,0.1118176,0.1388761,0.01655587,-0.07368172,0.1427922,0.1615324,0.009347506,-0.05177801,0.07574677,0.0922275,0.02550858,-0.06030754,0.1081354,0.1264158,-0.8759102,-0.1428535,0.4473631,0.1106369,167.2959,-0.8813208,-0.1437359,0.4501265,16.94429,0,0,0,0,0,0,0,0,0,1,0,0,0.3677098,False,True,False,0.003085557,0.9764568,0.2517749,1.008399,0.4458981,-0.7343021,0.1185397,0.4979193,120.2751,0.5141675,-0.8467278,0.1366888,0.04691444,0.02354324,0.0482251,0.0712805,-0.1526924,0.3864328,0.8689622,0.2688113,148.8129,-0.1585273,0.4011998,0.9021683,0.008318231,1.103031,-0.03615236,1.103655,0.02691912,0.03083351,-0.005430291,0.9991472,4.732742,0.6519626,0.7467662,-0.1315179,False
1773055712885,3.624888,0.05591367,0.8786687,0.2038077,0.9037271,-0.01097333,-0.3832736,-0.842024,0.3794425,135.4017,-0.0118603,-0.4142533,-0.9100842,-0.00217063,0.988254,0.2325955,1.015259,-0.00344694,0.9938845,0.2335822,1.02097,-0.004874032,0.9646283,0.2218641,0.9898258,-0.01997211,-0.06896067,0.1141862,0.1348812,-0.02244768,-0.07166485,0.119192,0.1408775,-0.005667998,-0.06758992,0.09057789,0.1131586,-0.02253919,-0.07052143,0.1132727,0.1353218,-0.0229787,-0.07277025,0.1222,0.1440708,-0.005135729,-0.07281243,0.09522573,0.1199832,-0.01051329,-0.0726641,0.1028572,0.1263733,0.223997,0.8990238,0.04253911,0.373861,136.0921,0.2415102,0.9693138,0.04586502,0.8227128,-0.009971195,-0.04319748,0.1084863,0.1171953,0.8865841,0.2706608,0.2525164,0.2773931,147.7906,0.9227979,0.2817163,0.2628308,1.284163,True,True,False,-0.1049523,0.5907283,0.1269268,0.613258,-0.09657218,-0.2329054,-0.3237237,-0.9119385,311.5493,-0.2353543,-0.5676095,-0.7889411,0.0141838,0.5834551,0.1811398,0.6110914,0.009336829,0.5435696,0.2161832,0.5850558,-0.03726778,0.556619,0.17024,0.5832626,0.06036171,-0.05600988,0.1118269,0.1388737,0.01656361,-0.0736813,0.1427988,0.1615388,0.009312334,-0.05199514,0.07590738,0.09247781,0.06044843,-0.05593583,0.1118195,0.1388756,0.01655746,-0.07368163,0.1427936,0.1615337,0.009340259,-0.05182294,0.07577992,0.09227922,0.02550269,-0.06033038,0.1081507,0.1264386,-0.8758639,-0.1427817,0.4475306,0.1104188,167.3211,-0.8812526,-0.1436602,0.450284,16.92714,0,0,0,0,0,0,0,0,0,1,0,0,0.3664952,False,True,False,0.004213154,0.9751928,0.2507735,1.006929,0.4582004,-0.741208,0.1584015,0.4642975,124.6705,0.5173435,-0.8368807,0.1788474,0.04578685,0.02480716,0.04922649,0.07165946,-0.2006284,0.3996407,0.8500665,0.2782491,147.6885,-0.2088771,0.4160718,0.8850167,0.007993112,1.10307,-0.03622272,1.103694,0.02627468,0.03044517,-0.005089284,0.9991782,4.646095,0.648214,0.7511027,-0.1255561,False
1773055712899,3.638927,0.05614156,0.879531,0.2032555,0.9044554,-0.02949831,-0.3844025,-0.8359745,0.3905269,134.0254,-0.03204277,-0.4175604,-0.908084,-0.001909792,0.9891057,0.2320849,1.015971,-0.002194561,0.9927684,0.2316228,1.019433,-0.003491197,0.9641465,0.2220026,0.9893816,-0.01985218,-0.06899084,0.1141705,0.1348657,-0.02225964,-0.07104787,0.1164853,0.1382466,-0.005759811,-0.06617945,0.08948264,0.1114452,-0.02195323,-0.07019027,0.1134662,0.1352154,-0.02282603,-0.07240523,0.1209351,0.1427895,-0.005267915,-0.07140441,0.09391981,0.1180986,-0.009816801,-0.0715653,0.1006404,0.1238808,0.2579386,0.9018493,0.07087462,0.3392821,140.3337,0.2742031,0.9587159,0.07534367,0.6276248,-0.008132664,-0.04309843,0.1082666,0.116813,0.8954268,0.2563658,0.2377442,0.2756179,148.0023,0.9315065,0.2666956,0.2473237,1.281969,True,False,True,-0.1049634,0.5905845,0.1269378,0.6131237,-0.0963517,-0.2328699,-0.3236506,-0.9119968,311.5656,-0.2348911,-0.5677022,-0.7890123,0.01415949,0.5833111,0.1811742,0.6109635,0.009306915,0.5434566,0.2162136,0.5849615,-0.03727113,0.5564666,0.1702981,0.5831343,0.06035391,-0.05602326,0.1118214,0.1388713,0.01657784,-0.07369155,0.1427772,0.1615259,0.009305238,-0.05201844,0.07593459,0.09251253,0.06042863,-0.05595415,0.1118199,0.1388747,0.01656173,-0.07368371,0.1427902,0.1615321,0.009332928,-0.05186404,0.07581235,0.09232819,0.02549894,-0.06035182,0.1081629,0.1264585,-0.8758039,-0.1427381,0.4477052,0.110243,167.3414,-0.8811749,-0.1436135,0.4504508,16.91002,0,0,0,0,0,0,0,0,0,1,0,0,0.3654906,False,True,False,0.005495105,0.9739498,0.2497883,1.005486,0.4644837,-0.7473714,0.199078,0.4313455,128.894,0.5148421,-0.8283998,0.2206616,0.0445049,0.02605021,0.0502117,0.07197578,-0.2457997,0.4158596,0.8281785,0.28419,146.9791,-0.2563703,0.4337436,0.8637943,0.007739224,1.103068,-0.03631816,1.103693,0.02591782,0.02986287,-0.004666915,0.999207,4.563809,0.6509416,0.750024,-0.1172124,False
1773055712912,3.652683,0.05645314,0.8806233,0.2025302,0.9053744,-0.0479817,-0.3850164,-0.8293409,0.4020617,132.5857,-0.05240394,-0.4205015,-0.9057773,-0.001679204,0.9900976,0.2315037,1.016804,-0.001233645,0.9921837,0.2298895,1.018469,-0.002023321,0.9638744,0.2220895,0.9891318,-0.01972162,-0.06902189,0.1141535,0.134848,-0.02209647,-0.07055599,0.1143463,0.1361671,-0.005858304,-0.06470029,0.0884546,0.1097482,-0.0214748,-0.06994185,0.1136117,0.135132,-0.02267367,-0.07202066,0.119497,0.1413528,-0.005390924,-0.0699963,0.09269819,0.116282,-0.009069902,-0.07036509,0.0982738,0.1212075,0.3116147,0.8940017,0.1049396,0.3043763,144.5587,0.3271367,0.9385334,0.1101668,0.4439195,-0.007427626,-0.04196544,0.1060325,0.1142767,0.8954267,0.2563657,0.2377442,0.2756178,148.0023,0.9315065,0.2666956,0.2473237,1.3,True,False,True,-0.1049763,0.5904356,0.1269474,0.6129844,-0.09610511,-0.2328407,-0.3235785,-0.9120559,311.5821,-0.2343651,-0.5678129,-0.7890891,0.01413358,0.5831685,0.1812072,0.6108366,0.009275846,0.543345,0.2162421,0.5848679,-0.03727774,0.5563145,0.1703573,0.5830069,0.06034818,-0.05603553,0.1118151,0.1388687,0.01659384,-0.07370313,0.1427525,0.1615109,0.009298178,-0.05203882,0.07596116,0.09254508,0.06041205,-0.05597094,0.1118189,0.1388734,0.01656834,-0.07368771,0.1427824,0.1615277,0.00932577,-0.05190019,0.07584306,0.09237298,0.02549733,-0.06037124,0.1081718,0.126475,-0.8757331,-0.1427226,0.4478807,0.1101122,167.3564,-0.8810909,-0.1435958,0.4506209,16.89351,0,0,0,0,0,0,0,0,0,1,0,0,0.3646442,False,True,False,0.005495101,0.9739498,0.2497883,1.005486,0.4644837,-0.7473714,0.199078,0.4313455,128.894,0.5148421,-0.8283998,0.2206616,0.0445049,0.02605021,0.0502117,0.07197579,-0.2457997,0.4158596,0.8281785,0.28419,146.9791,-0.2563703,0.4337436,0.8637943,0.007473837,1.10303,-0.03640059,1.103656,0.02591971,0.02946371,-0.004485545,0.9992197,4.527123,0.6562536,0.7459829,-0.1135682,False
1773055712926,3.666684,0.05692242,0.8821776,0.2018691,0.9067682,-0.0746302,-0.3829439,-0.8159508,0.4266249,129.4929,-0.08251641,-0.4234097,-0.9021726,-0.003082097,0.9904495,0.2314501,1.017138,-0.002024963,0.9919364,0.2298637,1.018224,-0.00217852,0.9636394,0.2231895,0.9891507,-0.01952363,-0.06960686,0.113807,0.134827,-0.02198374,-0.07024619,0.1134931,0.1352719,-0.005896841,-0.06406426,0.08796656,0.1089822,-0.0210512,-0.06986979,0.1136536,0.1350632,-0.02252761,-0.0716474,0.118167,0.1400153,-0.005497771,-0.06872751,0.0916281,0.1146709,-0.008406246,-0.06919514,0.09611554,0.1187301,0.3861306,0.8711879,0.1428351,0.2674565,148.9741,0.4007291,0.9041252,0.1482353,0.2850286,-0.006801146,-0.0408611,0.1039952,0.1119414,0.8954269,0.2563658,0.2377442,0.2756179,148.0023,0.9315065,0.2666956,0.2473237,1.256172,True,False,True,-0.1049312,0.5903238,0.1269653,0.6128727,-0.09598487,-0.2327675,-0.3235636,-0.9120926,311.5923,-0.2341184,-0.5677475,-0.7892097,0.01415833,0.5830415,0.1812593,0.6107314,0.009305485,0.5432476,0.2162624,0.5847854,-0.03721082,0.5561704,0.1704145,0.5828819,0.06032378,-0.05604862,0.1118171,0.1388649,0.01660904,-0.07371815,0.1427254,0.1614954,0.009287712,-0.05208372,0.07599495,0.09259702,0.06039359,-0.05598719,0.1118185,0.1388717,0.01657684,-0.07369407,0.1427705,0.161521,0.009317819,-0.05193867,0.07587484,0.09241991,0.02549571,-0.06039184,0.1081788,0.1264905,-0.8756564,-0.1427504,0.4480545,0.1099784,167.3719,-0.8810006,-0.1436217,0.450789,16.87513,0,0,0,0,0,0,0,0,0,1,0,0,0.3650163,False,True,False,0.007519182,0.9730638,0.248567,1.004338,0.4678714,-0.7342494,0.1994598,0.4496555,126.5568,0.5238136,-0.8220417,0.2233087,0.04248082,0.02693617,0.05143304,0.07194119,-0.2286185,0.4170809,0.8272439,0.2990732,145.1961,-0.2395842,0.4370863,0.8669229,0.007176463,1.103027,-0.03649525,1.103654,0.02601771,0.02885314,-0.003730483,0.999238,4.473544,0.6666266,0.7392761,-0.09558254,False
1773055712940,3.680638,0.05740775,0.8837163,0.2011809,0.9081432,-0.09634319,-0.3808197,-0.8042402,0.4459731,127.0288,-0.1076404,-0.4254748,-0.8985459,-0.004199702,0.9909204,0.2312383,1.017552,-0.00231785,0.9917805,0.2296879,1.018033,-0.001659077,0.9635156,0.2240076,0.9892141,-0.01929121,-0.07028957,0.1133929,0.1347988,-0.02185389,-0.06986257,0.1125255,0.13424,-0.005955911,-0.06313251,0.08732216,0.1079182,-0.02067066,-0.0699596,0.113598,0.1350042,-0.02238544,-0.07127386,0.1169199,0.1387492,-0.005594221,-0.06752985,0.09065904,0.1131841,-0.007820264,-0.06801674,0.09413399,0.1163986,0.5264623,0.7994022,0.1956492,0.2133425,155.3634,0.5388684,0.8182401,0.2002597,0.1455794,-0.006248003,-0.03974871,0.1021247,0.1097654,0.8954268,0.2563658,0.2377442,0.2756179,148.0023,0.9315065,0.2666956,0.2473237,1.235556,True,False,True,-0.104884,0.5902101,0.1269827,0.6127588,-0.09585914,-0.2326941,-0.3235566,-0.912127,311.6019,-0.2338554,-0.5676745,-0.7893402,0.01418438,0.5829154,0.1813123,0.6106273,0.009338133,0.5431506,0.2162797,0.5847022,-0.03714095,0.5560251,0.1704719,0.5827556,0.06029864,-0.05606087,0.1118195,0.1388609,0.01662556,-0.07373475,0.1426957,0.1614784,0.009276859,-0.05212943,0.07602927,0.09264981,0.0603738,-0.05600256,0.1118187,0.1388694,0.01658699,-0.07370254,0.1427549,0.1615121,0.009309285,-0.05197856,0.07590707,0.09246792,0.02549415,-0.06041313,0.1081839,0.1265048,-0.8755755,-0.1428192,0.4482234,0.1098448,167.3873,-0.8809062,-0.1436887,0.4509523,16.85535,0,0,0,0,0,0,0,0,0,1,0,0,0.3653679,False,True,False,0.009074032,0.9721382,0.2482211,1.003369,0.4795811,-0.7090554,0.2003026,0.4765725,123.0764,0.5455146,-0.8065373,0.2278405,0.04092597,0.02786183,0.05177891,0.07163988,-0.2036619,0.4141008,0.8241619,0.3283286,141.6653,-0.2156148,0.4384043,0.8725319,0.0068864,1.102995,-0.03659273,1.103623,0.02592115,0.02831127,-0.003263787,0.9992577,4.415592,0.6728578,0.7349002,-0.08472095,False
1773055712954,3.694365,0.05788149,0.8851628,0.2005057,0.9094316,-0.1143792,-0.3787601,-0.7939693,0.4615961,125.0197,-0.1289375,-0.4269691,-0.8950266,-0.005074069,0.9914065,0.2310387,1.017984,-0.002261676,0.9916032,0.2293939,1.017793,-0.0006658584,0.9633971,0.2246095,0.989234,-0.01903379,-0.07091938,0.1130028,0.1347645,-0.02172599,-0.06940126,0.1114526,0.1330798,-0.006031835,-0.06195497,0.08656038,0.1066185,-0.02032172,-0.0701617,0.113473,0.134951,-0.02224812,-0.07088787,0.1157259,0.137523,-0.00568513,-0.0663479,0.08975021,0.1117563,-0.01608499,-0.06913248,0.1063164,0.1278327,-0.9091892,-0.3081759,-0.2792813,-0.02011627,182.3053,-0.9093732,-0.3082383,-0.2793379,0.07861821,-0.01404965,-0.04080193,0.1136245,0.1215431,0.8954269,0.2563658,0.2377442,0.2756179,148.0023,0.9315065,0.2666956,0.2473237,1.229878,True,False,True,-0.1048348,0.5900946,0.1269994,0.6126425,-0.09572813,-0.2326204,-0.3235573,-0.9121593,311.611,-0.2335768,-0.5675943,-0.7894804,0.01421148,0.5827898,0.181366,0.610524,0.009373464,0.543054,0.216294,0.5846183,-0.03706835,0.5558785,0.1705294,0.5826279,0.06027265,-0.05607232,0.1118223,0.1388565,0.01664325,-0.07375281,0.1426631,0.1614597,0.009265592,-0.05217599,0.07606395,0.09270334,0.06035298,-0.05601692,0.1118195,0.1388667,0.01659856,-0.07371287,0.142736,0.1615013,0.009300299,-0.05201931,0.07593939,0.09251645,0.02549269,-0.06043479,0.1081873,0.1265177,-0.8754913,-0.1429256,0.4483865,0.1097128,167.4025,-0.8808084,-0.1437937,0.4511097,16.83448,0,0,0,0,0,0,0,0,0,1,0,0,0.3657329,False,True,False,0.01076151,0.9714795,0.2477663,1.002635,0.4884244,-0.6878617,0.2006616,0.498019,120.262,0.563242,-0.7932294,0.2313993,0.03923849,0.02852046,0.05223371,0.0712842,-0.1830131,0.4112671,0.8208158,0.3516065,138.8288,-0.1954959,0.4393185,0.8768014,0.006658156,1.103071,-0.03664237,1.103699,0.02594612,0.0277124,-0.002635058,0.9992757,4.36172,0.6818265,0.7282418,-0.06924551,False
1773055712968,3.708439,0.05875275,0.8877051,0.198983,0.9116284,-0.1367528,-0.3743757,-0.7803164,0.4819211,122.3781,-0.1560723,-0.4272648,-0.8905539,-0.007160962,0.9919646,0.2296304,1.018222,-0.002528504,0.9929293,0.2294638,1.019102,0.0006505959,0.9637368,0.2245738,0.9895567,-0.01833415,-0.07316143,0.1115333,0.1346418,-0.02154383,-0.06930871,0.1114212,0.1329756,-0.006103802,-0.06088298,0.08524572,0.1049325,-0.01989007,-0.07080278,0.1130591,0.1348741,-0.02209859,-0.07055648,0.1147681,0.1365221,-0.005773795,-0.06516305,0.08873367,0.1102417,-0.01592082,-0.06884077,0.1055203,0.1269924,-0.9230495,0.2683213,-0.2172564,0.1696556,160.4644,-0.9366274,0.2722682,-0.2204522,0.1853502,-0.0138947,-0.04052658,0.112873,0.1207302,0.8954269,0.2563658,0.2377442,0.2756179,148.0023,0.9315065,0.2666956,0.2473237,1.236979,True,False,True,-0.1048655,0.5900303,0.1269992,0.6125858,-0.09570792,-0.2325015,-0.3236264,-0.9121673,311.6132,-0.2335376,-0.5673286,-0.7896831,0.01415403,0.5826863,0.1814079,0.6104363,0.009334721,0.5429998,0.2162955,0.5845679,-0.03706915,0.5557694,0.1705543,0.5825312,0.06022503,-0.05609904,0.1118285,0.1388516,0.01666149,-0.07376261,0.1426461,0.161451,0.009255312,-0.05223377,0.07609413,0.0927596,0.06032612,-0.05603416,0.1118214,0.1388635,0.01661175,-0.0737233,0.1427172,0.1614908,0.009290862,-0.05206444,0.0759719,0.09256758,0.0254884,-0.06045882,0.1081898,0.1265304,-0.8754233,-0.143024,0.4485255,0.109559,167.4202,-0.880725,-0.1438902,0.4512419,16.81089,0,0,0,0,0,0,0,0,0,1,0,0,0.3662387,False,True,False,0.01304027,0.9862886,0.2508599,1.017775,0.4952991,-0.669804,0.2007387,0.515505,117.9376,0.5780218,-0.7816718,0.2342652,0.03695973,0.01371139,0.0491401,0.0629982,-0.1656483,0.4086378,0.8174698,0.3705659,136.499,-0.1783454,0.4399603,0.8801295,0.006260457,1.103136,-0.03668933,1.103764,0.02577313,0.02722806,-0.002361906,0.9992942,4.30572,0.6860771,0.7248072,-0.06287361,False
1773055712982,3.72243,0.0595721,0.8900516,0.197564,0.9136587,-0.1553577,-0.3706298,-0.7682974,0.4982134,120.2363,-0.1791788,-0.4274586,-0.8861006,-0.008436769,0.9926797,0.2287301,1.018726,-0.002451062,0.9942208,0.229342,1.020333,0.002315514,0.9641508,0.2243305,0.9899072,-0.01783372,-0.07463812,0.1105061,0.1345381,-0.02138841,-0.06915831,0.1112994,0.1327701,-0.006197359,-0.05962338,0.08397314,0.1031738,-0.01944592,-0.0716143,0.112519,0.1347861,-0.02194857,-0.07026454,0.114001,0.1357022,-0.005863042,-0.06396443,0.08766574,0.1086789,-0.007670888,-0.06474323,0.09070495,0.1117046,-0.874868,0.3977166,-0.1631405,0.2231877,154.2073,-0.8975071,0.4080084,-0.1673622,0.3601726,-0.00610699,-0.03665861,0.09888775,0.1056406,0.8954269,0.2563658,0.2377442,0.2756179,148.0023,0.9315065,0.2666956,0.2473237,1.247342,True,False,True,-0.1048988,0.5899673,0.1269976,0.6125304,-0.09569557,-0.2323772,-0.3237093,-0.9121708,311.6142,-0.2335119,-0.5670359,-0.7899004,0.01409273,0.5825826,0.1814502,0.6103485,0.009294726,0.5429478,0.2162941,0.5845184,-0.03707111,0.5556605,0.1705765,0.5824338,0.06017412,-0.05612694,0.1118354,0.1388463,0.01668086,-0.07377271,0.1426286,0.1614422,0.009244807,-0.0522936,0.07612414,0.09281687,0.06029436,-0.05605355,0.1118243,0.1388599,0.01662617,-0.07373361,0.1426987,0.1614806,0.009281246,-0.05211245,0.07600374,0.09261974,0.02548163,-0.06048441,0.1081914,0.1265427,-0.875372,-0.143114,0.4486381,0.1093896,167.4398,-0.8806568,-0.143978,0.4513467,16.78539,0,0,0,0,0,0,0,0,0,1,0,0,0.3667492,False,True,False,0.0144044,0.9878997,0.2496787,1.019065,0.5048743,-0.6458405,0.1996721,0.536771,115.0718,0.5983853,-0.7654607,0.2366546,0.0355956,0.01210034,0.0503213,0.06281479,-0.1437199,0.4033384,0.8128738,0.3948405,133.4879,-0.1564299,0.4390079,0.8847609,0.005948901,1.103194,-0.03674516,1.103821,0.02564836,0.02677365,-0.002230666,0.99931,4.257265,0.6905285,0.7208247,-0.06005603,False
1773055712996,3.736016,0.05997744,0.8922696,0.1966277,0.9156444,-0.1818968,-0.3641633,-0.7520101,0.5184395,117.5447,-0.2127163,-0.425865,-0.8794264,-0.01112927,0.9923418,0.2283398,1.018335,-0.002392188,0.9963349,0.2314301,1.022863,0.002868891,0.9654478,0.2255514,0.991449,-0.01689216,-0.07755803,0.1083543,0.1343178,-0.02116621,-0.06877346,0.1126951,0.1337086,-0.006251242,-0.05947284,0.08385918,0.1029974,-0.01890702,-0.07283451,0.1116627,0.134651,-0.02178712,-0.06995992,0.1137196,0.135282,-0.00594293,-0.06301328,0.08683272,0.1074519,-0.008359492,-0.06429134,0.09108304,0.1118006,-0.8208016,0.4945138,-0.1061082,0.2654843,149.2085,-0.8513522,0.5129198,-0.1100575,0.6061109,-0.006757011,-0.03623204,0.09924465,0.1058675,0.8954269,0.2563658,0.2377442,0.2756179,148.0023,0.9315065,0.2666956,0.2473237,1.251532,True,False,True,-0.1048867,0.5900364,0.1269693,0.6125891,-0.09573592,-0.2322376,-0.3237581,-0.9121848,311.6181,-0.2336281,-0.5667386,-0.7900795,0.01407452,0.5826178,0.1814719,0.6103881,0.009296492,0.5430053,0.2162604,0.5845594,-0.03703387,0.555675,0.1705628,0.5824413,0.06013421,-0.05613214,0.1118479,0.1388413,0.01669795,-0.07378613,0.142611,0.1614345,0.00923517,-0.05235207,0.07614735,0.0928679,0.06026167,-0.0560696,0.1118291,0.1388561,0.01664081,-0.07374432,0.1426808,0.1614712,0.009271847,-0.05216148,0.07603308,0.09267047,0.02547412,-0.06050957,0.1081922,0.1265539,-0.8753309,-0.1432433,0.4487247,0.1091935,167.4623,-0.8805964,-0.144105,0.451424,16.76036,0,0,0,0,0,0,0,0,0,1,0,0,0.3670251,False,True,False,0.01715378,0.9740377,0.2455948,1.004669,0.5121443,-0.6254461,0.1987343,0.5541031,112.7021,0.6152266,-0.7513334,0.2387348,0.03284622,0.02596229,0.05440521,0.06865014,-0.1252669,0.3988548,0.8083118,0.4145544,131.0175,-0.1376522,0.4382901,0.8882306,0.005687294,1.103247,-0.03683203,1.103876,0.02542825,0.02619094,-0.00189656,0.9993317,4.189608,0.695645,0.7165099,-0.05188451,False
1773055713010,3.749871,0.06036603,0.8942128,0.1957727,0.9173808,-0.2025182,-0.3589293,-0.7382691,0.5339615,115.453,-0.2395223,-0.4245128,-0.8731655,-0.01277686,0.9923649,0.2283286,1.018374,-0.002124183,0.99823,0.232945,1.025052,0.003649779,0.9665687,0.2263246,0.9927191,-0.01638431,-0.07943092,0.1068966,0.1341812,-0.02096703,-0.06842835,0.1138113,0.1344435,-0.006311773,-0.05914409,0.08363522,0.102629,-0.0183665,-0.07420095,0.1106726,0.1345048,-0.02161525,-0.06964166,0.1137396,0.1351069,-0.006019999,-0.06218054,0.08612392,0.1063954,-0.009130249,-0.06414218,0.09183955,0.1123925,-0.7823511,0.5451338,-0.0569579,0.295824,145.5861,-0.8190078,0.5706758,-0.05962664,0.9080658,-0.007484565,-0.03609122,0.09995876,0.106538,0.8954269,0.2563658,0.2377442,0.2756179,148.0023,0.9315065,0.2666956,0.2473237,1.271704,True,False,True,-0.104874,0.5901144,0.1269381,0.6126555,-0.09578899,-0.2320921,-0.3238141,-0.9121963,311.6213,-0.2337723,-0.5664189,-0.7902659,0.01405554,0.5826618,0.1814931,0.610436,0.009299472,0.5430695,0.2162223,0.584605,-0.03699575,0.5556965,0.1705444,0.582454,0.06009312,-0.05613529,0.1118619,0.138836,0.01671553,-0.07380032,0.1425931,0.161427,0.009225462,-0.05241198,0.07616957,0.09291893,0.06022671,-0.05608322,0.1118359,0.1388519,0.01665629,-0.07375592,0.1426626,0.1614621,0.009262236,-0.05221355,0.07606141,0.09272207,0.02546564,-0.06053541,0.1081923,0.1265646,-0.8752972,-0.1434155,0.448791,0.1089652,167.4887,-0.8805404,-0.1442746,0.4514793,16.73469,0,0,0,0,0,0,0,0,0,1,0,0,0.3672479,False,True,False,0.01928021,0.9768637,0.2455713,1.007442,0.5203026,-0.5975848,0.195438,0.5779114,109.3924,0.637548,-0.732245,0.2394782,0.03071979,0.02313632,0.05442867,0.06664439,-0.09847686,0.3920326,0.802193,0.4394306,127.8649,-0.1096287,0.4364275,0.8930356,0.00533713,1.103291,-0.03689356,1.10392,0.02547721,0.02594505,-0.001391393,0.9993378,4.170506,0.7001777,0.713035,-0.03823896,False
1773055713024,3.764053,0.0603824,0.897375,0.1927309,0.9198223,-0.2354317,-0.3543594,-0.7159132,0.553597,112.7717,-0.2827042,-0.4255115,-0.8596618,-0.01320986,0.994723,0.2269391,1.020367,-0.002067573,1.001193,0.2315266,1.027617,0.004397616,0.9692214,0.2248994,0.994982,-0.01656927,-0.07987987,0.1066332,0.1342608,-0.0205737,-0.06828679,0.1143457,0.1347639,-0.006391206,-0.05884376,0.0834751,0.1023305,-0.01797474,-0.07540592,0.1098195,0.1344227,-0.02139292,-0.0693546,0.1138735,0.1350366,-0.006098968,-0.06144913,0.08552779,0.1054903,-0.009715471,-0.06408928,0.09245548,0.1129152,-0.7568043,0.5713176,-0.01852828,0.3170176,143.0347,-0.7979635,0.602389,-0.01953595,1.193294,-0.007484565,-0.03609122,0.09995876,0.106538,0.8954269,0.2563658,0.2377442,0.2756179,148.0023,0.9315065,0.2666956,0.2473237,1.226203,False,True,False,-0.1048619,0.5902471,0.1268639,0.6127659,-0.09581179,-0.2318839,-0.323947,-0.9121997,311.6223,-0.2338323,-0.5659213,-0.7906047,0.01403619,0.5827733,0.1814751,0.6105366,0.009296291,0.5432031,0.2161574,0.5847051,-0.03696569,0.5557916,0.1704924,0.5825276,0.06005963,-0.05614996,0.1118673,0.1388318,0.01673282,-0.07381459,0.1425761,0.1614204,0.009217494,-0.05245998,0.07618885,0.09296103,0.06019142,-0.05609732,0.1118425,0.1388476,0.01667243,-0.0737683,0.1426444,0.1614533,0.009252794,-0.05226572,0.07608834,0.0927726,0.02545688,-0.06056166,0.1081915,0.1265747,-0.8752677,-0.1435903,0.4488475,0.1087389,167.5148,-0.8804887,-0.1444469,0.4515249,16.70912,0,0,0,0,0,0,0,0,0,1,0,0,0.3668089,False,True,False,0.02084215,0.9798312,0.245348,1.010297,0.5262394,-0.5749563,0.1929423,0.596046,106.8255,0.6553822,-0.7160546,0.2402916,0.02915785,0.02016884,0.05465205,0.06514452,-0.07740224,0.3864209,0.7963918,0.4587463,125.3875,-0.08710902,0.4348807,0.8962649,0.005056719,1.10338,-0.03695041,1.10401,0.02520752,0.0253737,-0.0009700602,0.9993597,4.100846,0.704536,0.7091807,-0.02711264,False
1773055713037,3.777632,0.06046653,0.9002581,0.1900324,0.9220809,-0.258918,-0.3502653,-0.6986382,0.5676094,110.8326,-0.3144888,-0.4254417,-0.8485848,-0.01359019,0.9968984,0.2254203,1.022157,-0.001888163,1.004028,0.2302285,1.030088,0.005291946,0.9716374,0.2233864,0.9969999,-0.01677529,-0.08041091,0.1062717,0.1343168,-0.02027403,-0.06816769,0.1149046,0.1351331,-0.006473457,-0.0583888,0.08325511,0.1018949,-0.0177224,-0.07643671,0.1090931,0.1343799,-0.02116209,-0.06911141,0.1140926,0.1350605,-0.006175925,-0.0608008,0.08503469,0.1047176,-0.01015559,-0.06407683,0.09294455,0.1133475,-0.7368114,0.5882491,0.01255255,0.3330382,141.0934,-0.7814201,0.6238633,0.01331251,1.45339,-0.007484565,-0.03609122,0.09995876,0.106538,0.8954269,0.2563658,0.2377442,0.2756179,148.0023,0.9315065,0.2666956,0.2473237,1.299998,False,True,False,-0.1048493,0.5903907,0.1267845,0.6128857,-0.09584101,-0.2316627,-0.3240957,-0.9122,311.6223,-0.2339039,-0.5653825,-0.790969,0.01401634,0.5828973,0.1814541,0.6106483,0.009293117,0.5433477,0.2160883,0.5848138,-0.03693605,0.5558986,0.1704351,0.5826111,0.06002645,-0.05616453,0.1118726,0.1388276,0.01675026,-0.07382922,0.1425592,0.1614139,0.009209676,-0.05250729,0.07620703,0.09300186,0.06015775,-0.05611103,0.1118486,0.1388435,0.0166883,-0.07378072,0.142627,0.1614452,0.009244002,-0.05231513,0.07611258,0.09281944,0.02544836,-0.06058684,0.1081898,0.1265837,-0.8752435,-0.1437587,0.448892,0.1085269,167.5392,-0.880444,-0.1446129,0.4515592,16.68503,0,0,0,0,0,0,0,0,0,1,0,0,0.3665323,False,True,False,0.02084215,0.9798312,0.245348,1.010297,0.5262394,-0.5749563,0.1929423,0.596046,106.8255,0.6553822,-0.7160546,0.2402916,0.02915785,0.02016884,0.05465205,0.06514452,-0.07740224,0.3864209,0.7963918,0.4587463,125.3875,-0.08710902,0.4348807,0.8962649,0.004807222,1.103518,-0.03701929,1.104149,0.02483795,0.02479094,-0.0004237807,0.999384,4.022399,0.7077314,0.706392,-0.01207519,False
1773055713052,3.79157,0.05981383,0.9035606,0.1876513,0.924777,-0.2882544,-0.3493863,-0.675688,0.5816221,108.8706,-0.3543564,-0.429507,-0.8306355,-0.01438167,1.000113,0.2234856,1.02488,-0.002867684,1.008081,0.2282947,1.033612,0.00583047,0.9746861,0.2214446,0.9995423,-0.01721566,-0.08052533,0.1063014,0.1344645,-0.02001306,-0.06845361,0.1159155,0.1360986,-0.006557859,-0.05754314,0.08291522,0.1011393,-0.0176138,-0.0772991,0.1085081,0.1343853,-0.02092006,-0.06897379,0.114486,0.1352852,-0.006256027,-0.06009632,0.08456671,0.1039338,-0.0104757,-0.06397577,0.0932747,0.1135905,-0.7176649,0.6032072,0.04007901,0.3456759,139.5539,-0.7648125,0.6428354,0.04271203,1.690838,-0.007484565,-0.03609122,0.09995876,0.106538,0.8954269,0.2563658,0.2377442,0.2756179,148.0023,0.9315065,0.2666956,0.2473237,1.012129,False,True,False,-0.1048449,0.5904851,0.1267683,0.6129725,-0.09601232,-0.2313611,-0.3240888,-0.912261,311.6394,-0.2343997,-0.5648334,-0.7912143,0.01398084,0.5829166,0.1815041,0.6106807,0.009257443,0.5433794,0.2160928,0.5848444,-0.03692667,0.5559173,0.1704411,0.58263,0.05999425,-0.056173,0.1118801,0.1388232,0.01676336,-0.07383614,0.1425559,0.1614155,0.009202004,-0.05255697,0.0762315,0.0930492,0.06012368,-0.05612394,0.1118552,0.1388393,0.01670392,-0.07379225,0.1426122,0.161439,0.00923526,-0.05236562,0.07613736,0.09286736,0.02543946,-0.06061213,0.1081899,0.126594,-0.8752206,-0.1439243,0.4489393,0.1082964,167.5658,-0.8803986,-0.1447758,0.4515953,16.66124,0,0,0,0,0,0,0,0,0,1,0,0,0.3664711,False,True,False,0.02084215,0.9798312,0.245348,1.010297,0.5262394,-0.5749563,0.1929423,0.596046,106.8255,0.6553822,-0.7160546,0.2402916,0.02915785,0.02016884,0.05465205,0.06514452,-0.07740224,0.3864209,0.7963918,0.4587463,125.3875,-0.08710902,0.4348807,0.8962649,0.004586741,1.103635,-0.03708142,1.104267,0.02429811,0.02419456,6.526934E-05,0.9994119,3.930063,0.7086193,0.7055992,0.001903486,False
1773055713065,3.8054,0.05935821,0.9064149,0.1855867,0.9271213,-0.3098084,-0.3476836,-0.6577731,0.5920045,107.4012,-0.3844088,-0.4314043,-0.8161619,-0.0149997,1.002824,0.2218879,1.027188,-0.003526002,1.011429,0.2268439,1.036561,0.00655435,0.9772575,0.2197423,1.00168,-0.01759847,-0.08068578,0.1062766,0.1345905,-0.01973447,-0.06864778,0.1167127,0.136835,-0.006647168,-0.05663807,0.08257292,0.1003511,-0.01761054,-0.07801066,0.1080426,0.1344209,-0.02067181,-0.06890601,0.1149612,0.1356151,-0.006337536,-0.05935281,0.08413034,0.1031544,-0.01071034,-0.06379935,0.09348961,0.1136898,-0.6997173,0.6163598,0.06419176,0.3554939,138.3526,-0.7486181,0.659435,0.06867789,1.909283,-0.007484565,-0.03609122,0.09995876,0.106538,0.8954269,0.2563658,0.2377442,0.2756179,148.0023,0.9315065,0.2666956,0.2473237,0.8693215,False,True,False,-0.1048408,0.5905849,0.1267524,0.6130646,-0.09620876,-0.2310376,-0.3240726,-0.9123281,311.6582,-0.234965,-0.5642494,-0.7914634,0.01394332,0.5829347,0.1815575,0.6107131,0.009217925,0.5434077,0.2160999,0.5848727,-0.03691979,0.5559365,0.1704472,0.5826498,0.05996239,-0.05618046,0.1118881,0.1388189,0.01677613,-0.07384223,0.1425548,0.1614187,0.00919449,-0.0526066,0.07625612,0.09309667,0.06009027,-0.05613564,0.111862,0.138835,0.01671886,-0.07380259,0.1426003,0.1614348,0.009226825,-0.05241563,0.07616197,0.09291489,0.02543048,-0.06063673,0.1081915,0.1266054,-0.8751995,-0.1440829,0.4489879,0.1080551,167.5936,-0.880354,-0.1449315,0.4516322,16.63846,0,0,0,0,0,0,0,0,0,1,0,0,0.3664437,False,True,False,0.02084215,0.9798312,0.245348,1.010297,0.5262394,-0.5749563,0.1929423,0.596046,106.8255,0.6553822,-0.7160546,0.2402916,0.02915785,0.02016884,0.05465205,0.06514452,-0.07740224,0.3864209,0.7963918,0.4587463,125.3875,-0.08710902,0.4348807,0.8962649,0.004346352,1.103676,-0.03714072,1.10431,0.02372775,0.02379946,0.0002684829,0.9994351,3.851799,0.7060305,0.7081643,0.007988835,False
1773055713078,3.819322,0.05903442,0.908938,0.1837569,0.9292039,-0.3273451,-0.345612,-0.6424978,0.6004949,106.1893,-0.4093715,-0.4322158,-0.8034953,-0.01566579,1.005023,0.2205035,1.029048,-0.003959998,1.014298,0.2256975,1.039113,0.007383507,0.9795129,0.2182126,1.003552,-0.01787518,-0.08104671,0.1060676,0.134679,-0.01943503,-0.06878388,0.1173713,0.1374226,-0.006740005,-0.05572556,0.08224993,0.09957819,-0.01766694,-0.07865302,0.1076279,0.13447,-0.02041142,-0.06888049,0.1154758,0.1359993,-0.006421831,-0.05856856,0.08371773,0.1023727,-0.01090306,-0.06358387,0.09365588,0.1137243,-0.6825835,0.6279235,0.08644167,0.3637578,137.3377,-0.7327839,0.674104,0.09279899,2.126297,-0.007484565,-0.03609122,0.09995876,0.106538,0.8954269,0.2563658,0.2377442,0.2756179,148.0023,0.9315065,0.2666956,0.2473237,0.8854415,False,True,False,-0.1048369,0.5906898,0.1267367,0.6131618,-0.09650808,-0.2305703,-0.3240383,-0.9124268,311.6858,-0.2358227,-0.563411,-0.7918053,0.01389275,0.5829288,0.1816337,0.610729,0.009153835,0.543403,0.2161203,0.5848749,-0.0369266,0.5559406,0.1704583,0.5826573,0.05993066,-0.05618702,0.1118961,0.1388143,0.01678857,-0.07384744,0.1425557,0.1614232,0.009187134,-0.05265624,0.07628075,0.09314416,0.06005704,-0.05614633,0.1118691,0.1388307,0.01673336,-0.07381192,0.1425911,0.1614324,0.00921857,-0.05246582,0.0761867,0.09296267,0.02542131,-0.06066102,0.1081947,0.1266179,-0.8751798,-0.1442368,0.4490383,0.1078002,167.623,-0.8803098,-0.1450823,0.4516704,16.61632,0,0,0,0,0,0,0,0,0,1,0,0,0.3664039,False,True,False,0.02084215,0.9798312,0.245348,1.010297,0.5262394,-0.5749563,0.1929423,0.596046,106.8255,0.6553822,-0.7160546,0.2402916,0.02915785,0.02016884,0.05465205,0.06514452,-0.07740224,0.3864209,0.7963918,0.4587463,125.3875,-0.08710902,0.4348807,0.8962649,0.004056767,1.103765,-0.03720986,1.1044,0.02353439,0.02354048,0.000544788,0.9994457,3.815451,0.7069491,0.707132,0.01636488,False
1773055713093,3.833426,0.05864872,0.9106839,0.1823892,0.9306185,-0.3535394,-0.3408304,-0.6193383,0.6125884,104.4462,-0.4472906,-0.4312114,-0.7835736,-0.01599667,1.006748,0.2200637,1.030643,-0.004157238,1.016391,0.2250326,1.041012,0.009107299,0.9808875,0.217366,1.004724,-0.01859145,-0.08124151,0.1060952,0.1349149,-0.0193714,-0.06893481,0.1178128,0.1378663,-0.006837451,-0.05415215,0.08172511,0.09827614,-0.01786541,-0.07920691,0.1073025,0.1345613,-0.02019021,-0.06889195,0.1159777,0.1363986,-0.006509757,-0.05760293,0.08327711,0.101467,-0.0110561,-0.06320599,0.09367239,0.1135418,-0.6655767,0.6385668,0.1070396,0.371191,136.4218,-0.7167864,0.6876983,0.1152752,2.341272,-0.007484565,-0.03609122,0.09995876,0.106538,0.8954269,0.2563658,0.2377442,0.2756179,148.0023,0.9315065,0.2666956,0.2473237,1.015647,False,True,False,-0.1048375,0.5908397,0.1266948,0.6132977,-0.09686838,-0.230029,-0.3240418,-0.9125241,311.7131,-0.2368287,-0.5623865,-0.7922338,0.0138345,0.5829824,0.1816907,0.6107957,0.009077199,0.5434318,0.2161178,0.5848995,-0.03694416,0.555984,0.170437,0.5826936,0.05991601,-0.05617905,0.1119014,0.138809,0.01680146,-0.07385161,0.1425568,0.1614273,0.00918054,-0.05270644,0.07629775,0.09318582,0.06002737,-0.05615321,0.1118759,0.1388261,0.01674767,-0.07382026,0.1425839,0.1614313,0.009210579,-0.05251652,0.07621007,0.09300964,0.02541376,-0.06068429,0.1081988,0.126631,-0.8751536,-0.1444093,0.4491019,0.1075159,167.6557,-0.8802561,-0.1452512,0.4517204,16.59633,0,0,0,0,0,0,0,0,0,1,0,0,0.3662067,False,True,False,0.02084215,0.9798312,0.245348,1.010297,0.5262394,-0.5749563,0.1929423,0.596046,106.8255,0.6553822,-0.7160546,0.2402916,0.02915785,0.02016884,0.05465205,0.06514452,-0.07740224,0.3864209,0.7963918,0.4587463,125.3875,-0.08710902,0.4348807,0.8962649,0.003857221,1.103819,-0.03729324,1.104455,0.02341407,0.02303645,0.0008040413,0.9994601,3.76568,0.7126324,0.7011393,0.02447187,False
1773055713107,3.847153,0.05834289,0.9123934,0.1810651,0.932014,-0.3739039,-0.3366719,-0.6002698,0.6217106,103.1177,-0.4773768,-0.4298413,-0.7663863,-0.01629624,1.008415,0.219476,1.032152,-0.004337586,1.018437,0.2243372,1.042861,0.01055869,0.9823627,0.2163305,1.005956,-0.01917743,-0.08142051,0.1061029,0.1351107,-0.01929387,-0.06909091,0.118255,0.1383115,-0.006919061,-0.05281473,0.08133212,0.09722234,-0.01814031,-0.07967092,0.1070532,0.1346733,-0.02000361,-0.06893302,0.1164546,0.1367976,-0.006594502,-0.05657648,0.0828569,0.1005468,-0.01118173,-0.06274852,0.09361155,0.1132499,-0.6496154,0.6479946,0.1252862,0.3773674,135.6586,-0.7014803,0.6997301,0.135289,2.546515,-0.007484565,-0.03609122,0.09995876,0.106538,0.8954269,0.2563658,0.2377442,0.2756179,148.0023,0.9315065,0.2666956,0.2473237,1.06821,False,True,False,-0.1048386,0.5909966,0.1266514,0.6134401,-0.09730536,-0.2293977,-0.3240384,-0.9126377,311.7449,-0.2380447,-0.561191,-0.7927169,0.01376855,0.5830269,0.1817588,0.610857,0.008985817,0.5434421,0.21612,0.5849084,-0.03697054,0.556021,0.1704145,0.582724,0.05990412,-0.05616814,0.1119065,0.1388035,0.01681422,-0.07385493,0.1425594,0.1614325,0.009174222,-0.05275668,0.07631354,0.09322655,0.060002,-0.05615628,0.1118822,0.1388214,0.01676136,-0.07382739,0.1425788,0.1614316,0.009203102,-0.05256606,0.07623138,0.09305434,0.02540798,-0.06070588,0.1082034,0.1266442,-0.8751225,-0.1445936,0.4491755,0.1072133,167.6906,-0.880196,-0.1454319,0.4517795,16.57899,0,0,0,0,0,0,0,0,0,1,0,0,0.3661046,False,True,False,0.02084215,0.9798312,0.245348,1.010297,0.5262394,-0.5749563,0.1929423,0.596046,106.8255,0.6553822,-0.7160546,0.2402916,0.02915785,0.02016884,0.05465205,0.06514452,-0.07740224,0.3864209,0.7963918,0.4587463,125.3875,-0.08710902,0.4348807,0.8962649,0.003571492,1.103857,-0.03738819,1.104496,0.02333291,0.02255854,0.001494446,0.9994721,3.723661,0.7181776,0.6943427,0.04599846,False
1773055713123,3.864051,0.05801991,0.9125415,0.1806362,0.9320557,-0.395801,-0.3372135,-0.5745299,0.632095,101.5903,-0.5107829,-0.4351754,-0.7414333,-0.01760866,1.007855,0.2191645,1.031559,-0.005727433,1.018201,0.2232187,1.042398,0.01141371,0.9821054,0.2153434,1.005502,-0.0194269,-0.08150733,0.1061078,0.1352025,-0.01926288,-0.06920006,0.11817,0.1382891,-0.007006819,-0.05123607,0.08090635,0.09602118,-0.0184559,-0.08012286,0.1068224,0.134801,-0.01982258,-0.06899774,0.116875,0.1371619,-0.006694765,-0.05523235,0.08236414,0.09939459,-0.01128797,-0.06206779,0.09340027,0.1127095,-0.6345466,0.6553164,0.144382,0.3834903,134.8999,-0.6870772,0.7095664,0.1563346,2.771212,-0.007484565,-0.03609122,0.09995876,0.106538,0.8954269,0.2563658,0.2377442,0.2756179,148.0023,0.9315065,0.2666956,0.2473237,1.101024,False,True,False,-0.1048385,0.5911501,0.1266363,0.6135848,-0.09757356,-0.2289642,-0.3239941,-0.9127337,311.7718,-0.238826,-0.5604243,-0.7930243,0.01371974,0.5831011,0.1818232,0.6109458,0.008922368,0.5434991,0.2161554,0.5849736,-0.03698108,0.5560771,0.1704176,0.5827792,0.05989553,-0.05615745,0.1119086,0.1387972,0.01682446,-0.07385056,0.1425753,0.1614456,0.009168349,-0.0528083,0.0763298,0.0932685,0.05997624,-0.05615656,0.1118886,0.1388156,0.01677661,-0.07383299,0.142578,0.161435,0.009194702,-0.05262476,0.07625519,0.09310619,0.02540262,-0.06073001,0.1082113,0.1266614,-0.8750809,-0.1447998,0.449284,0.1068196,167.736,-0.8801165,-0.145633,0.4518694,16.56146,0,0,0,0,0,0,0,0,0,1,0,0,0.3655398,False,True,False,0.02084215,0.9798312,0.245348,1.010297,0.5262394,-0.5749563,0.1929423,0.596046,106.8255,0.6553822,-0.7160546,0.2402916,0.02915785,0.02016884,0.05465205,0.06514452,-0.07740224,0.3864209,0.7963918,0.4587463,125.3875,-0.08710902,0.4348807,0.8962649,0.003326476,1.103877,-0.03750052,1.104519,0.02303011,0.02226046,0.001865346,0.9994852,3.67712,0.7178105,0.6938216,0.05813973,False
1773055713135,3.875048,0.05776936,0.912797,0.180202,0.9322063,-0.4132291,-0.336538,-0.5536488,0.6398882,100.433,-0.5377311,-0.4379337,-0.7204579,-0.01851699,1.007591,0.2190111,1.031284,-0.006769247,1.018046,0.2224298,1.042084,0.01232009,0.9821067,0.2144689,1.005327,-0.01966829,-0.08159732,0.1061147,0.1352971,-0.01922233,-0.06938052,0.117999,0.1382278,-0.007082025,-0.04983991,0.08057724,0.09500981,-0.01866707,-0.08038126,0.1066995,0.1348866,-0.01971822,-0.06906366,0.1170706,0.1373467,-0.006761731,-0.05426148,0.08204236,0.09859502,-0.01133621,-0.06153145,0.09318031,0.1122372,-0.6259123,0.6588107,0.156105,0.3870836,134.4537,-0.6788307,0.7145106,0.169303,2.908051,-0.007484565,-0.03609122,0.09995876,0.106538,0.8954269,0.2563658,0.2377442,0.2756179,148.0023,0.9315065,0.2666956,0.2473237,1.158888,False,True,False,-0.1048388,0.5913092,0.126622,0.6137351,-0.09782829,-0.2285633,-0.3239446,-0.9128244,311.7973,-0.2395683,-0.5597208,-0.7932969,0.0136738,0.5831875,0.1818815,0.6110446,0.008863814,0.5435677,0.216191,0.5850495,-0.03698947,0.5561413,0.1704184,0.5828412,0.05988966,-0.05614441,0.1119101,0.1387906,0.01683418,-0.07384425,0.1425944,0.1614606,0.009162777,-0.05286023,0.07634509,0.09330988,0.05996135,-0.05615447,0.1118923,0.1388113,0.0167865,-0.07383493,0.1425808,0.1614394,0.009189218,-0.05266533,0.07627065,0.09314124,0.02539996,-0.06074572,0.1082184,0.1266744,-0.8750489,-0.1449341,0.449373,0.1065236,167.7701,-0.8800564,-0.1457635,0.4519445,16.55138,0,0,0,0,0,0,0,0,0,1,0,0,0.3661466,False,True,False,0.02084215,0.9798312,0.245348,1.010297,0.5262394,-0.5749563,0.1929423,0.596046,106.8255,0.6553822,-0.7160546,0.2402916,0.02915785,0.02016884,0.05465205,0.06514452,-0.07740224,0.3864209,0.7963918,0.4587463,125.3875,-0.08710902,0.4348807,0.8962649,0.003094163,1.103914,-0.03758518,1.104558,0.02304376,0.0216777,0.002377055,0.9994966,3.636231,0.7263134,0.6832568,0.07492213,False
1773055713149,3.888808,0.05751324,0.9131806,0.1796698,0.9324633,-0.4281441,-0.335236,-0.5354468,0.6462246,99.48489,-0.5610242,-0.4392808,-0.7016298,-0.01925888,1.007568,0.2188255,1.031236,-0.007668413,1.018055,0.2217534,1.041955,0.01320754,0.9823306,0.2135319,1.005358,-0.01991744,-0.08169318,0.106124,0.1353986,-0.01917278,-0.06960788,0.1178376,0.1381975,-0.007149686,-0.04853235,0.08030815,0.09410582,-0.01892755,-0.08065674,0.1065797,0.1349926,-0.01960458,-0.06917597,0.1172303,0.1375231,-0.006842167,-0.05302431,0.08166921,0.09761277,-0.01137467,-0.06080351,0.09284728,0.1115664,-0.6163064,0.662251,0.169479,0.3909822,133.9687,-0.6696084,0.7195266,0.1841365,3.057968,-0.007484565,-0.03609122,0.09995876,0.106538,0.8954269,0.2563658,0.2377442,0.2756179,148.0023,0.9315065,0.2666956,0.2473237,1.164147,False,True,False,-0.1048393,0.5914734,0.1266084,0.6138906,-0.0980861,-0.2281671,-0.3238878,-0.9129159,311.8229,-0.2403201,-0.5590309,-0.7935556,0.01362829,0.5832803,0.1819385,0.6111491,0.008805536,0.5436406,0.2162295,0.5851306,-0.03699822,0.5562097,0.1704184,0.582907,0.05988619,-0.05612937,0.111911,0.1387838,0.01684333,-0.07383626,0.1426169,0.1614777,0.009157442,-0.05291238,0.07635979,0.09335093,0.05994585,-0.0561493,0.1118961,0.1388056,0.01679821,-0.0738352,0.1425882,0.1614473,0.009182671,-0.05271638,0.07628904,0.09318452,0.02539773,-0.06076438,0.108229,0.126692,-0.8750052,-0.1450937,0.4495011,0.1061245,167.8161,-0.8799746,-0.1459177,0.452054,16.54098,0,0,0,0,0,0,0,0,0,1,0,0,0.3661242,False,True,False,0.02084215,0.9798312,0.245348,1.010297,0.5262394,-0.5749563,0.1929423,0.596046,106.8255,0.6553822,-0.7160546,0.2402916,0.02915785,0.02016884,0.05465205,0.06514452,-0.07740224,0.3864209,0.7963918,0.4587463,125.3875,-0.08710902,0.4348807,0.8962649,0.002872993,1.1039,-0.0377028,1.104547,0.02280354,0.02156691,0.002546445,0.9995041,3.609003,0.7241654,0.6848941,0.0808667,False
1773055713162,3.902725,0.05680817,0.914561,0.1798071,0.9337985,-0.4529656,-0.331315,-0.5053034,0.6555311,98.08013,-0.5998209,-0.43873,-0.6691269,-0.02020284,1.008321,0.2200691,1.032254,-0.00886105,1.01906,0.2218336,1.042963,0.01356152,0.9837579,0.2133735,1.006723,-0.01994795,-0.08173694,0.1061192,0.1354258,-0.0191608,-0.06975663,0.1176573,0.1381172,-0.007197499,-0.04752293,0.08016562,0.09347064,-0.01914162,-0.0808855,0.106483,0.1350833,-0.01951133,-0.06929679,0.1173199,0.137647,-0.00691649,-0.05182395,0.08134344,0.09669703,-0.01139589,-0.06006226,0.09250275,0.1108788,-0.6086798,0.6642503,0.1812146,0.394261,133.5602,-0.6623296,0.722798,0.1971871,3.185806,-0.007484565,-0.03609122,0.09995876,0.106538,0.8954269,0.2563658,0.2377442,0.2756179,148.0023,0.9315065,0.2666956,0.2473237,1.135142,False,True,False,-0.104853,0.5916367,0.1265102,0.6140301,-0.0981907,-0.2278275,-0.3238086,-0.9130177,311.8515,-0.2407107,-0.5585104,-0.7938041,0.0135694,0.5833772,0.1819109,0.6112321,0.008735932,0.5437459,0.2162026,0.5852174,-0.03701742,0.5562911,0.1703453,0.5829645,0.05987152,-0.05612865,0.1119102,0.1387765,0.01685099,-0.07382677,0.142643,0.1614973,0.009151238,-0.05296749,0.07637548,0.0933944,0.05993038,-0.056145,0.1118991,0.1387995,0.01680918,-0.07383345,0.1425996,0.1614577,0.009176136,-0.05276874,0.07630703,0.09322824,0.02539491,-0.06078345,0.1082414,0.1267112,-0.8749655,-0.1452183,0.4496373,0.1057042,167.8645,-0.879895,-0.1460364,0.4521705,16.53144,0,0,0,0,0,0,0,0,0,1,0,0,0.3662276,False,True,False,0.02084215,0.9798312,0.245348,1.010297,0.5262394,-0.5749563,0.1929423,0.596046,106.8255,0.6553822,-0.7160546,0.2402916,0.02915785,0.02016884,0.05465205,0.06514452,-0.07740224,0.3864209,0.7963918,0.4587463,125.3875,-0.08710902,0.4348807,0.8962649,0.002672479,1.10392,-0.03777822,1.104569,0.02279339,0.02148273,0.002764688,0.9995056,3.603577,0.7249332,0.6832484,0.08792964,False
1773055713176,3.916556,0.05596688,0.9163546,0.1798433,0.9355114,-0.4716969,-0.3278338,-0.4813412,0.6620708,97.08401,-0.629398,-0.4374375,-0.6422668,-0.02119732,1.009661,0.2209788,1.033778,-0.01011342,1.020468,0.221881,1.04436,0.01377941,0.985615,0.2130075,1.008464,-0.02001971,-0.08179063,0.1061173,0.1354672,-0.01914968,-0.06992182,0.11744,0.1380142,-0.007243664,-0.04643979,0.08003645,0.0928168,-0.01932465,-0.08107615,0.1064066,0.1351634,-0.01943574,-0.06942613,0.117345,0.1377228,-0.006984579,-0.05065329,0.08106219,0.09584163,-0.01140225,-0.05930362,0.09214814,0.1101735,-0.6024158,0.6653079,0.1916618,0.3971479,133.2,-0.6564018,0.72493,0.2088377,3.292234,-0.007484565,-0.03609122,0.09995876,0.106538,0.8954269,0.2563658,0.2377442,0.2756179,148.0023,0.9315065,0.2666956,0.2473237,1.11836,False,True,False,-0.1048677,0.5918043,0.1264077,0.6141729,-0.09828576,-0.2274967,-0.3237233,-0.9131202,311.8803,-0.2410793,-0.5580133,-0.7940416,0.01351004,0.5834792,0.181877,0.611318,0.008666113,0.5438578,0.2161746,0.5853101,-0.03703728,0.5563771,0.1702675,0.5830251,0.05985719,-0.05612828,0.1119087,0.138769,0.01685802,-0.07381567,0.1426723,0.1615189,0.009145046,-0.05302319,0.07639078,0.0934379,0.05991522,-0.05614154,0.1119011,0.1387932,0.01681929,-0.07382977,0.1426147,0.1614703,0.009169703,-0.05282153,0.07632437,0.09327169,0.02539156,-0.06080258,0.1082553,0.1267316,-0.87493,-0.1453079,0.4497792,0.1052696,167.9146,-0.8798186,-0.1461197,0.4522923,16.52288,0,0,0,0,0,0,0,0,0,1,0,0,0.3663477,False,True,False,0.02084215,0.9798312,0.245348,1.010297,0.5262394,-0.5749563,0.1929423,0.596046,106.8255,0.6553822,-0.7160546,0.2402916,0.02915785,0.02016884,0.05465205,0.06514452,-0.07740224,0.3864209,0.7963918,0.4587463,125.3875,-0.08710902,0.4348807,0.8962649,0.002489115,1.103932,-0.03785869,1.104584,0.02265328,0.0213831,0.003032075,0.99951,3.587029,0.7238014,0.6832176,0.09687871,False
1773055713190,3.930564,0.05511546,0.9183091,0.1797584,0.9373593,-0.4868081,-0.3246719,-0.4611869,0.6670178,96.32537,-0.653397,-0.4357768,-0.6190081,-0.02217463,1.011273,0.2216003,1.035505,-0.01132892,1.022021,0.2218474,1.045883,0.01398279,0.9876575,0.2124391,1.010343,-0.02014403,-0.08185583,0.1061184,0.1355259,-0.01913946,-0.07010078,0.1171877,0.1378891,-0.007287311,-0.04530377,0.0799297,0.09216449,-0.01949691,-0.0812419,0.1063458,0.1352398,-0.01937323,-0.06956708,0.1173119,0.1377569,-0.007048202,-0.04947733,0.08081657,0.09502105,-0.01139715,-0.05850612,0.09177794,0.1094351,-0.5968093,0.6658682,0.2013714,0.3998599,132.8612,-0.6511288,0.7264732,0.2196995,3.381242,-0.007484565,-0.03609122,0.09995876,0.106538,0.8954269,0.2563658,0.2377442,0.2756179,148.0023,0.9315065,0.2666956,0.2473237,1.108509,False,True,False,-0.1048834,0.5919758,0.1263011,0.614319,-0.09837736,-0.2271553,-0.3236278,-0.9132291,311.9109,-0.2414486,-0.5575097,-0.794283,0.01344831,0.5835828,0.1818409,0.6114048,0.008592263,0.5439723,0.2161486,0.5854057,-0.0370598,0.5564654,0.1701868,0.5830872,0.05984334,-0.05612811,0.1119064,0.1387611,0.01686444,-0.07380297,0.1427047,0.1615423,0.009138953,-0.05307946,0.07640567,0.09348142,0.05990019,-0.05613874,0.1119022,0.1387865,0.01682873,-0.07382417,0.1426335,0.1614854,0.009163277,-0.05287559,0.07634138,0.09331559,0.02538772,-0.06082204,0.1082709,0.1267535,-0.8748978,-0.1453659,0.4499296,0.104814,167.9671,-0.8797436,-0.1461711,0.4524216,16.51517,0,0,0,0,0,0,0,0,0,1,0,0,0.3664307,False,True,False,0.02084215,0.9798312,0.245348,1.010297,0.5262394,-0.5749563,0.1929423,0.596046,106.8255,0.6553822,-0.7160546,0.2402916,0.02915785,0.02016884,0.05465205,0.06514452,-0.07740224,0.3864209,0.7963918,0.4587463,125.3875,-0.08710902,0.4348807,0.8962649,0.002286058,1.103953,-0.03794899,1.104607,0.02267898,0.02115418,0.003355559,0.9995133,3.575225,0.7270154,0.678135,0.1075685,False
1773055713205,3.94449,0.05450593,0.9193454,0.1816123,0.9386958,-0.5158992,-0.3266847,-0.4212981,0.6705468,95.78143,-0.6954065,-0.4403546,-0.5678889,-0.02378631,1.011822,0.2226899,1.036311,-0.01343912,1.022848,0.2215108,1.046645,0.01273127,0.9891152,0.2126068,1.011787,-0.02014219,-0.08190416,0.1060932,0.1355351,-0.0191641,-0.07017935,0.1170347,0.1378025,-0.007287062,-0.04526874,0.07998103,0.09219179,-0.01963178,-0.08138193,0.1062929,0.1353019,-0.01932934,-0.06969448,0.1172538,0.1377657,-0.007098157,-0.04855642,0.08063656,0.09439473,-0.01139253,-0.05787111,0.0914808,0.1088466,-0.5925359,0.6661488,0.2087823,0.4019414,132.6008,-0.6471097,0.7275025,0.2280116,3.445496,-0.007484565,-0.03609122,0.09995876,0.106538,0.8954269,0.2563658,0.2377442,0.2756179,148.0023,0.9315065,0.2666956,0.2473237,0.9275293,False,True,False,-0.1049016,0.5920193,0.1262343,0.6143503,-0.09844746,-0.2269955,-0.32351,-0.913303,311.9317,-0.2417189,-0.557344,-0.7943171,0.0134123,0.5835528,0.1817873,0.6113595,0.008547164,0.5439743,0.216131,0.5854005,-0.0370711,0.5564375,0.1701288,0.5830444,0.05983136,-0.05615421,0.1118922,0.138755,0.01686961,-0.07379185,0.1427363,0.1615657,0.009133341,-0.05313208,0.07641964,0.09352218,0.05988586,-0.05614195,0.1119001,0.1387799,0.01683723,-0.07381745,0.1426549,0.1615021,0.00915705,-0.05292909,0.07635768,0.09335864,0.02538344,-0.06084289,0.1082871,0.1267764,-0.8748693,-0.1453422,0.4500937,0.1043786,168.0173,-0.8796744,-0.1461405,0.4525658,16.50818,0,0,0,0,0,0,0,0,0,1,0,0,0.3663375,False,True,False,0.02084215,0.9798312,0.245348,1.010297,0.5262394,-0.5749563,0.1929423,0.596046,106.8255,0.6553822,-0.7160546,0.2402916,0.02915785,0.02016884,0.05465205,0.06514452,-0.07740224,0.3864209,0.7963918,0.4587463,125.3875,-0.08710902,0.4348807,0.8962649,0.002141889,1.103937,-0.03805726,1.104595,0.02234252,0.02109393,0.003691297,0.999521,3.546868,0.7219566,0.6816111,0.1192773,False
1773055713218,3.958341,0.05389516,0.9205111,0.1832638,0.9401229,-0.5357328,-0.3266734,-0.3922991,0.6725893,95.46555,-0.7239476,-0.4414411,-0.5301224,-0.02503589,1.012567,0.224108,1.037373,-0.01514213,1.023658,0.2218877,1.047539,0.01167402,0.9905678,0.2132606,1.013332,-0.0201606,-0.08195869,0.1060672,0.1355504,-0.01925254,-0.07027849,0.1168452,0.1377045,-0.007280468,-0.04524312,0.0801136,0.09229374,-0.01974174,-0.08150328,0.1062457,0.1353539,-0.0193133,-0.06981555,0.1171685,0.1377522,-0.007136113,-0.04783508,0.08052462,0.0939326,-0.01138897,-0.05736615,0.09124753,0.1083822,-0.589436,0.6659575,0.2143908,0.4038594,132.3607,-0.6443183,0.7279648,0.2343528,3.487475,-0.007484565,-0.03609122,0.09995876,0.106538,0.8954269,0.2563658,0.2377442,0.2756179,148.0023,0.9315065,0.2666956,0.2473237,0.7471507,False,True,False,-0.1049208,0.5920597,0.1261661,0.6143785,-0.09851297,-0.2268457,-0.3233818,-0.9133787,311.953,-0.2419806,-0.5572084,-0.794333,0.01337726,0.583517,0.1817274,0.6113067,0.008501939,0.5439734,0.2161137,0.5853926,-0.03708328,0.5564063,0.1700686,0.5829979,0.05981996,-0.05618364,0.1118759,0.1387488,0.01687413,-0.07377963,0.1427703,0.1615907,0.009127903,-0.0531847,0.07643322,0.09356264,0.0598722,-0.05615059,0.1118951,0.1387735,0.01684487,-0.07380962,0.1426788,0.1615204,0.009151013,-0.05298219,0.07637334,0.09340096,0.02537876,-0.06086499,0.1083039,0.1268005,-0.8748443,-0.1452435,0.4502712,0.1039603,168.0655,-0.8796105,-0.1460348,0.4527243,16.50189,0,0,0,0,0,0,0,0,0,1,0,0,0.3662721,False,True,False,0.02084215,0.9798312,0.245348,1.010297,0.5262394,-0.5749563,0.1929423,0.596046,106.8255,0.6553822,-0.7160546,0.2402916,0.02915785,0.02016884,0.05465205,0.06514452,-0.07740224,0.3864209,0.7963918,0.4587463,125.3875,-0.08710902,0.4348807,0.8962649,0.002015506,1.103968,-0.03816513,1.104629,0.0221596,0.02096818,0.004335721,0.9995251,3.531606,0.7191409,0.680476,0.1407062,False
1773055713231,3.972284,0.0543894,0.9220085,0.1848301,0.9419236,-0.5560985,-0.3290304,-0.3481113,0.6791995,94.43777,-0.7576752,-0.4482986,-0.474296,-0.02686805,1.011795,0.2261866,1.037117,-0.01803324,1.022841,0.2226041,1.046939,0.006510228,0.9960747,0.2176395,1.019595,-0.02020586,-0.08203001,0.1060139,0.1355587,-0.01955835,-0.07055353,0.1163488,0.1374677,-0.006844213,-0.04992145,0.08601145,0.09968432,-0.01983867,-0.08161459,0.1061971,0.135397,-0.0193647,-0.06996943,0.1169966,0.1376913,-0.007075069,-0.04828898,0.08169582,0.09516349,-0.01143139,-0.05785986,0.09208728,0.109355,-0.5854334,0.6635311,0.2159695,0.4127366,131.2463,-0.6427327,0.7284743,0.2371075,3.377465,-0.007484565,-0.03609122,0.09995876,0.106538,0.8954269,0.2563658,0.2377442,0.2756179,148.0023,0.9315065,0.2666956,0.2473237,1.139635,False,True,False,-0.1049123,0.5921367,0.1261923,0.6144567,-0.09850837,-0.2267062,-0.3232951,-0.9134445,311.9716,-0.2420571,-0.5570678,-0.7944083,0.01336779,0.583558,0.1817737,0.6113594,0.008488432,0.5440339,0.2161942,0.5854783,-0.03705509,0.5564107,0.1701136,0.5830134,0.05981847,-0.0561934,0.1118647,0.1387431,0.01688239,-0.0737691,0.1427998,0.1616128,0.009118597,-0.05325292,0.07645661,0.09361963,0.059861,-0.0561595,0.1118888,0.1387672,0.01685268,-0.07380118,0.142704,0.1615396,0.009144263,-0.05303872,0.07639069,0.09344657,0.02537555,-0.06088838,0.1083222,0.1268267,-0.8748049,-0.145135,0.4504851,0.1035148,168.1168,-0.8795299,-0.1459189,0.4529183,16.49628,0,0,0,0,0,0,0,0,0,1,0,0,0.3670443,False,True,False,0.02084215,0.9798312,0.245348,1.010297,0.5262394,-0.5749563,0.1929423,0.596046,106.8255,0.6553822,-0.7160546,0.2402916,0.02915785,0.02016884,0.05465205,0.06514452,-0.07740224,0.3864209,0.7963918,0.4587463,125.3875,-0.08710902,0.4348807,0.8962649,0.001893851,1.103979,-0.03828607,1.104645,0.02220486,0.02089372,0.004702586,0.9995241,3.535594,0.7197968,0.6772947,0.1524399,False
1773055713248,3.989064,0.05478606,0.9235104,0.1861758,0.9436812,-0.569967,-0.3294076,-0.3174589,0.6825306,93.91659,-0.7798612,-0.4507142,-0.4343653,-0.02780445,1.011828,0.2280762,1.037588,-0.01975633,1.022654,0.2236012,1.047,0.003885858,0.9996835,0.2204215,1.023703,-0.02025989,-0.08210662,0.1059557,0.1355676,-0.01981352,-0.07080797,0.1158976,0.1372538,-0.006577478,-0.0522525,0.08922776,0.1036107,-0.01994015,-0.08173446,0.1061387,0.1354384,-0.01947323,-0.07017142,0.1167304,0.1375835,-0.006955057,-0.04927534,0.08353314,0.0972328,-0.01149409,-0.05881041,0.09342203,0.1109885,-0.5808723,0.6588479,0.2154962,0.4266947,129.484,-0.6422766,0.7284951,0.2382764,3.187487,-0.007484565,-0.03609122,0.09995876,0.106538,0.8954269,0.2563658,0.2377442,0.2756179,148.0023,0.9315065,0.2666956,0.2473237,1.266652,False,True,False,-0.1049031,0.5922133,0.1262227,0.6145351,-0.098492,-0.2265761,-0.3232045,-0.9135106,311.9902,-0.2421052,-0.5569511,-0.7944755,0.01336031,0.5836011,0.1818215,0.6114146,0.008476757,0.5440969,0.2162802,0.5855684,-0.03702445,0.5564141,0.1701634,0.5830292,0.05981874,-0.05620322,0.1118524,0.1387373,0.01689063,-0.07375788,0.1428305,0.1616356,0.009108881,-0.05332327,0.076481,0.09367863,0.05985083,-0.05617001,0.11188,0.13876,0.01686181,-0.07379077,0.1427344,0.1615627,0.009135758,-0.0531073,0.07641242,0.09350243,0.02537344,-0.0609166,0.1083449,0.1268592,-0.8747443,-0.144999,0.4507706,0.1029736,168.1792,-0.8794191,-0.145774,0.4531797,16.49064,0,0,0,0,0,0,0,0,0,1,0,0,0.3671966,False,True,False,0.02084215,0.9798312,0.245348,1.010297,0.5262394,-0.5749563,0.1929423,0.596046,106.8255,0.6553822,-0.7160546,0.2402916,0.02915785,0.02016884,0.05465205,0.06514452,-0.07740224,0.3864209,0.7963918,0.4587463,125.3875,-0.08710902,0.4348807,0.8962649,0.001810141,1.103965,-0.03844553,1.104636,0.02245484,0.02090527,0.004939672,0.9995171,3.561404,0.7226241,0.6727572,0.1589647,False
1773055713263,4.003003,0.05572565,0.9241316,0.1883977,0.9447848,-0.5773906,-0.3287416,-0.2838453,0.6913616,92.52402,-0.7991467,-0.4550001,-0.3928606,-0.02879849,1.009502,0.2325282,1.036336,-0.02167852,1.02084,0.22765,1.04614,0.0003392659,1.000833,0.2262079,1.026078,-0.0203475,-0.08216935,0.1059066,0.1355803,-0.01984789,-0.07111724,0.1161759,0.1376534,-0.006245853,-0.05582131,0.09216349,0.1079312,-0.02002509,-0.08182619,0.1060901,0.1354682,-0.01955163,-0.07036888,0.1166141,0.1375968,-0.006807068,-0.05067522,0.08533952,0.09948441,-0.01157333,-0.06006265,0.09483233,0.1128478,-0.5752758,0.6560742,0.2123128,0.4399406,127.7998,-0.6405998,0.730573,0.2364215,3.003103,-0.007484565,-0.03609122,0.09995876,0.106538,0.8954269,0.2563658,0.2377442,0.2756179,148.0023,0.9315065,0.2666956,0.2473237,1.295293,False,True,False,-0.1048811,0.5922534,0.1262416,0.614574,-0.09846094,-0.22654,-0.3231251,-0.9135509,312.0016,-0.2420827,-0.5569865,-0.7944571,0.01337372,0.5836145,0.1818429,0.611434,0.008493595,0.5441309,0.2163266,0.5856174,-0.03696657,0.5563827,0.1701946,0.5830047,0.05981246,-0.05621447,0.1118436,0.1387321,0.01689708,-0.07375489,0.1428485,0.1616508,0.009098009,-0.0534006,0.0765096,0.09374496,0.05984284,-0.05617927,0.1118725,0.1387542,0.01686915,-0.07378331,0.1427581,0.161581,0.0091279,-0.05316853,0.07643267,0.093553,0.02537247,-0.06094212,0.1083642,0.1268878,-0.8746813,-0.1449004,0.4510319,0.1025022,168.2334,-0.8793128,-0.1456676,0.4534201,16.4854,0,0,0,0,0,0,0,0,0,1,0,0,0.3682789,False,True,False,0.02084215,0.9798312,0.245348,1.010297,0.5262394,-0.5749563,0.1929423,0.596046,106.8255,0.6553822,-0.7160546,0.2402916,0.02915785,0.02016884,0.05465205,0.06514452,-0.07740224,0.3864209,0.7963918,0.4587463,125.3875,-0.08710902,0.4348807,0.8962649,0.001695531,1.103948,-0.0385931,1.104624,0.02258823,0.02091668,0.004950035,0.9995138,3.573473,0.7244614,0.6708504,0.15876,False
1773055713278,4.017986,0.05653092,0.9248548,0.1903559,0.945932,-0.5839478,-0.3276475,-0.2575887,0.6966349,91.68472,-0.8139488,-0.4566988,-0.3590458,-0.02918811,1.008174,0.2361114,1.035865,-0.022865,1.019889,0.2309566,1.045962,-0.0020018,1.00312,0.2309745,1.02937,-0.02045265,-0.08223591,0.1058532,0.1355948,-0.01992201,-0.07144792,0.1164382,0.1380563,-0.005906644,-0.05836271,0.09554783,0.1121182,-0.02011939,-0.08191757,0.1060376,0.1354963,-0.01963359,-0.07060747,0.1165751,0.1376976,-0.006608441,-0.05239784,0.08759822,0.1022871,-0.01168714,-0.06159927,0.09660032,0.1151637,-0.5668287,0.6524138,0.2079899,0.4580413,125.4784,-0.6376521,0.7339308,0.2339776,2.793179,-0.007484565,-0.03609122,0.09995876,0.106538,0.8954269,0.2563658,0.2377442,0.2756179,148.0023,0.9315065,0.2666956,0.2473237,1.298694,False,True,False,-0.1048577,0.592291,0.1262632,0.6146106,-0.09841848,-0.2265232,-0.3230439,-0.9135883,312.0121,-0.2420284,-0.5570605,-0.7944219,0.01339075,0.5836279,0.181863,0.6114532,0.008514769,0.5441654,0.216373,0.5856669,-0.03690274,0.5563467,0.1702285,0.5829761,0.0598068,-0.05622638,0.1118344,0.138727,0.01690326,-0.07375274,0.1428656,0.1616656,0.009086268,-0.05348271,0.07654062,0.09381592,0.05983489,-0.05618965,0.1118641,0.1387482,0.01687666,-0.07377657,0.1427818,0.1615997,0.009118727,-0.05323795,0.07645647,0.09361102,0.0253723,-0.06097138,0.1083852,0.1269197,-0.8746012,-0.1448098,0.4513348,0.1019791,168.2937,-0.8791848,-0.1455687,0.4537001,16.47929,0,0,0,0,0,0,0,0,0,1,0,0,0.3691581,False,True,False,0.02084215,0.9798312,0.245348,1.010297,0.5262394,-0.5749563,0.1929423,0.596046,106.8255,0.6553822,-0.7160546,0.2402916,0.02915785,0.02016884,0.05465205,0.06514452,-0.07740224,0.3864209,0.7963918,0.4587463,125.3875,-0.08710902,0.4348807,0.8962649,0.001581359,1.10394,-0.03872865,1.10462,0.02267285,0.02092836,0.004921804,0.9995118,3.580914,0.725664,0.6698302,0.1575266,False
1773055713287,4.027694,0.05806533,0.9255255,0.1918441,0.9469811,-0.5917728,-0.3238099,-0.2359203,0.6994954,91.22694,-0.8280746,-0.453111,-0.3301261,-0.02789949,1.007766,0.2390904,1.036116,-0.02223672,1.019842,0.23384,1.046544,-0.001320515,1.003592,0.2337588,1.030457,-0.02054966,-0.08234215,0.1057641,0.1356044,-0.01986873,-0.07189953,0.1167669,0.1385598,-0.005802937,-0.05927793,0.09602645,0.1129983,-0.02018601,-0.08198413,0.105995,0.1355131,-0.01967013,-0.07080844,0.1166049,0.1378313,-0.006483739,-0.05347313,0.08892027,0.1039626,-0.01176262,-0.06254207,0.09763158,0.116541,-0.5601656,0.650933,0.2052602,0.4694348,124.0048,-0.6344127,0.7372109,0.2324664,2.675366,-0.007484565,-0.03609122,0.09995876,0.106538,0.8954269,0.2563658,0.2377442,0.2756179,148.0023,0.9315065,0.2666956,0.2473237,1.297372,False,True,False,-0.1048947,0.5923554,0.1262831,0.6146831,-0.09843987,-0.2264146,-0.3229115,-0.9136598,312.0322,-0.2421766,-0.5570135,-0.7944099,0.0133315,0.5836236,0.1819034,0.6114599,0.00845512,0.5441942,0.2164223,0.585711,-0.03691667,0.5563269,0.1702625,0.5829681,0.05978151,-0.05624558,0.1118294,0.1387199,0.01690952,-0.07375223,0.1428793,0.1616781,0.00907572,-0.0535566,0.07656682,0.0938784,0.05982663,-0.05619831,0.1118587,0.1387438,0.01688175,-0.07377281,0.1427969,0.1616118,0.009112071,-0.05328742,0.07647356,0.09365247,0.02537091,-0.06099281,0.1083993,0.1269418,-0.8745499,-0.1447501,0.4515349,0.1016176,168.3353,-0.8791005,-0.1455033,0.4538844,16.47369,0,0,0,0,0,0,0,0,0,1,0,0,0.3707786,False,True,False,0.02084215,0.9798312,0.245348,1.010297,0.5262394,-0.5749563,0.1929423,0.596046,106.8255,0.6553822,-0.7160546,0.2402916,0.02915785,0.02016884,0.05465205,0.06514452,-0.07740224,0.3864209,0.7963918,0.4587463,125.3875,-0.08710902,0.4348807,0.8962649,0.001455787,1.103957,-0.03883054,1.104641,0.02258247,0.02079539,0.005148848,0.9995154,3.567554,0.7254784,0.6680672,0.1654105,False
1773055713301,4.041711,0.0593912,0.9262491,0.193172,0.9480402,-0.5988545,-0.320503,-0.215451,0.7015926,90.89017,-0.840405,-0.4497793,-0.3023541,-0.02682937,1.007433,0.2417725,1.036386,-0.02173262,1.019812,0.2363763,1.047073,-0.0008960553,1.004344,0.2363519,1.03178,-0.0206401,-0.08249505,0.1056331,0.135609,-0.0198279,-0.07228566,0.1169867,0.1389398,-0.005693298,-0.06023311,0.09672102,0.114085,-0.02028096,-0.08209221,0.1059188,0.1355332,-0.01970323,-0.07111911,0.1166852,0.1380637,-0.006318521,-0.05488904,0.09058305,0.1061038,-0.01187161,-0.06377433,0.09892127,0.1182942,-0.5498147,0.6495095,0.2016816,0.4849389,121.9831,-0.6286845,0.7426803,0.2306124,2.534335,-0.007484565,-0.03609122,0.09995876,0.106538,0.8954269,0.2563658,0.2377442,0.2756179,148.0023,0.9315065,0.2666956,0.2473237,1.292981,False,True,False,-0.1049347,0.5924194,0.1263051,0.614756,-0.0984607,-0.2263091,-0.3227708,-0.9137334,312.0529,-0.2423264,-0.5569803,-0.794387,0.01326885,0.5836151,0.1819462,0.611463,0.008392118,0.5442207,0.2164723,0.5857532,-0.03693334,0.5563051,0.1702988,0.5829589,0.05975384,-0.05626613,0.1118248,0.1387126,0.0169156,-0.07375249,0.1428918,0.16169,0.009064962,-0.05363134,0.07659347,0.09394176,0.0598114,-0.05621249,0.1118516,0.1387373,0.01688883,-0.07376856,0.1428168,0.1616281,0.009102221,-0.05335955,0.07649866,0.09371306,0.02536735,-0.06102476,0.1084187,0.126973,-0.874482,-0.1446686,0.4518077,0.1011041,168.3945,-0.8789861,-0.1454137,0.4541347,16.46403,0,0,0,0,0,0,0,0,0,1,0,0,0.3709703,False,True,False,0.02084215,0.9798312,0.245348,1.010297,0.5262394,-0.5749563,0.1929423,0.596046,106.8255,0.6553822,-0.7160546,0.2402916,0.02915785,0.02016884,0.05465205,0.06514452,-0.07740224,0.3864209,0.7963918,0.4587463,125.3875,-0.08710902,0.4348807,0.8962649,0.00136188,1.104015,-0.03892308,1.104702,0.02251898,0.02062763,0.005435175,0.9995188,3.555024,0.7259891,0.6650138,0.1752245,False
1773055713315,4.055586,0.06055053,0.927001,0.194368,0.9490923,-0.6055486,-0.3173708,-0.1952369,0.7031851,90.63379,-0.8516777,-0.4463681,-0.2745922,-0.02590749,1.007133,0.2442824,1.036659,-0.02133518,1.019779,0.2387073,1.047562,-0.0007646605,1.005659,0.2389207,1.033651,-0.02073276,-0.08266937,0.105482,0.1356117,-0.01979575,-0.0726292,0.1171502,0.1392517,-0.00554339,-0.06128228,0.09799841,0.1157149,-0.02037463,-0.08221327,0.1058277,0.1355494,-0.01972248,-0.07143445,0.1167821,0.138311,-0.006157692,-0.05622032,0.09215984,0.1081299,-0.0119905,-0.06493659,0.1001206,0.1199361,-0.5383978,0.6477499,0.1983467,0.5012051,119.8405,-0.6221889,0.7485595,0.2292155,2.410195,-0.007484565,-0.03609122,0.09995876,0.106538,0.8954269,0.2563658,0.2377442,0.2756179,148.0023,0.9315065,0.2666956,0.2473237,1.290047,False,True,False,-0.1049773,0.5924829,0.1263291,0.6148295,-0.09848102,-0.2262067,-0.3226221,-0.9138091,312.0743,-0.2424781,-0.5569619,-0.7943538,0.01320287,0.5836024,0.1819909,0.6114628,0.00832592,0.5442451,0.2165228,0.5857937,-0.03695256,0.5562813,0.1703371,0.5829486,0.05972378,-0.05628786,0.1118206,0.1387051,0.01692145,-0.07375345,0.1429033,0.1617012,0.009053939,-0.05370696,0.07662063,0.09400602,0.05979322,-0.05622812,0.1118452,0.1387306,0.01689559,-0.07376543,0.1428347,0.1616433,0.009092206,-0.05343183,0.07652398,0.09377392,0.02536236,-0.06105741,0.1084372,0.1270034,-0.8744203,-0.1445917,0.4520636,0.1006019,168.4523,-0.8788792,-0.145329,0.4543688,16.45297,0,0,0,0,0,0,0,0,0,1,0,0,0.3712127,False,True,False,0.02084215,0.9798312,0.245348,1.010297,0.5262394,-0.5749563,0.1929423,0.596046,106.8255,0.6553822,-0.7160546,0.2402916,0.02915785,0.02016884,0.05465205,0.06514452,-0.07740224,0.3864209,0.7963918,0.4587463,125.3875,-0.08710902,0.4348807,0.8962649,0.001270385,1.104122,-0.03897061,1.104811,0.02218813,0.0205017,0.005819198,0.9995266,3.52606,0.7211994,0.666384,0.1891463,False
1773055713329,4.069406,0.06121796,0.9274892,0.1945911,0.9496576,-0.6046511,-0.3196113,-0.1895455,0.7044986,90.4219,-0.8519747,-0.4503436,-0.2670763,-0.02609082,1.006459,0.2448526,1.036144,-0.02186061,1.020009,0.2393519,1.047943,-0.0008597486,1.00549,0.2393162,1.033577,-0.02077455,-0.08288515,0.1052926,0.1356025,-0.0197763,-0.07287092,0.117894,0.1400009,-0.005535493,-0.06133215,0.0980048,0.1157463,-0.02045731,-0.08235372,0.1057164,0.1355603,-0.01973364,-0.07173374,0.1170127,0.1386619,-0.006028926,-0.05728649,0.09340341,0.1097374,-0.01212187,-0.06589836,0.1011146,0.1213,-0.5269663,0.6466495,0.1967279,0.5152176,117.976,-0.6148539,0.7544978,0.2295382,2.340602,-0.007484565,-0.03609122,0.09995876,0.106538,0.8954269,0.2563658,0.2377442,0.2756179,148.0023,0.9315065,0.2666956,0.2473237,1.256395,False,True,False,-0.1049756,0.5924944,0.1263748,0.6148497,-0.09846502,-0.2261213,-0.322459,-0.9138895,312.097,-0.2425468,-0.5569997,-0.7943063,0.01317464,0.583538,0.1820729,0.6114252,0.00830254,0.544222,0.2165934,0.5857979,-0.03692731,0.5562086,0.1703993,0.5828958,0.05968062,-0.05630276,0.1118277,0.1386983,0.01692639,-0.07375674,0.1429095,0.1617086,0.009043162,-0.05378271,0.07664761,0.09407026,0.05976992,-0.05624356,0.1118416,0.1387239,0.01690196,-0.07376363,0.1428502,0.1616568,0.009082066,-0.05350461,0.07654957,0.0938353,0.02535494,-0.06109042,0.1084545,0.1270326,-0.8743722,-0.1445462,0.4522823,0.1001022,168.5099,-0.8787862,-0.1452759,0.4545655,16.43971,0,0,0,0,0,0,0,0,0,1,0,0,0.3714224,False,True,False,0.02084215,0.9798312,0.245348,1.010297,0.5262394,-0.5749563,0.1929423,0.596046,106.8255,0.6553822,-0.7160546,0.2402916,0.02915785,0.02016884,0.05465205,0.06514452,-0.07740224,0.3864209,0.7963918,0.4587463,125.3875,-0.08710902,0.4348807,0.8962649,0.001168716,1.104228,-0.03898334,1.104917,0.02183272,0.02025623,0.00619017,0.9995372,3.48632,0.7177382,0.6659119,0.2034983,False
1773055713342,4.083266,0.06180362,0.9279733,0.1948297,0.9502172,-0.6050022,-0.3208992,-0.1817357,0.7056687,90.23282,-0.8538693,-0.4529009,-0.2564925,-0.02620002,1.00583,0.2455899,1.03571,-0.02233488,1.020204,0.2400761,1.048309,-0.0009649619,1.005411,0.2398409,1.033622,-0.02081953,-0.08310217,0.1051,0.1355929,-0.0197617,-0.07308177,0.1185616,0.140671,-0.005514376,-0.06146526,0.09806229,0.1158646,-0.0205324,-0.08251052,0.1055879,0.1355668,-0.01973947,-0.07201544,0.1173341,0.1390797,-0.005922146,-0.05816308,0.09439913,0.111037,-0.01226166,-0.06671856,0.1019595,0.1224641,-0.5157633,0.645982,0.1964252,0.5273638,116.345,-0.6070378,0.7603013,0.2311865,2.309142,-0.007484565,-0.03609122,0.09995876,0.106538,0.8954269,0.2563658,0.2377442,0.2756179,148.0023,0.9315065,0.2666956,0.2473237,1.175046,False,True,False,-0.1049736,0.5925026,0.1264234,0.6148672,-0.09844425,-0.2260404,-0.3222875,-0.9139723,312.1204,-0.242607,-0.5570561,-0.7942485,0.01314547,0.5834674,0.1821599,0.611383,0.008278906,0.5441947,0.2166655,0.5857989,-0.03690156,0.5561316,0.1704647,0.5828398,0.05963398,-0.05631775,0.1118367,0.1386915,0.01693106,-0.07376087,0.1429141,0.1617151,0.009032266,-0.05385922,0.07667492,0.09413522,0.05974173,-0.05625894,0.1118406,0.1387172,0.01690799,-0.07376306,0.1428634,0.1616689,0.009071745,-0.05357834,0.07657557,0.09389757,0.02534522,-0.06112396,0.1084708,0.1270607,-0.8743361,-0.1445292,0.4524678,0.0996016,168.5675,-0.8787055,-0.1452514,0.454729,16.42434,0,0,0,0,0,0,0,0,0,1,0,0,0.3716176,False,True,False,0.02084215,0.9798312,0.245348,1.010297,0.5262394,-0.5749563,0.1929423,0.596046,106.8255,0.6553822,-0.7160546,0.2402916,0.02915785,0.02016884,0.05465205,0.06514452,-0.07740224,0.3864209,0.7963918,0.4587463,125.3875,-0.08710902,0.4348807,0.8962649,0.001065724,1.104362,-0.03894441,1.105049,0.02154478,0.02023383,0.006512632,0.9995419,3.468761,0.7118581,0.6685431,0.2151829,False
1773055713357,4.097178,0.0624561,0.9282996,0.1952848,0.9506719,-0.6045511,-0.3214816,-0.1759952,0.7072434,89.97785,-0.8551297,-0.4547316,-0.248943,-0.02606896,1.005049,0.246757,1.035225,-0.02257349,1.020551,0.2412015,1.04891,-0.0007041767,1.005102,0.2405986,1.033498,-0.02082386,-0.08341863,0.1048136,0.1355662,-0.01974915,-0.07329001,0.119452,0.1415282,-0.005519258,-0.06143255,0.09796109,0.1157618,-0.02059301,-0.08270131,0.105426,0.1355663,-0.01974148,-0.07228272,0.1177743,0.1395898,-0.005838274,-0.05885244,0.09516334,0.1120435,-0.01241601,-0.06742027,0.1026925,0.1234723,-0.5050847,0.6455373,0.1979525,0.5375741,114.9627,-0.5989977,0.7655653,0.2347588,2.320518,-0.007484565,-0.03609122,0.09995876,0.106538,0.8954269,0.2563658,0.2377442,0.2756179,148.0023,0.9315065,0.2666956,0.2473237,1.002377,False,True,False,-0.1049886,0.5925153,0.1264294,0.6148833,-0.09838544,-0.2259085,-0.3221835,-0.9140478,312.1418,-0.2425638,-0.5569649,-0.7943256,0.01309126,0.5834084,0.1822208,0.6113437,0.008234598,0.5441896,0.2167112,0.5858104,-0.0369041,0.5560821,0.1704937,0.5828013,0.05957913,-0.05633862,0.1118462,0.1386841,0.01693746,-0.0737638,0.1429207,0.1617229,0.009023785,-0.05391959,0.0766939,0.09418442,0.05970791,-0.0562755,0.1118417,0.1387103,0.01691412,-0.07376321,0.1428753,0.1616801,0.009061776,-0.0536495,0.07660019,0.0939573,0.02533234,-0.06115697,0.1084854,0.1270865,-0.8743228,-0.1445174,0.4526014,0.09912772,168.6221,-0.8786504,-0.1452327,0.4548416,16.40702,0,0,0,0,0,0,0,0,0,1,0,0,0.3708603,False,True,False,0.02084215,0.9798312,0.245348,1.010297,0.5262394,-0.5749563,0.1929423,0.596046,106.8255,0.6553822,-0.7160546,0.2402916,0.02915785,0.02016884,0.05465205,0.06514452,-0.07740224,0.3864209,0.7963918,0.4587463,125.3875,-0.08710902,0.4348807,0.8962649,0.0009756051,1.104488,-0.03888988,1.105173,0.02123656,0.02033013,0.006738122,0.9995451,3.456554,0.7041297,0.6740754,0.2234124,False
1773055713371,4.110922,0.06314425,0.9286948,0.1957871,0.9512065,-0.604756,-0.3217742,-0.1680429,0.7088675,89.71429,-0.8573945,-0.4561963,-0.2382433,-0.02588533,1.004252,0.2480875,1.034765,-0.02280484,1.020785,0.2424324,1.049426,-0.0004241168,1.004806,0.2414492,1.033409,-0.02083869,-0.08371278,0.1045434,0.1355411,-0.0197422,-0.07346255,0.1202605,0.1422993,-0.005523721,-0.06139606,0.09785569,0.1156535,-0.02064362,-0.08291182,0.1052431,0.1355604,-0.01974163,-0.07252788,0.1182874,0.1401497,-0.005773406,-0.05938437,0.09573556,0.1128057,-0.01257612,-0.06801587,0.1033267,0.1243412,-0.4953606,0.6451705,0.2007509,0.5459598,113.8195,-0.5912555,0.7700665,0.2396135,2.362721,-0.007484565,-0.03609122,0.09995876,0.106538,0.8954269,0.2563658,0.2377442,0.2756179,148.0023,0.9315065,0.2666956,0.2473237,0.8001991,False,True,False,-0.1050045,0.5925257,0.1264352,0.6148971,-0.09831785,-0.2257737,-0.3220816,-0.9141244,312.1634,-0.2425003,-0.5568694,-0.7944123,0.01303411,0.5833454,0.1822853,0.6113017,0.008188613,0.5441836,0.2167577,0.5858214,-0.03690886,0.5560327,0.1705233,0.5827631,0.05952029,-0.05636042,0.1118573,0.1386767,0.01694386,-0.07376736,0.1429264,0.1617303,0.009015588,-0.05397837,0.07671192,0.09423197,0.05966925,-0.05629299,0.1118449,0.1387033,0.01692024,-0.07376406,0.1428858,0.1616904,0.009052267,-0.05371743,0.07662321,0.09401394,0.02531667,-0.06118906,0.1084981,0.1271097,-0.8743308,-0.1445106,0.4526851,0.09868446,168.6732,-0.8786195,-0.1452194,0.4549055,16.38813,0,0,0,0,0,0,0,0,0,1,0,0,0.3702192,False,True,False,0.02084215,0.9798312,0.245348,1.010297,0.5262394,-0.5749563,0.1929423,0.596046,106.8255,0.6553822,-0.7160546,0.2402916,0.02915785,0.02016884,0.05465205,0.06514452,-0.07740224,0.3864209,0.7963918,0.4587463,125.3875,-0.08710902,0.4348807,0.8962649,0.0009452524,1.104575,-0.03883345,1.105258,0.02079238,0.02016055,0.006994422,0.9995561,3.414629,0.6978677,0.6766611,0.2347581,False
1773055713384,4.125029,0.06371155,0.9293427,0.1961272,0.9519469,-0.6029237,-0.3230902,-0.1629758,0.7110096,89.36576,-0.8574216,-0.4594686,-0.231769,-0.02595679,1.003572,0.2491668,1.034366,-0.02317408,1.020918,0.243428,1.049794,-0.0002843216,1.004543,0.2420712,1.033298,-0.02084368,-0.08399156,0.1042815,0.1355126,-0.01975529,-0.07354808,0.1208058,0.1428063,-0.005538469,-0.06121398,0.0976387,0.1153739,-0.0206857,-0.08314124,0.1050396,0.1355495,-0.01974451,-0.07274432,0.1188192,0.140711,-0.005723944,-0.05977512,0.0961481,0.1133591,-0.01273476,-0.06851536,0.1038622,0.1250755,-0.4870798,0.6444692,0.2043585,0.5528564,112.8736,-0.5845357,0.7734159,0.245247,2.426982,-0.007484565,-0.03609122,0.09995876,0.106538,0.8954269,0.2563658,0.2377442,0.2756179,148.0023,0.9315065,0.2666956,0.2473237,0.6068878,False,True,False,-0.1049414,0.5925711,0.1264288,0.6149288,-0.09837938,-0.2256304,-0.3220279,-0.9141721,312.1768,-0.2427164,-0.5566636,-0.7944903,0.01306117,0.5833086,0.1823272,0.6112796,0.008232765,0.5441963,0.2167779,0.5858413,-0.03683513,0.556016,0.1705235,0.5827426,0.05946245,-0.05638204,0.1118692,0.1386702,0.01695135,-0.07376777,0.1429398,0.1617431,0.009008935,-0.05402969,0.07672454,0.09427101,0.05962575,-0.05631171,0.11185,0.1386963,0.01692678,-0.07376484,0.1428972,0.1617015,0.009043161,-0.05378327,0.07664452,0.09406807,0.02529801,-0.06122066,0.10851,0.1271314,-0.8743622,-0.1444966,0.4527216,0.09825814,168.7222,-0.8786138,-0.1451993,0.454923,16.36798,0,0,0,0,0,0,0,0,0,1,0,0,0.3691967,False,True,False,0.02084215,0.9798312,0.245348,1.010297,0.5262394,-0.5749563,0.1929423,0.596046,106.8255,0.6553822,-0.7160546,0.2402916,0.02915785,0.02016884,0.05465205,0.06514452,-0.07740224,0.3864209,0.7963918,0.4587463,125.3875,-0.08710902,0.4348807,0.8962649,0.000897523,1.104644,-0.03876865,1.105324,0.02053001,0.02001504,0.007338406,0.999562,3.391858,0.6936882,0.6762879,0.2479573,False
1773055713399,4.138875,0.06431192,0.9300526,0.1965072,0.9527586,-0.6014968,-0.3242168,-0.1563231,0.7131957,89.00894,-0.8580983,-0.4625293,-0.2230113,-0.02594611,1.002891,0.2503908,1.034002,-0.02356511,1.021046,0.2445381,1.050185,-0.0001508519,1.004322,0.2428,1.033254,-0.02081793,-0.08424466,0.1040382,0.1354788,-0.01976964,-0.07363161,0.1213858,0.1433421,-0.005549921,-0.06106447,0.09746157,0.1151453,-0.02071311,-0.08337232,0.1048307,0.1355339,-0.01974972,-0.07292984,0.1193544,0.1412596,-0.005687843,-0.06004647,0.09642835,0.1137381,-0.01288362,-0.06892394,0.1043136,0.1256894,-0.4804208,0.6435142,0.2083836,0.5582666,112.128,-0.5790563,0.7756346,0.251167,2.50604,-0.007484565,-0.03609122,0.09995876,0.106538,0.8954269,0.2563658,0.2377442,0.2756179,148.0023,0.9315065,0.2666956,0.2473237,0.6091004,False,True,False,-0.1048735,0.5926169,0.1264213,0.6149598,-0.09845211,-0.2254837,-0.3219826,-0.9142164,312.1894,-0.2429559,-0.5564389,-0.7945747,0.01309219,0.58327,0.1823695,0.611256,0.008282661,0.5442084,0.2167959,0.58586,-0.0367578,0.5560016,0.1705208,0.5827231,0.05940164,-0.05640427,0.1118825,0.1386639,0.01695896,-0.07376822,0.1429536,0.1617562,0.009002754,-0.05407857,0.07673554,0.09430739,0.05957929,-0.05633088,0.1118568,0.1386896,0.01693344,-0.07376554,0.1429089,0.1617128,0.009034793,-0.05384462,0.07666339,0.09411772,0.02527722,-0.0612506,0.1085206,0.1271507,-0.8744147,-0.1444768,0.4527118,0.0978642,168.7676,-0.8786322,-0.1451737,0.4548954,16.34741,0,0,0,0,0,0,0,0,0,1,0,0,0.3683237,False,True,False,0.02084215,0.9798312,0.245348,1.010297,0.5262394,-0.5749563,0.1929423,0.596046,106.8255,0.6553822,-0.7160546,0.2402916,0.02915785,0.02016884,0.05465205,0.06514452,-0.07740224,0.3864209,0.7963918,0.4587463,125.3875,-0.08710902,0.4348807,0.8962649,0.0008290755,1.104689,-0.03865388,1.105366,0.02059733,0.01980251,0.007513043,0.9995635,3.385852,0.6971975,0.6702937,0.2543085,False
1773055713412,4.152641,0.06494445,0.9308214,0.1969249,0.9536381,-0.6003599,-0.3252012,-0.1480626,0.7154648,88.6374,-0.8593156,-0.4654716,-0.2119271,-0.02586593,1.002175,0.2517719,1.033641,-0.02399553,1.021148,0.2457785,1.050584,-3.354996E-05,1.004117,0.243646,1.033254,-0.02076729,-0.08447898,0.1038076,0.13544,-0.01978511,-0.07371335,0.1220111,0.143916,-0.005558366,-0.06094544,0.09732153,0.114964,-0.02072428,-0.08360304,0.1046181,0.1355135,-0.01975702,-0.0730929,0.1199069,0.1418118,-0.005661109,-0.0602347,0.09661776,0.1139967,-0.01302486,-0.0692701,0.104718,0.1262294,-0.4750348,0.6423473,0.212695,0.5625768,111.5316,-0.5745844,0.7769594,0.257268,2.597484,-0.007484565,-0.03609122,0.09995876,0.106538,0.8954269,0.2563658,0.2377442,0.2756179,148.0023,0.9315065,0.2666956,0.2473237,0.6192731,False,True,False,-0.104801,0.592663,0.1264127,0.6149902,-0.09853565,-0.2253334,-0.3219454,-0.9142575,312.201,-0.2432177,-0.5561954,-0.7946648,0.01312699,0.5832292,0.1824123,0.6112306,0.008338012,0.5442198,0.2168119,0.5858772,-0.03667703,0.555989,0.1705153,0.5827044,0.05933798,-0.05642717,0.1118971,0.1386578,0.01696673,-0.07376865,0.1429678,0.1617698,0.008996918,-0.0541252,0.07674506,0.09434133,0.0595295,-0.05635073,0.1118651,0.1386829,0.0169403,-0.07376618,0.142921,0.1617246,0.009026986,-0.05390264,0.07668024,0.0941639,0.02525419,-0.06127939,0.10853,0.127168,-0.8744875,-0.1444513,0.452659,0.0974951,168.8101,-0.8786734,-0.1451427,0.4548258,16.32619,0,0,0,0,0,0,0,0,0,1,0,0,0.3675354,False,True,False,0.02084215,0.9798312,0.245348,1.010297,0.5262394,-0.5749563,0.1929423,0.596046,106.8255,0.6553822,-0.7160546,0.2402916,0.02915785,0.02016884,0.05465205,0.06514452,-0.07740224,0.3864209,0.7963918,0.4587463,125.3875,-0.08710902,0.4348807,0.8962649,0.0007457165,1.104708,-0.03850714,1.105379,0.02084183,0.01986348,0.008031941,0.9995532,3.425616,0.6972837,0.6645522,0.2687164,False
1773055713427,4.166694,0.06556734,0.9309686,0.1963403,0.9537039,-0.5984852,-0.3251185,-0.1458644,0.7175215,88.29955,-0.8592305,-0.4667646,-0.2094138,-0.02552866,1.000853,0.2523789,1.032498,-0.02430158,1.022408,0.2457969,1.05182,4.995614E-05,1.005334,0.2437327,1.034457,-0.02061979,-0.08526234,0.1030672,0.1353429,-0.0200141,-0.07365225,0.1239614,0.1455735,-0.005423376,-0.0609033,0.09902136,0.1163781,-0.02070238,-0.0839549,0.1042904,0.1354751,-0.01981093,-0.07321119,0.1207668,0.1426078,-0.005611211,-0.0603769,0.09713582,0.1145086,-0.01326388,-0.06974141,0.1054478,0.1271182,-0.4684752,0.6358765,0.219784,0.5726143,110.1345,-0.5714332,0.7756248,0.2680865,2.745459,-0.007484565,-0.03609122,0.09995876,0.106538,0.8954269,0.2563658,0.2377442,0.2756179,148.0023,0.9315065,0.2666956,0.2473237,0.8603912,False,True,False,-0.1048062,0.5926592,0.1264123,0.6149873,-0.09859978,-0.2251357,-0.3218957,-0.9143167,312.2178,-0.2434564,-0.5558909,-0.7948047,0.0130842,0.5831419,0.182463,0.6111615,0.008302577,0.544178,0.2168542,0.5858535,-0.036689,0.5559388,0.1705249,0.5826601,0.05928828,-0.05645251,0.1119028,0.1386514,0.01697071,-0.07376641,0.1429863,0.1617856,0.008994281,-0.05415514,0.07674872,0.09436124,0.0594789,-0.05637207,0.111873,0.1386763,0.01694667,-0.07376622,0.1429347,0.1617374,0.009020134,-0.05395572,0.07669459,0.09420532,0.02522994,-0.06130667,0.108539,0.127184,-0.8745752,-0.1443943,0.4525792,0.09716292,168.8484,-0.878733,-0.1450807,0.4547308,16.30556,0,0,0,0,0,0,0,0,0,1,0,0,0.3660497,False,True,False,0.02084215,0.9798312,0.245348,1.010297,0.5262394,-0.5749563,0.1929423,0.596046,106.8255,0.6553822,-0.7160546,0.2402916,0.02915785,0.02016884,0.05465205,0.06514452,-0.07740224,0.3864209,0.7963918,0.4587463,125.3875,-0.08710902,0.4348807,0.8962649,0.0007641427,1.104706,-0.03838368,1.105373,0.0208128,0.0198777,0.008494282,0.9995497,3.439072,0.6935875,0.6624254,0.2830724,False
1773055713439,4.180539,0.06629136,0.9311782,0.195713,0.9538296,-0.5969311,-0.3249919,-0.1429652,0.7194543,87.9811,-0.8594629,-0.4679241,-0.2058416,-0.02507812,0.9997213,0.2527893,1.031491,-0.02444657,1.023569,0.2456629,1.05292,0.0002698898,1.006465,0.2437338,1.035557,-0.02055869,-0.0858859,0.10246,0.1352667,-0.02027236,-0.07347932,0.1257331,0.1470339,-0.005297328,-0.06083419,0.1005562,0.1176452,-0.02067262,-0.08435997,0.1039077,0.1354281,-0.01990651,-0.0732672,0.1218119,0.1435357,-0.005546091,-0.06047295,0.09786522,0.1151753,-0.01355834,-0.07025746,0.1063504,0.1281809,-0.4613111,0.6258503,0.2280577,0.5860829,108.2409,-0.5693434,0.7724152,0.2814655,2.92814,-0.007484565,-0.03609122,0.09995876,0.106538,0.8954269,0.2563658,0.2377442,0.2756179,148.0023,0.9315065,0.2666956,0.2473237,1.019562,False,True,False,-0.1048123,0.5926526,0.1264116,0.6149818,-0.09867041,-0.2249293,-0.3218512,-0.9143757,312.2345,-0.2437108,-0.5555637,-0.7949557,0.01303977,0.5830504,0.1825143,0.6110886,0.00826519,0.5441323,0.2168974,0.5858266,-0.03670485,0.5558889,0.1705335,0.582616,0.05923805,-0.05647874,0.1119083,0.1386451,0.01697436,-0.07376382,0.1430056,0.1618018,0.008992336,-0.05418102,0.07675035,0.09437723,0.05942896,-0.05639416,0.1118803,0.1386698,0.0169524,-0.07376572,0.1429494,0.1617507,0.009014377,-0.05400252,0.07670615,0.09424099,0.02520522,-0.0613317,0.1085471,0.1271981,-0.8746746,-0.1443096,0.4524756,0.09687588,168.8814,-0.8788081,-0.1449916,0.4546138,16.28607,0,0,0,0,0,0,0,0,0,1,0,0,0.3661465,False,True,False,0.02084215,0.9798312,0.245348,1.010297,0.5262394,-0.5749563,0.1929423,0.596046,106.8255,0.6553822,-0.7160546,0.2402916,0.02915785,0.02016884,0.05465205,0.06514452,-0.07740224,0.3864209,0.7963918,0.4587463,125.3875,-0.08710902,0.4348807,0.8962649,0.0008046292,1.104717,-0.03825518,1.10538,0.02134727,0.01968889,0.009108447,0.9995368,3.488115,0.7014177,0.6469277,0.2992808,False
1773055713454,4.194451,0.06753668,0.9311919,0.194087,0.9535981,-0.5970534,-0.3244994,-0.1432628,0.719516,87.97093,-0.859718,-0.467258,-0.2062891,-0.02437647,0.9986768,0.2513796,1.030117,-0.02449402,1.027484,0.2435956,1.056249,-0.001008347,1.016265,0.2439251,1.045129,-0.02117837,-0.08671854,0.1015209,0.1351855,-0.02099925,-0.07296713,0.129984,0.1505358,-0.004312884,-0.06138854,0.1113329,0.1272092,-0.02077783,-0.08485726,0.1034059,0.1353708,-0.02013362,-0.07320434,0.1235497,0.145013,-0.005288994,-0.06066595,0.1007787,0.1177484,-0.01412924,-0.07125311,0.1084036,0.1304913,-0.4376271,0.5949986,0.2419751,0.6292117,102.016,-0.5630571,0.7655334,0.3113285,3.137831,-0.007484565,-0.03609122,0.09995876,0.106538,0.8954269,0.2563658,0.2377442,0.2756179,148.0023,0.9315065,0.2666956,0.2473237,1.299533,False,True,False,-0.1047897,0.5926925,0.1264188,0.6150179,-0.09876499,-0.2247958,-0.3218633,-0.914394,312.2397,-0.2439694,-0.5552909,-0.795067,0.01303656,0.5830173,0.1825508,0.6110679,0.008276179,0.5441461,0.2169209,0.5858482,-0.03668115,0.5558947,0.1705391,0.5826217,0.05918966,-0.05650951,0.1119114,0.1386395,0.01698095,-0.07376307,0.1430164,0.1618117,0.00899043,-0.05420486,0.07675213,0.09439218,0.05937915,-0.05641815,0.1118868,0.1386634,0.01695834,-0.07376517,0.1429633,0.1617634,0.009009399,-0.05404471,0.07671572,0.09427248,0.02518023,-0.06135543,0.1085536,0.1272101,-0.8747827,-0.1441988,0.4523542,0.09663154,168.9095,-0.8788958,-0.1448768,0.4544811,16.26678,0,0,0,0,0,0,0,0,0,1,0,0,0.3662134,False,True,False,0.02084215,0.9798312,0.245348,1.010297,0.5262394,-0.5749563,0.1929423,0.596046,106.8255,0.6553822,-0.7160546,0.2402916,0.02915785,0.02016884,0.05465205,0.06514452,-0.07740224,0.3864209,0.7963918,0.4587463,125.3875,-0.08710902,0.4348807,0.8962649,0.0009741522,1.104629,-0.03808418,1.105286,0.02160821,0.01989893,0.009217061,0.999526,3.528502,0.7018639,0.646344,0.2993826,False
1773055713467,4.208281,0.06885712,0.9312596,0.1924366,0.9534241,-0.5971649,-0.3241234,-0.1433635,0.7195728,87.96156,-0.8599515,-0.4667561,-0.2064516,-0.02356781,0.9978625,0.2498235,1.02893,-0.02403221,1.030272,0.2413731,1.058442,-0.0007110164,1.021094,0.2431662,1.049649,-0.02179125,-0.08736502,0.1007617,0.1351311,-0.02166103,-0.07236049,0.1329175,0.1528801,-0.003708627,-0.06154426,0.1165096,0.1318178,-0.02098783,-0.08538419,0.1028517,0.1353123,-0.02045004,-0.07302866,0.1255468,0.1466745,-0.00496065,-0.06085017,0.1042056,0.1207732,-0.01477257,-0.07231275,0.1103633,0.1327683,-0.4094185,0.5561493,0.2531137,0.6775013,94.70261,-0.556637,0.7561291,0.3441282,3.382377,-0.007484565,-0.03609122,0.09995876,0.106538,0.8954269,0.2563658,0.2377442,0.2756179,148.0023,0.9315065,0.2666956,0.2473237,1.299932,False,True,False,-0.104766,0.5927333,0.1264261,0.6150546,-0.09886797,-0.2246653,-0.321887,-0.9144067,312.2432,-0.244241,-0.5550075,-0.7951818,0.01303567,0.5829854,0.1825852,0.6110477,0.008290231,0.5441616,0.2169418,0.5858706,-0.03665712,0.5559049,0.1705428,0.582631,0.05914107,-0.05654172,0.1119141,0.138634,0.01698768,-0.07376233,0.1430267,0.1618212,0.008989112,-0.05422528,0.07675228,0.09440391,0.05932982,-0.05644373,0.1118924,0.1386572,0.01696441,-0.07376458,0.1429764,0.1617753,0.009005203,-0.05408217,0.07672329,0.09429973,0.02515516,-0.06137773,0.1085586,0.1272202,-0.8748984,-0.1440643,0.4522162,0.09642974,168.9328,-0.8789948,-0.1447388,0.4543335,16.24782,0,0,0,0,0,0,0,0,0,1,0,0,0.3663299,False,True,False,0.02084215,0.9798312,0.245348,1.010297,0.5262394,-0.5749563,0.1929423,0.596046,106.8255,0.6553822,-0.7160546,0.2402916,0.02915785,0.02016884,0.05465205,0.06514452,-0.07740224,0.3864209,0.7963918,0.4587463,125.3875,-0.08710902,0.4348807,0.8962649,0.0009510992,1.104587,-0.03793491,1.105238,0.02189528,0.02009404,0.009440348,0.9995137,3.573692,0.7021936,0.6444266,0.3027571,False
1773055713482,4.222075,0.0700952,0.9313685,0.1909521,0.9533222,-0.5973495,-0.3235687,-0.1433748,0.719667,87.94601,-0.8603383,-0.4660228,-0.2064969,-0.02274369,0.9972302,0.2484387,1.027963,-0.02341132,1.032635,0.2393281,1.060265,1.02818E-06,1.024727,0.2422968,1.052983,-0.02234595,-0.08791349,0.1001052,0.1350895,-0.02226534,-0.07173239,0.135298,0.1547477,-0.003182841,-0.06149319,0.120257,0.1351047,-0.02126905,-0.08591525,0.1022763,0.1352562,-0.02082599,-0.07275983,0.1276361,0.148387,-0.004591498,-0.0609847,0.1077336,0.123882,-0.01540667,-0.07331356,0.1119414,0.1346964,-0.3813717,0.5148334,0.2586825,0.7229009,87.411,-0.5519512,0.7451075,0.3743858,3.654944,-0.007484565,-0.03609122,0.09995876,0.106538,0.8954269,0.2563658,0.2377442,0.2756179,148.0023,0.9315065,0.2666956,0.2473237,1.299954,False,True,False,-0.1047411,0.5927749,0.1264337,0.615092,-0.09897906,-0.2245374,-0.3219221,-0.9144136,312.2452,-0.2445249,-0.5547132,-0.7952994,0.01303694,0.5829546,0.1826175,0.611028,0.008307122,0.5441785,0.2169604,0.5858935,-0.0366329,0.5559194,0.170545,0.5826439,0.05909229,-0.05657522,0.1119161,0.1386285,0.01699452,-0.0737616,0.1430364,0.1618301,0.008988335,-0.05424229,0.07675081,0.09441241,0.0592807,-0.05647089,0.1118973,0.1386513,0.01697063,-0.07376397,0.1429888,0.1617867,0.009001721,-0.05411533,0.07672897,0.09432303,0.02512989,-0.06139876,0.1085621,0.1272283,-0.8750221,-0.1439069,0.4520618,0.09626729,168.9515,-0.879105,-0.1445784,0.4541711,16.2291,0,0,0,0,0,0,0,0,0,1,0,0,0.3664716,False,True,False,0.02084215,0.9798312,0.245348,1.010297,0.5262394,-0.5749563,0.1929423,0.596046,106.8255,0.6553822,-0.7160546,0.2402916,0.02915785,0.02016884,0.05465205,0.06514452,-0.07740224,0.3864209,0.7963918,0.4587463,125.3875,-0.08710902,0.4348807,0.8962649,0.0009663189,1.104534,-0.03776425,1.105179,0.0220676,0.02020769,0.009458607,0.9995075,3.596618,0.7032079,0.64394,0.3014087,False
1773055713496,4.236157,0.0742695,0.9313052,0.1832049,0.9520553,-0.6033835,-0.3184009,-0.1687094,0.7113975,89.30253,-0.8585547,-0.4530527,-0.2400567,-0.02507215,0.9958143,0.2324178,1.022885,-0.01544499,1.050576,0.2236075,1.074221,0.007620603,1.034706,0.2328123,1.060602,-0.03382347,-0.09016489,0.09586077,0.1358787,-0.02403639,-0.06431977,0.1487078,0.1637949,-0.001968708,-0.060003,0.1270473,0.1405178,-0.02394357,-0.08682462,0.1009033,0.1352526,-0.02150374,-0.07098254,0.132302,0.1516732,-0.004036797,-0.06077638,0.1121018,0.1275809,-0.01738843,-0.07442313,0.1136679,0.1369728,-0.3319224,0.4777066,0.2489159,0.7743803,78.50224,-0.5245957,0.7550042,0.3934057,4.557657,-0.007484565,-0.03609122,0.09995876,0.106538,0.8954269,0.2563658,0.2377442,0.2756179,148.0023,0.9315065,0.2666956,0.2473237,1.3,False,True,False,-0.1047,0.5928408,0.1264155,0.6151448,-0.09907518,-0.2243971,-0.3218732,-0.9144549,312.2569,-0.2448188,-0.5544943,-0.7953616,0.01305398,0.5829616,0.1826267,0.6110377,0.008329704,0.5442027,0.2169363,0.5859072,-0.03659303,0.5559407,0.1705324,0.5826581,0.05906631,-0.05658643,0.1119169,0.1386227,0.01700796,-0.07377218,0.1430246,0.1618259,0.008984451,-0.05426806,0.07675946,0.09443388,0.05923563,-0.05649515,0.1119014,0.1386452,0.01697846,-0.07376569,0.1429963,0.1617949,0.008998097,-0.05414747,0.07673537,0.09434634,0.02510779,-0.06141904,0.1085637,0.1272351,-0.8751235,-0.1438013,0.4519304,0.09611925,168.9685,-0.8791943,-0.1444702,0.4540327,16.21072,0,0,0,0,0,0,0,0,0,1,0,0,0.3651271,False,True,False,0.02084215,0.9798312,0.245348,1.010297,0.5262394,-0.5749563,0.1929423,0.596046,106.8255,0.6553822,-0.7160546,0.2402916,0.02915785,0.02016884,0.05465205,0.06514452,-0.07740224,0.3864209,0.7963918,0.4587463,125.3875,-0.08710902,0.4348807,0.8962649,0.0009994134,1.104484,-0.03762462,1.105125,0.02227124,0.01996015,0.009840406,0.9995043,3.608353,0.7073888,0.6339831,0.3125553,False
1773055713509,4.250405,0.07746266,0.931325,0.1774332,0.9512356,-0.6093805,-0.3127892,-0.1945099,0.7021284,90.80396,-0.8558109,-0.4392796,-0.2731687,-0.02380335,0.9974865,0.2206486,1.021877,-0.006357394,1.06097,0.2119739,1.081957,0.01530955,1.042421,0.2253152,1.066603,-0.03963194,-0.09107095,0.09301542,0.1360753,-0.02511212,-0.06001617,0.1544446,0.1675879,-0.0009526958,-0.05894053,0.1314688,0.1440796,-0.02736398,-0.08774399,0.09918923,0.1352268,-0.02227493,-0.06862718,0.1373293,0.1551296,-0.003376907,-0.06038427,0.1165722,0.1313269,-0.01983793,-0.07529856,0.114636,0.1385815,-0.2940171,0.4449915,0.2232692,0.8158967,70.64776,-0.5085062,0.7696182,0.3861468,5.680471,-0.007484565,-0.03609122,0.09995876,0.106538,0.8954269,0.2563658,0.2377442,0.2756179,148.0023,0.9315065,0.2666956,0.2473237,1.3,False,True,False,-0.104657,0.5929088,0.126396,0.615199,-0.09917622,-0.2242576,-0.3218236,-0.9144956,312.2684,-0.2451242,-0.5542757,-0.7954201,0.01307364,0.5829726,0.182633,0.6110506,0.008354262,0.5442277,0.2169063,0.5859197,-0.03655203,0.5559649,0.1705184,0.5826744,0.05904302,-0.05659589,0.111917,0.1386167,0.01702243,-0.07378403,0.1430094,0.1618195,0.008980643,-0.05429216,0.0767681,0.09445439,0.05919477,-0.0565165,0.1119047,0.1386391,0.01698777,-0.07376957,0.1429991,0.1618001,0.008994401,-0.05417819,0.07674231,0.09436926,0.02508885,-0.06143834,0.1085635,0.1272405,-0.8752036,-0.1437446,0.4518213,0.09598764,168.9837,-0.8792636,-0.1444114,0.4539173,16.1928,0,0,0,0,0,0,0,0,0,1,0,0,0.3639164,False,True,False,0.02084215,0.9798312,0.245348,1.010297,0.5262394,-0.5749563,0.1929423,0.596046,106.8255,0.6553822,-0.7160546,0.2402916,0.02915785,0.02016884,0.05465205,0.06514452,-0.07740224,0.3864209,0.7963918,0.4587463,125.3875,-0.08710902,0.4348807,0.8962649,0.001044195,1.104419,-0.03752754,1.105057,0.02240215,0.01985354,0.01011461,0.9995008,3.62113,0.7090358,0.6283714,0.3201309,False
1773055713523,4.263718,0.07943673,0.9284948,0.1669438,0.9467223,-0.6327381,-0.3141617,-0.2534572,0.6608361,97.27266,-0.8430548,-0.4185864,-0.3377042,-0.02214624,1.004987,0.1902143,1.023069,0.01094194,1.073382,0.1841484,1.089119,0.02721974,1.049314,0.2038386,1.069276,-0.04933047,-0.0897838,0.09088288,0.1369464,-0.02589625,-0.05462583,0.15969,0.1707498,-0.0005158889,-0.05792082,0.1327177,0.1448071,-0.0319904,-0.08816271,0.09746782,0.1352628,-0.02301051,-0.06574064,0.142218,0.158358,-0.002795589,-0.05988722,0.1201365,0.1342649,-0.02291206,-0.07553745,0.1150665,0.1395391,-0.2655916,0.4311691,0.1859196,0.8420144,65.29309,-0.4923331,0.7992679,0.3446434,6.982297,-0.007484565,-0.03609122,0.09995876,0.106538,0.8954269,0.2563658,0.2377442,0.2756179,148.0023,0.9315065,0.2666956,0.2473237,1.3,False,True,False,-0.1046452,0.5929525,0.1264234,0.6152448,-0.09947199,-0.2240734,-0.3217379,-0.9145387,312.2806,-0.2459145,-0.5539539,-0.7954,0.01306501,0.5829353,0.1826729,0.6110267,0.008347161,0.5441835,0.2169065,0.5858786,-0.03654562,0.5559391,0.1705405,0.5826559,0.05903308,-0.05659471,0.111914,0.1386095,0.01704143,-0.0737896,0.1430018,0.1618173,0.008976207,-0.05431301,0.07678264,0.09447777,0.05916226,-0.05653221,0.1119066,0.1386331,0.01699854,-0.07377359,0.1429996,0.1618035,0.00899075,-0.05420532,0.07675041,0.09439108,0.02507505,-0.06145457,0.1085632,0.1272454,-0.8752506,-0.1437309,0.4517598,0.09586872,168.9974,-0.8793007,-0.144396,0.4538503,16.17727,0,0,0,0,0,0,0,0,0,1,0,0,0.3623548,False,True,False,0.02084215,0.9798312,0.245348,1.010297,0.5262394,-0.5749563,0.1929423,0.596046,106.8255,0.6553822,-0.7160546,0.2402916,0.02915785,0.02016884,0.05465205,0.06514452,-0.07740224,0.3864209,0.7963918,0.4587463,125.3875,-0.08710902,0.4348807,0.8962649,0.001113016,1.104326,-0.03744241,1.104961,0.02294965,0.01981871,0.01054707,0.9994845,3.679461,0.7148474,0.6173233,0.3285256,False
1773055713537,4.277678,0.08118983,0.9264435,0.1587452,0.9434454,-0.6454458,-0.3138326,-0.2891648,0.6334766,101.3858,-0.8341659,-0.4055933,-0.373713,-0.0186009,1.008266,0.1691543,1.022527,0.02476054,1.079463,0.1652445,1.092318,0.0367728,1.052911,0.1889474,1.070362,-0.05535052,-0.08860952,0.08885357,0.1371506,-0.02641475,-0.05056888,0.163226,0.1729095,-5.773382E-05,-0.05671548,0.1340526,0.1455567,-0.03718899,-0.0882578,0.09560394,0.135324,-0.02373022,-0.06245286,0.1470409,0.161507,-0.002216988,-0.0592251,0.1233395,0.1368399,-0.02637221,-0.07532401,0.115198,0.140142,-0.2458796,0.4232004,0.1445553,0.85997,61.37357,-0.4817913,0.8292444,0.2832503,8.51293,-0.007484565,-0.03609122,0.09995876,0.106538,0.8954269,0.2563658,0.2377442,0.2756179,148.0023,0.9315065,0.2666956,0.2473237,1.3,False,True,False,-0.1046339,0.5929964,0.1264528,0.6152912,-0.09979696,-0.2238839,-0.3216469,-0.9145817,312.2928,-0.2467772,-0.5536186,-0.7953663,0.01305687,0.5828967,0.1827116,0.6110013,0.008339643,0.5441326,0.2169029,0.58583,-0.03654075,0.5559107,0.170563,0.5826351,0.05902711,-0.05659071,0.1119098,0.138602,0.0170618,-0.07379542,0.1429925,0.1618139,0.008971697,-0.05433201,0.07679803,0.09450077,0.05913404,-0.05654441,0.1119073,0.1386266,0.01701173,-0.07377813,0.1429982,0.1618057,0.008986779,-0.05423179,0.07676034,0.09441397,0.02506451,-0.0614696,0.1085628,0.1272503,-0.8752723,-0.1437543,0.4517355,0.09575053,169.011,-0.8793124,-0.1444178,0.4538207,16.16232,0,0,0,0,0,0,0,0,0,1,0,0,0.360875,False,True,False,0.02084215,0.9798312,0.245348,1.010297,0.5262394,-0.5749563,0.1929423,0.596046,106.8255,0.6553822,-0.7160546,0.2402916,0.02915785,0.02016884,0.05465205,0.06514452,-0.07740224,0.3864209,0.7963918,0.4587463,125.3875,-0.08710902,0.4348807,0.8962649,0.001246668,1.104205,-0.03737796,1.104838,0.02383255,0.01989636,0.01075879,0.99946,3.765887,0.7253293,0.6055338,0.3274374,False
1773055713551,4.291917,0.08280528,0.9248759,0.1519709,0.940929,-0.6532402,-0.3130344,-0.3127734,0.6143774,104.1866,-0.8279214,-0.3967421,-0.3964113,-0.01536842,1.009219,0.1530751,1.020878,0.03614987,1.083071,0.1508756,1.094126,0.04466967,1.055312,0.1777199,1.071104,-0.06013977,-0.08760007,0.08666157,0.137116,-0.02685732,-0.04673253,0.1662029,0.1747245,0.0004673462,-0.05538626,0.1356516,0.1465237,-0.04245627,-0.08811595,0.09362815,0.1354001,-0.024403,-0.05895268,0.1515481,0.1644316,-0.001639919,-0.05841118,0.1262255,0.1390951,-0.0299092,-0.07477304,0.1150818,0.1404613,-0.2335211,0.4174144,0.1043047,0.8719826,58.6203,-0.4770245,0.852672,0.213068,10.21423,-0.007484565,-0.03609122,0.09995876,0.106538,0.8954269,0.2563658,0.2377442,0.2756179,148.0023,0.9315065,0.2666956,0.2473237,1.3,False,True,False,-0.1046231,0.5930403,0.1264839,0.6153381,-0.1002786,-0.2236186,-0.3215158,-0.9146401,312.3093,-0.2480492,-0.5531431,-0.7953017,0.0130453,0.5828252,0.182752,0.6109449,0.008320384,0.5440352,0.216888,0.5857337,-0.03654478,0.5558584,0.1705792,0.5825902,0.05902511,-0.05658392,0.1119049,0.1385944,0.01708347,-0.07380144,0.1429818,0.1618094,0.008967198,-0.05434927,0.07681423,0.09452343,0.05911095,-0.05655278,0.1119068,0.1386198,0.01702692,-0.07378306,0.1429947,0.1618065,0.008982634,-0.05425672,0.07677175,0.09443718,0.02505752,-0.06148294,0.1085624,0.1272549,-0.8752685,-0.1438137,0.451748,0.09563734,169.024,-0.879299,-0.1444759,0.4538283,16.14842,0,0,0,0,0,0,0,0,0,1,0,0,0.3601508,False,True,False,0.02084215,0.9798312,0.245348,1.010297,0.5262394,-0.5749563,0.1929423,0.596046,106.8255,0.6553822,-0.7160546,0.2402916,0.02915785,0.02016884,0.05465205,0.06514452,-0.07740224,0.3864209,0.7963918,0.4587463,125.3875,-0.08710902,0.4348807,0.8962649,0.001392675,1.104088,-0.03734215,1.10472,0.02448167,0.02000172,0.01105822,0.999439,3.838566,0.7309753,0.5972128,0.3301772,False
1773055713564,4.305543,0.08383369,0.9200891,0.1473445,0.935576,-0.6678655,-0.3190522,-0.34521,0.5770541,109.5128,-0.8177553,-0.3906575,-0.4226858,-0.009111032,1.009371,0.1363173,1.018575,0.05023034,1.081734,0.1336317,1.091114,0.0528759,1.054201,0.1643737,1.068249,-0.06201097,-0.08709419,0.08570854,0.1370281,-0.02716029,-0.0436905,0.1677931,0.1755023,0.0006026149,-0.05550362,0.136031,0.1469199,-0.04684285,-0.08790364,0.09193058,0.1355453,-0.02497678,-0.05563542,0.1552649,0.1668122,-0.001173836,-0.0578142,0.1284494,0.1408656,-0.03287975,-0.07406508,0.1150036,0.140686,-0.2283005,0.4125776,0.06798041,0.8792254,56.90187,-0.4792142,0.8660209,0.1426942,11.80967,-0.007484565,-0.03609122,0.09995876,0.106538,0.8954269,0.2563658,0.2377442,0.2756179,148.0023,0.9315065,0.2666956,0.2473237,1.3,False,True,False,-0.1045903,0.5931767,0.126504,0.6154681,-0.100481,-0.2234702,-0.3214186,-0.9146883,312.323,-0.248617,-0.5529253,-0.7952759,0.013063,0.5829034,0.1827752,0.6110269,0.008340277,0.5441142,0.2169108,0.5858158,-0.03651759,0.5559385,0.1706028,0.5826718,0.05902843,-0.05658196,0.111894,0.1385862,0.01710432,-0.07379432,0.1429956,0.1618206,0.008962829,-0.05436634,0.07682993,0.0945456,0.05909405,-0.05655875,0.1119041,0.1386129,0.01704274,-0.07378536,0.1429949,0.1618094,0.008978586,-0.05427918,0.07678365,0.09445938,0.0250535,-0.06149403,0.1085641,0.127261,-0.8752466,-0.143851,0.4518031,0.09552087,169.0374,-0.8792672,-0.1445117,0.4538785,16.13729,0,0,0,0,0,0,0,0,0,1,0,0,0.3599866,False,True,False,0.02084215,0.9798312,0.245348,1.010297,0.5262394,-0.5749563,0.1929423,0.596046,106.8255,0.6553822,-0.7160546,0.2402916,0.02915785,0.02016884,0.05465205,0.06514452,-0.07740224,0.3864209,0.7963918,0.4587463,125.3875,-0.08710902,0.4348807,0.8962649,0.001675941,1.103979,-0.03730561,1.104611,0.02434123,0.01957052,0.01163641,0.9994445,3.819757,0.7303612,0.5872155,0.3491517,False
1773055713578,4.319175,0.08494245,0.9164244,0.1429308,0.931385,-0.6764254,-0.3217339,-0.3671468,0.5514882,113.0617,-0.8108841,-0.3856876,-0.4401276,-0.00384368,1.00846,0.1236445,1.016019,0.06153041,1.079571,0.1211463,1.088088,0.05966518,1.052909,0.1544955,1.065854,-0.06367067,-0.08661798,0.08493029,0.1370029,-0.02739511,-0.04099391,0.1690761,0.1761184,0.0007991859,-0.05544919,0.1367359,0.1475532,-0.05064871,-0.0876371,0.09042517,0.1357286,-0.02548067,-0.05242397,0.158437,0.1688189,-0.0007633799,-0.05732748,0.1303286,0.1423817,-0.03544509,-0.07325184,0.1149589,0.1408465,-0.2266001,0.408018,0.03450391,0.8837326,55.8081,-0.4841962,0.8718476,0.07372752,13.34472,-0.007484565,-0.03609122,0.09995876,0.106538,0.8954269,0.2563658,0.2377442,0.2756179,148.0023,0.9315065,0.2666956,0.2473237,1.299999,False,True,False,-0.1045566,0.5933182,0.1265249,0.6156031,-0.10069,-0.2233227,-0.321317,-0.914737,312.3368,-0.249202,-0.5527111,-0.7952414,0.01308272,0.5829886,0.1827964,0.6111149,0.008361667,0.5441979,0.2169349,0.5859027,-0.03649024,0.5560236,0.1706274,0.5827585,0.05903555,-0.05657831,0.1118816,0.1385777,0.01712613,-0.07378575,0.1430111,0.1618326,0.00895848,-0.05438196,0.07684615,0.09456734,0.05908207,-0.05656275,0.1118995,0.1386057,0.0170598,-0.07378545,0.1429982,0.1618141,0.008974474,-0.05430024,0.07679643,0.09448148,0.02505203,-0.0615035,0.1085679,0.1272685,-0.8752078,-0.1438708,0.4518979,0.09539769,169.0516,-0.8792177,-0.14453,0.4539684,16.12818,0,0,0,0,0,0,0,0,0,1,0,0,0.3598277,False,True,False,0.02084215,0.9798312,0.245348,1.010297,0.5262394,-0.5749563,0.1929423,0.596046,106.8255,0.6553822,-0.7160546,0.2402916,0.02915785,0.02016884,0.05465205,0.06514452,-0.07740224,0.3864209,0.7963918,0.4587463,125.3875,-0.08710902,0.4348807,0.8962649,0.001992933,1.103863,-0.03728918,1.104495,0.02398806,0.01921976,0.01143459,0.9994621,3.758813,0.7314365,0.5860428,0.3486601,False
1773055713592,4.333212,0.08625574,0.9128361,0.1441885,0.9281703,-0.6844746,-0.311564,-0.3984663,0.525021,116.6607,-0.8042336,-0.3660767,-0.4681838,0.007132128,1.012193,0.1177912,1.019048,0.07327123,1.074228,0.122031,1.083617,0.07038006,1.050397,0.1525537,1.063748,-0.06447855,-0.08445958,0.08715025,0.1374266,-0.02581332,-0.04410257,0.1654085,0.1731223,0.0007024824,-0.05547474,0.1360854,0.1469597,-0.05386203,-0.08696574,0.08970517,0.1360558,-0.02555152,-0.05055262,0.1600702,0.1697967,-0.0004512669,-0.05693671,0.1316602,0.1434447,-0.03751952,-0.07260249,0.1146939,0.1408315,-0.2226915,0.4097859,0.012733,0.8844897,55.62244,-0.4773053,0.8783137,0.02729126,14.27265,-0.007484565,-0.03609122,0.09995876,0.106538,0.8954269,0.2563658,0.2377442,0.2756179,148.0023,0.9315065,0.2666956,0.2473237,1.299889,False,True,False,-0.1045143,0.5934525,0.1265026,0.6157207,-0.1008585,-0.2231061,-0.3212503,-0.9147948,312.3532,-0.2496999,-0.5523537,-0.7953336,0.01310506,0.5830823,0.1827913,0.6112033,0.008381262,0.5442878,0.2169571,0.5859948,-0.03646476,0.5561127,0.1706186,0.5828394,0.05905056,-0.05657072,0.1118679,0.13857,0.01714426,-0.07376609,0.1430475,0.1618578,0.008954912,-0.05438988,0.07685749,0.09458078,0.05907546,-0.05656442,0.1118929,0.1385982,0.01707748,-0.07378139,0.1430085,0.1618233,0.00897038,-0.05431905,0.07680922,0.09450229,0.02505256,-0.06151052,0.1085752,0.1272782,-0.8751577,-0.1438492,0.4520311,0.09525871,169.0676,-0.8791557,-0.1445063,0.4540961,16.12229,0,0,0,0,0,0,0,0,0,1,0,0,0.3593055,False,True,False,0.02084215,0.9798312,0.245348,1.010297,0.5262394,-0.5749563,0.1929423,0.596046,106.8255,0.6553822,-0.7160546,0.2402916,0.02915785,0.02016884,0.05465205,0.06514452,-0.07740224,0.3864209,0.7963918,0.4587463,125.3875,-0.08710902,0.4348807,0.8962649,0.002269838,1.10372,-0.03731016,1.104352,0.02395132,0.01876921,0.01094619,0.999477,3.706382,0.7406495,0.5804025,0.3384903,False
1773055713606,4.347141,0.08749303,0.9098978,0.1443216,0.9254176,-0.6895452,-0.3049622,-0.4203832,0.5047807,119.3664,-0.7987803,-0.3532731,-0.4869787,0.01582292,1.013639,0.1127731,1.020016,0.08392574,1.070514,0.1205913,1.080549,0.0782539,1.047593,0.1503486,1.061216,-0.06505335,-0.08290924,0.08861849,0.1376921,-0.02470633,-0.04393038,0.1644895,0.172038,0.0006005805,-0.0554785,0.1354101,0.1463357,-0.05645135,-0.08611803,0.08946838,0.1364099,-0.025373,-0.04907169,0.1610946,0.1703035,-0.0002287581,-0.0566308,0.1325187,0.1441122,-0.03914112,-0.07189664,0.1145789,0.1408172,-0.2196639,0.4136769,-0.004513018,0.8835151,55.86133,-0.4689638,0.8831651,-0.00963491,14.8822,-0.007484565,-0.03609122,0.09995876,0.106538,0.8954269,0.2563658,0.2377442,0.2756179,148.0023,0.9315065,0.2666956,0.2473237,1.299046,False,True,False,-0.1044707,0.5935908,0.1264785,0.6158417,-0.1010274,-0.2228815,-0.3211842,-0.9148541,312.3701,-0.2502012,-0.5519812,-0.7954345,0.01312888,0.5831835,0.1827842,0.6112981,0.008401327,0.5443831,0.216983,0.5860931,-0.03643993,0.5562071,0.1706092,0.5829251,0.05906973,-0.05656119,0.1118528,0.138562,0.01716284,-0.07374368,0.1430882,0.1618855,0.008951385,-0.0543956,0.07686874,0.09459287,0.05907427,-0.05656375,0.1118846,0.1385907,0.01709524,-0.07377355,0.1430251,0.1618362,0.008966428,-0.054335,0.07682161,0.09452116,0.02505506,-0.06151492,0.1085855,0.1272897,-0.8750981,-0.1437895,0.4521969,0.09510989,169.0847,-0.8790832,-0.1444443,0.4542561,16.11966,0,0,0,0,0,0,0,0,0,1,0,0,0.3598279,False,True,False,0.02084215,0.9798312,0.245348,1.010297,0.5262394,-0.5749563,0.1929423,0.596046,106.8255,0.6553822,-0.7160546,0.2402916,0.02915785,0.02016884,0.05465205,0.06514452,-0.07740224,0.3864209,0.7963918,0.4587463,125.3875,-0.08710902,0.4348807,0.8962649,0.002635937,1.103518,-0.03743181,1.104156,0.02421249,0.0181062,0.01005043,0.9994923,3.651484,0.7599624,0.568303,0.3154549,False
1773055713621,4.360859,0.08498262,0.9018921,0.1455902,0.9175118,-0.6517435,-0.312642,-0.4841454,0.4930402,120.9188,-0.7491249,-0.3593559,-0.5564848,0.03165852,1.012932,0.1007703,1.018425,0.08840237,1.060169,0.1337387,1.072221,0.07595685,1.033014,0.1579277,1.047773,-0.0717857,-0.07129407,0.09511202,0.1388608,-0.02229452,-0.04590132,0.1602506,0.1681792,-0.0006394501,-0.05712216,0.1276456,0.1398455,-0.05997653,-0.08304071,0.09067272,0.1368009,-0.0247333,-0.04837286,0.1609029,0.1698276,-0.0003144489,-0.05673252,0.1314286,0.1431508,-0.04080812,-0.06986882,0.1151554,0.1407399,-0.2061319,0.4387448,-0.02091066,0.8744,58.0519,-0.424834,0.904245,-0.04309648,15.06168,-0.007484565,-0.03609122,0.09995876,0.106538,0.8954269,0.2563658,0.2377442,0.2756179,148.0023,0.9315065,0.2666956,0.2473237,1.3,False,True,False,-0.1044463,0.5936691,0.1264728,0.6159118,-0.1010659,-0.2226302,-0.321121,-0.9149333,312.3925,-0.2504079,-0.551604,-0.7956316,0.01312974,0.5832715,0.1828152,0.6113914,0.008388601,0.5444353,0.2170416,0.5861631,-0.03644136,0.5562572,0.1706334,0.5829802,0.05911074,-0.05652992,0.1118389,0.1385556,0.01717818,-0.07373097,0.1431157,0.1619057,0.008949012,-0.05439853,0.07687592,0.09460017,0.05908177,-0.05655679,0.1118752,0.1385835,0.01711229,-0.0737648,0.1430437,0.1618505,0.008962849,-0.05434809,0.07683278,0.09453741,0.02506171,-0.06151634,0.1085973,0.1273017,-0.8750165,-0.1437586,0.4523984,0.09495,169.1031,-0.8789877,-0.1444111,0.4544516,16.12125,0,0,0,0,0,0,0,0,0,1,0,0,0.360155,False,True,False,0.02084215,0.9798312,0.245348,1.010297,0.5262394,-0.5749563,0.1929423,0.596046,106.8255,0.6553822,-0.7160546,0.2402916,0.02915785,0.02016884,0.05465205,0.06514452,-0.07740224,0.3864209,0.7963918,0.4587463,125.3875,-0.08710902,0.4348807,0.8962649,0.003271862,1.103222,-0.03779792,1.103874,0.02448297,0.01800422,0.00919563,0.9994958,3.639028,0.7710826,0.5670366,0.2896131,False
1773055713634,4.374792,0.08342524,0.8955111,0.1457731,0.9111255,-0.628994,-0.3156477,-0.5221208,0.4817915,122.3951,-0.7177954,-0.3602108,-0.5958339,0.04234904,1.009613,0.09529505,1.014984,0.09243281,1.052166,0.1402082,1.065483,0.07563508,1.023144,0.1606826,1.038442,-0.07532141,-0.06505927,0.09724963,0.1391529,-0.02082224,-0.04562122,0.1585912,0.1663311,-0.00126615,-0.05729132,0.1237532,0.1363772,-0.06356315,-0.07919795,0.0920803,0.1370816,-0.02391449,-0.04776074,0.1603766,0.1690374,-0.0005150326,-0.0568495,0.1297139,0.1416256,-0.04237178,-0.06740054,0.1157329,0.1404717,-0.1889403,0.4681204,-0.0370818,0.8624325,60.81838,-0.3732729,0.9248245,-0.07325928,15.19591,-0.007484565,-0.03609122,0.09995876,0.106538,0.8954269,0.2563658,0.2377442,0.2756179,148.0023,0.9315065,0.2666956,0.2473237,1.3,False,True,False,-0.1044222,0.5937466,0.1264668,0.6159812,-0.1010871,-0.2223689,-0.3210586,-0.9150163,312.4161,-0.2505772,-0.5512137,-0.7958483,0.01313007,0.5833679,0.1828485,0.6114933,0.008373156,0.5444899,0.2171062,0.5862375,-0.03644554,0.5563099,0.1706605,0.5830386,0.05915812,-0.05649412,0.1118241,0.1385493,0.01719336,-0.07371757,0.1431448,0.1619269,0.008946894,-0.0543993,0.07688243,0.09460571,0.05909767,-0.05654375,0.1118645,0.1385764,0.01712917,-0.07375497,0.1430648,0.1618664,0.008959529,-0.05435876,0.07684311,0.09455164,0.02507246,-0.06151495,0.1086106,0.1273145,-0.8749117,-0.1437539,0.452639,0.09477601,169.1232,-0.8788678,-0.144404,0.4546857,16.12684,0,0,0,0,0,0,0,0,0,1,0,0,0.3604704,False,True,False,0.02084215,0.9798312,0.245348,1.010297,0.5262394,-0.5749563,0.1929423,0.596046,106.8255,0.6553822,-0.7160546,0.2402916,0.02915785,0.02016884,0.05465205,0.06514452,-0.07740224,0.3864209,0.7963918,0.4587463,125.3875,-0.08710902,0.4348807,0.8962649,0.003622632,1.103058,-0.03805152,1.10372,0.02479469,0.01796192,0.008210762,0.9994975,3.633,0.782196,0.5666432,0.2590242,False
1773055713649,4.388757,0.08245961,0.8901387,0.145282,0.9056785,-0.6144517,-0.3167333,-0.5473135,0.4717808,123.7001,-0.6968817,-0.3592237,-0.6207368,0.05090556,1.005763,0.09128691,1.011179,0.09603065,1.04534,0.1436548,1.059525,0.07605907,1.015447,0.1613799,1.031,-0.07783988,-0.0603273,0.09845652,0.1392556,-0.0197071,-0.04481392,0.1576213,0.1650488,-0.001675082,-0.05713452,0.1212062,0.1340079,-0.06691749,-0.07509293,0.09343598,0.137285,-0.02303615,-0.0471056,0.159754,0.1681396,-0.0007594506,-0.05690923,0.1278347,0.139932,-0.04377307,-0.06480742,0.1161886,0.1400567,-0.1706268,0.4967847,-0.053242,0.8492683,63.73565,-0.3231805,0.9409488,-0.1008445,15.37226,-0.007484565,-0.03609122,0.09995876,0.106538,0.8954269,0.2563658,0.2377442,0.2756179,148.0023,0.9315065,0.2666956,0.2473237,1.3,False,True,False,-0.1043984,0.5938234,0.1264605,0.6160499,-0.1010915,-0.222098,-0.3209971,-0.9151032,312.4408,-0.2507106,-0.5508113,-0.7960849,0.01312979,0.5834727,0.1828839,0.6116039,0.008354992,0.544547,0.2171764,0.5863163,-0.03645238,0.556365,0.1706901,0.5831002,0.05921176,-0.05645371,0.1118084,0.138543,0.01720836,-0.0737035,0.1431752,0.1619489,0.008944984,-0.05439804,0.07688823,0.09460951,0.05912147,-0.05652498,0.1118528,0.1385694,0.01714568,-0.07374424,0.1430878,0.1618836,0.008956497,-0.05436696,0.07685252,0.09456372,0.02508706,-0.06151086,0.1086254,0.127328,-0.8747857,-0.143775,0.4529144,0.09459092,169.1445,-0.8787255,-0.1444225,0.4549543,16.1362,0,0,0,0,0,0,0,0,0,1,0,0,0.3612307,False,True,False,0.02084215,0.9798312,0.245348,1.010297,0.5262394,-0.5749563,0.1929423,0.596046,106.8255,0.6553822,-0.7160546,0.2402916,0.02915785,0.02016884,0.05465205,0.06514452,-0.07740224,0.3864209,0.7963918,0.4587463,125.3875,-0.08710902,0.4348807,0.8962649,0.004078244,1.102876,-0.03825343,1.103547,0.02499852,0.01789965,0.007396242,0.9994999,3.624371,0.7905041,0.5660234,0.2338842,False
1773055713662,4.402497,0.07501365,0.8792127,0.1442614,0.8941216,-0.5656607,-0.2792518,-0.600105,0.491854,121.075,-0.6496786,-0.3207292,-0.689239,0.06593157,1.002514,0.09971572,1.009616,0.09357234,1.029969,0.1674573,1.04768,0.06894001,0.996953,0.1764311,1.014789,-0.08203413,-0.04532544,0.1029409,0.139215,-0.0179569,-0.0451451,0.1553546,0.1627746,-0.002524199,-0.05829883,0.1155632,0.1294603,-0.07043885,-0.06854197,0.09540924,0.1369765,-0.02198765,-0.04667658,0.1587821,0.1669548,-0.001125547,-0.05719618,0.1252009,0.1376515,-0.04492133,-0.06092469,0.1168819,0.139252,-0.1384591,0.5344003,-0.07599515,0.8303434,67.73195,-0.2484676,0.9589919,-0.1363748,15.52003,-0.007484565,-0.03609122,0.09995876,0.106538,0.8954269,0.2563658,0.2377442,0.2756179,148.0023,0.9315065,0.2666956,0.2473237,1.3,False,True,False,-0.1043088,0.593846,0.1264219,0.6160486,-0.1012645,-0.2219311,-0.3208262,-0.9151845,312.4639,-0.2512547,-0.5506495,-0.7960254,0.01321155,0.5834732,0.1828487,0.6115956,0.008416459,0.5444981,0.2171712,0.5862699,-0.0363911,0.5563418,0.1706539,0.5830637,0.05925888,-0.05642101,0.1117949,0.138539,0.01721634,-0.07369134,0.143207,0.1619724,0.008944028,-0.05439544,0.07688869,0.0946083,0.05914976,-0.05650358,0.1118409,0.1385631,0.01716023,-0.07373336,0.1431123,0.1619019,0.008953931,-0.05437283,0.07685997,0.09457289,0.02510323,-0.06150522,0.1086406,0.1273415,-0.8746552,-0.143803,0.4531958,0.09440687,169.1656,-0.8785792,-0.1444482,0.455229,16.14837,0,0,0,0,0,0,0,0,0,1,0,0,0.3623781,False,True,False,0.02084215,0.9798312,0.245348,1.010297,0.5262394,-0.5749563,0.1929423,0.596046,106.8255,0.6553822,-0.7160546,0.2402916,0.02915785,0.02016884,0.05465205,0.06514452,-0.07740224,0.3864209,0.7963918,0.4587463,125.3875,-0.08710902,0.4348807,0.8962649,0.004498415,1.102694,-0.03848742,1.103375,0.02546279,0.01837194,0.006658135,0.9994848,3.67861,0.7933115,0.5723911,0.207439,False
1773055713676,4.416502,0.06959747,0.8703015,0.1430102,0.8847149,-0.5362211,-0.2583669,-0.6302242,0.4985287,120.1946,-0.6185694,-0.2980447,-0.7270086,0.07247347,0.99593,0.1055601,1.004128,0.09086502,1.016315,0.179463,1.036031,0.06380744,0.9826554,0.1826769,1.001526,-0.08356525,-0.03811603,0.1042058,0.1389058,-0.01666407,-0.04481406,0.1537487,0.1610114,-0.003027345,-0.05830611,0.1120757,0.1263714,-0.07354725,-0.06159426,0.09724723,0.1366019,-0.02086628,-0.04626414,0.1576648,0.165632,-0.001525073,-0.05742856,0.1223863,0.135199,-0.04585163,-0.05696847,0.1172613,0.1381954,-0.1034392,0.5698874,-0.09902702,0.8091492,71.97422,-0.1760357,0.9698507,-0.168527,15.78255,-0.007484565,-0.03609122,0.09995876,0.106538,0.8954269,0.2563658,0.2377442,0.2756179,148.0023,0.9315065,0.2666956,0.2473237,1.3,False,True,False,-0.1042157,0.5938647,0.1263811,0.6160426,-0.1014439,-0.2217688,-0.3206429,-0.9152682,312.4877,-0.2518187,-0.5505067,-0.7959463,0.01329862,0.5834711,0.1828086,0.6115835,0.008481175,0.5444419,0.2171636,0.5862158,-0.03632789,0.5563146,0.1706139,0.5830221,0.05931015,-0.0563857,0.111781,0.1385353,0.01722327,-0.07367886,0.14324,0.1619967,0.008943326,-0.05439104,0.07688791,0.09460507,0.05918328,-0.05647896,0.1118284,0.1385573,0.01717341,-0.07372198,0.143139,0.1619217,0.008951715,-0.05437664,0.07686581,0.09457962,0.02512146,-0.0614979,0.108657,0.1273555,-0.874516,-0.1438393,0.4534922,0.09421819,169.1873,-0.8784236,-0.144482,0.4555185,16.16359,0,0,0,0,0,0,0,0,0,1,0,0,0.3634903,False,True,False,0.02084215,0.9798312,0.245348,1.010297,0.5262394,-0.5749563,0.1929423,0.596046,106.8255,0.6553822,-0.7160546,0.2402916,0.02915785,0.02016884,0.05465205,0.06514452,-0.07740224,0.3864209,0.7963918,0.4587463,125.3875,-0.08710902,0.4348807,0.8962649,0.005027752,1.102522,-0.0386053,1.10321,0.02576404,0.01829779,0.00586029,0.9994835,3.683288,0.8016774,0.5693566,0.1823496,False
1773055713690,4.43079,0.0654414,0.8626412,0.141616,0.8766342,-0.5166619,-0.2455093,-0.6502255,0.4999926,120.001,-0.5965869,-0.2834883,-0.7508119,0.07694312,0.9887114,0.1086821,0.9976383,0.08862424,1.004569,0.1860593,1.02549,0.05987868,0.9709021,0.1850841,0.9901982,-0.08455121,-0.03277874,0.1047792,0.1385714,-0.01559414,-0.04414716,0.1524241,0.159453,-0.003431175,-0.0579352,0.1092698,0.1237261,-0.07619209,-0.05479141,0.0988579,0.1363093,-0.01973309,-0.04578929,0.1564946,0.1642456,-0.001930886,-0.05753624,0.1195714,0.1327082,-0.04663821,-0.05317451,0.1173356,0.1370047,-0.06950993,0.6007643,-0.1206935,0.7872,76.15079,-0.1127131,0.9741632,-0.1957093,16.18133,-0.007484565,-0.03609122,0.09995876,0.106538,0.8954269,0.2563658,0.2377442,0.2756179,148.0023,0.9315065,0.2666956,0.2473237,1.3,False,True,False,-0.1041191,0.5938799,0.1263383,0.6160321,-0.1016295,-0.2216109,-0.3204477,-0.9153543,312.5122,-0.2524019,-0.5503817,-0.7958477,0.01339081,0.5834668,0.1827641,0.6115681,0.008548975,0.5443787,0.2171538,0.5861544,-0.03626287,0.5562835,0.1705703,0.5829756,0.05936557,-0.05634773,0.1117666,0.138532,0.01722922,-0.07366601,0.1432744,0.1620218,0.008942998,-0.05438484,0.07688588,0.09459982,0.05922197,-0.05645112,0.1118153,0.1385519,0.01718526,-0.0737101,0.1431678,0.161943,0.008949866,-0.05437838,0.07687007,0.09458391,0.02514175,-0.06148888,0.1086742,0.1273698,-0.874368,-0.1438839,0.4538032,0.09402517,169.2096,-0.8782588,-0.1445242,0.4558225,16.18182,0,0,0,0,0,0,0,0,0,1,0,0,0.3645645,False,True,False,0.02084215,0.9798312,0.245348,1.010297,0.5262394,-0.5749563,0.1929423,0.596046,106.8255,0.6553822,-0.7160546,0.2402916,0.02915785,0.02016884,0.05465205,0.06514452,-0.07740224,0.3864209,0.7963918,0.4587463,125.3875,-0.08710902,0.4348807,0.8962649,0.005533576,1.102284,-0.03886081,1.102983,0.02591848,0.01858081,0.004772353,0.99948,3.695595,0.8038201,0.5762542,0.1480069,False
1773055713703,4.444583,0.06211357,0.8626691,0.1391287,0.876021,-0.4456992,-0.2444098,-0.7157826,0.478823,122.7829,-0.5076813,-0.2783992,-0.8153244,0.09045972,0.989081,0.1246928,1.001006,0.08446845,0.9985928,0.1990459,1.021735,0.05276737,0.9705957,0.1923985,0.9908873,-0.08028436,-0.02820776,0.1087545,0.1380898,-0.01538868,-0.04425289,0.1520791,0.1591326,-0.002820272,-0.06153188,0.1120729,0.1278845,-0.07714415,-0.04859264,0.1009352,0.1360161,-0.01882189,-0.04545495,0.1555431,0.1631382,-0.002114829,-0.05836278,0.1180193,0.1316785,-0.04655664,-0.04999897,0.1178223,0.1361966,-0.03954832,0.6231471,-0.1497188,0.7666212,79.89713,-0.06159218,0.9704834,-0.2331707,16.28509,-0.007484565,-0.03609122,0.09995876,0.106538,0.8954269,0.2563658,0.2377442,0.2756179,148.0023,0.9315065,0.2666956,0.2473237,1.3,False,True,False,-0.104082,0.5939931,0.1262467,0.6161161,-0.1016554,-0.2214947,-0.3203786,-0.9154037,312.5262,-0.2525368,-0.5502467,-0.7958983,0.0134297,0.5836431,0.1826767,0.611711,0.008571193,0.5444714,0.2170992,0.5862206,-0.03624482,0.5563812,0.1704877,0.5830435,0.05944423,-0.05628891,0.1117524,0.1385303,0.01723827,-0.07366016,0.1432975,0.1620406,0.008942371,-0.05438285,0.07688292,0.09459621,0.05926784,-0.05641764,0.1118023,0.1385474,0.0171962,-0.07369979,0.1431946,0.1619631,0.008948319,-0.05437931,0.07687272,0.09458645,0.02516587,-0.06147832,0.1086906,0.1273835,-0.8742012,-0.1439876,0.4541338,0.09382122,169.233,-0.8780742,-0.1446255,0.4561458,16.20305,0,0,0,0,0,0,0,0,0,1,0,0,0.3669011,False,True,False,0.02084215,0.9798312,0.245348,1.010297,0.5262394,-0.5749563,0.1929423,0.596046,106.8255,0.6553822,-0.7160546,0.2402916,0.02915785,0.02016884,0.05465205,0.06514452,-0.07740224,0.3864209,0.7963918,0.4587463,125.3875,-0.08710902,0.4348807,0.8962649,0.006146215,1.102049,-0.03905342,1.102758,0.02654523,0.02055465,0.003356738,0.9994307,3.867012,0.7867579,0.6092067,0.09948832,False
1773055713717,4.458072,0.05957749,0.8614599,0.1371114,0.8743353,-0.4074901,-0.2412956,-0.7472581,0.4661905,124.4254,-0.4606051,-0.2727477,-0.8446607,0.09561095,0.9862293,0.1340236,0.999876,0.08030929,0.9932021,0.2049393,1.0173,0.04743724,0.9682012,0.1947715,0.9887365,-0.07772891,-0.02516597,0.1107379,0.1376154,-0.01498951,-0.04441438,0.1514113,0.1585014,-0.002606029,-0.06342795,0.1124851,0.1291619,-0.0772768,-0.04316439,0.1029737,0.1357883,-0.01803016,-0.04523312,0.1546746,0.1621584,-0.002214565,-0.05939721,0.1168943,0.1311381,-0.04610279,-0.047383,0.118316,0.1355333,-0.01311548,0.6408193,-0.1775625,0.7467598,83.37904,-0.01971975,0.963502,-0.2669736,16.31452,-0.007484565,-0.03609122,0.09995876,0.106538,0.8954269,0.2563658,0.2377442,0.2756179,148.0023,0.9315065,0.2666956,0.2473237,1.3,False,True,False,-0.1040452,0.5941082,0.1261508,0.6162012,-0.1016695,-0.2213866,-0.3203132,-0.9154512,312.5398,-0.2526395,-0.5501259,-0.7959495,0.01347039,0.5838314,0.1825837,0.6118638,0.008594491,0.5445693,0.2170407,0.5862902,-0.03622696,0.5564838,0.1704007,0.5831149,0.05952879,-0.05622551,0.1117378,0.1385292,0.01724682,-0.0736548,0.1433205,0.1620594,0.008941984,-0.05437984,0.07687881,0.0945911,0.05932074,-0.05637868,0.1117892,0.1385436,0.01720647,-0.07369067,0.1432201,0.1619827,0.008947034,-0.05437941,0.07687396,0.09458739,0.02519371,-0.06146621,0.1087066,0.1273968,-0.8740155,-0.1441439,0.4544861,0.09360512,169.2579,-0.8778698,-0.1447796,0.4564903,16.2273,0,0,0,0,0,0,0,0,0,1,0,0,0.369256,False,True,False,0.02084215,0.9798312,0.245348,1.010297,0.5262394,-0.5749563,0.1929423,0.596046,106.8255,0.6553822,-0.7160546,0.2402916,0.02915785,0.02016884,0.05465205,0.06514452,-0.07740224,0.3864209,0.7963918,0.4587463,125.3875,-0.08710902,0.4348807,0.8962649,0.006597992,1.10193,-0.03915918,1.102645,0.02701428,0.02200456,0.002262081,0.9993902,4.001717,0.773723,0.6302384,0.06478886,False
1773055713731,4.471986,0.05862346,0.8610014,0.1336083,0.8732762,-0.3299313,-0.2039854,-0.8012226,0.455607,125.792,-0.370634,-0.2291505,-0.900067,0.09920441,0.9813883,0.1585706,0.9990541,0.07574343,0.9801629,0.2219457,1.007828,0.04323544,0.9618465,0.207294,0.9848801,-0.07283021,-0.02610698,0.1132522,0.1371564,-0.01495868,-0.04518475,0.1508504,0.1581811,-0.001852115,-0.06563634,0.116018,0.1333107,-0.07625623,-0.03909968,0.1051815,0.1356722,-0.01737891,-0.04522259,0.1538562,0.1613036,-0.00213912,-0.06071042,0.1167116,0.1315748,-0.04514004,-0.04565917,0.1190142,0.1352286,0.007086555,0.6527596,-0.2041406,0.7295076,86.30973,0.01036088,0.9543651,-0.2984631,15.97707,-0.007484565,-0.03609122,0.09995876,0.106538,0.8954269,0.2563658,0.2377442,0.2756179,148.0023,0.9315065,0.2666956,0.2473237,1.299999,False,True,False,-0.103943,0.5941738,0.1260818,0.6162331,-0.1017373,-0.2213893,-0.3201379,-0.9155042,312.5549,-0.2528838,-0.5502976,-0.7957526,0.01359224,0.5839608,0.1824845,0.6119605,0.008694917,0.5445938,0.2169729,0.5862894,-0.03613627,0.5565194,0.1703233,0.5831206,0.05962613,-0.05615404,0.1117215,0.1385288,0.01725561,-0.07365391,0.1433352,0.162073,0.008941673,-0.0543831,0.07687634,0.09459095,0.05938422,-0.05633198,0.1117751,0.1385405,0.01721669,-0.07368303,0.1432441,0.1620014,0.008945921,-0.05438018,0.07687446,0.09458814,0.02522758,-0.06145253,0.1087225,0.1274105,-0.8737947,-0.1443742,0.4548879,0.09335918,169.2862,-0.8776278,-0.1450075,0.4568833,16.2556,0,0,0,0,0,0,0,0,0,1,0,0,0.371832,False,True,False,0.02084215,0.9798312,0.245348,1.010297,0.5262394,-0.5749563,0.1929423,0.596046,106.8255,0.6553822,-0.7160546,0.2402916,0.02915785,0.02016884,0.05465205,0.06514452,-0.07740224,0.3864209,0.7963918,0.4587463,125.3875,-0.08710902,0.4348807,0.8962649,0.007060155,1.101871,-0.03930458,1.102594,0.02733958,0.02314909,0.001289424,0.9993573,4.108475,0.7627068,0.6458026,0.03597175,False
1773055713746,4.486207,0.05744828,0.8597206,0.1303477,0.8714415,-0.2913758,-0.1859036,-0.8244715,0.4480924,126.7573,-0.3259283,-0.2079489,-0.9222408,0.09918573,0.9752607,0.1695074,0.9948387,0.07155102,0.9720009,0.2273209,1.00079,0.03959599,0.957186,0.2114623,0.9810653,-0.0692858,-0.02544243,0.1149314,0.1365909,-0.01493085,-0.0456351,0.1503952,0.157874,-0.001395858,-0.06677069,0.1180754,0.1356542,-0.07465131,-0.03578749,0.107326,0.1355449,-0.01685044,-0.04531353,0.153107,0.1605584,-0.001981617,-0.0620145,0.1170004,0.1324342,-0.04393727,-0.04438626,0.1197687,0.1350746,0.02469368,0.6612593,-0.228027,0.7142339,88.8391,0.03528138,0.9447816,-0.3257961,15.46569,-0.007484565,-0.03609122,0.09995876,0.106538,0.8954269,0.2563658,0.2377442,0.2756179,148.0023,0.9315065,0.2666956,0.2473237,1.299994,False,True,False,-0.1038374,0.5942383,0.1260107,0.616263,-0.1018015,-0.2214116,-0.319953,-0.9155564,312.5698,-0.2531182,-0.5505155,-0.7955281,0.01372122,0.5840964,0.1823784,0.6120611,0.008801296,0.5446171,0.2168991,0.5862853,-0.0360411,0.5565543,0.1702419,0.5831243,0.05972989,-0.0560779,0.1117048,0.1385292,0.01726393,-0.07365408,0.1433489,0.1620861,0.008941502,-0.05438637,0.07687332,0.09459036,0.05945735,-0.05627823,0.1117603,0.138538,0.01722668,-0.07367691,0.1432663,0.1620193,0.008944986,-0.05438149,0.07687422,0.09458861,0.02526697,-0.06143745,0.1087383,0.1274245,-0.8735423,-0.1446729,0.4553332,0.09308723,169.3175,-0.8773518,-0.1453038,0.4573189,16.2876,0,0,0,0,0,0,0,0,0,1,0,0,0.3742421,False,True,False,0.02084215,0.9798312,0.245348,1.010297,0.5262394,-0.5749563,0.1929423,0.596046,106.8255,0.6553822,-0.7160546,0.2402916,0.02915785,0.02016884,0.05465205,0.06514452,-0.07740224,0.3864209,0.7963918,0.4587463,125.3875,-0.08710902,0.4348807,0.8962649,0.007441912,1.10186,-0.03940543,1.102589,0.02743384,0.02418898,0.000173352,0.9993309,4.192224,0.7500606,0.6613438,0.004739567,False
1773055713760,4.499876,0.05803771,0.8592554,0.1308398,0.8710954,-0.2297548,-0.1581577,-0.846242,0.4539533,126.0048,-0.2578543,-0.1775008,-0.9497392,0.09234267,0.9692692,0.1887581,0.9917861,0.06197131,0.9601812,0.2397655,0.9916027,0.03330252,0.950153,0.2273803,0.9775488,-0.06592923,-0.02849271,0.1162287,0.1366294,-0.01494444,-0.04718006,0.1493793,0.1573641,0.0001066711,-0.06778269,0.1257921,0.1428921,-0.07273129,-0.03407762,0.1092345,0.135585,-0.01645155,-0.04571043,0.1523291,0.1598883,-0.00155194,-0.0632227,0.1188146,0.1345973,-0.0430784,-0.04386901,0.1205411,0.1353159,0.03362934,0.6611124,-0.2484118,0.7071711,89.98957,0.0475634,0.9350393,-0.3513394,14.45856,-0.007484565,-0.03609122,0.09995876,0.106538,0.8954269,0.2563658,0.2377442,0.2756179,148.0023,0.9315065,0.2666956,0.2473237,1.299856,False,True,False,-0.1038376,0.594281,0.125918,0.6162853,-0.1018921,-0.2213874,-0.3197924,-0.9156083,312.5845,-0.2534179,-0.5506171,-0.7953621,0.01373821,0.5841887,0.1822552,0.6121128,0.008791029,0.5446094,0.2167915,0.5862381,-0.03607106,0.5565864,0.1701389,0.5831268,0.05982012,-0.05601715,0.1116849,0.1385276,0.0172716,-0.07365966,0.1433452,0.1620861,0.008943649,-0.05436273,0.07685946,0.0945657,0.05953175,-0.05622469,0.1117448,0.1385357,0.01723589,-0.07367337,0.1432825,0.162033,0.008944713,-0.05437765,0.07687119,0.09458391,0.02530706,-0.06142091,0.1087499,0.1274343,-0.8732921,-0.1449901,0.4557562,0.09287149,169.3424,-0.8770828,-0.1456194,0.4577345,16.3197,0,0,0,0,0,0,0,0,0,1,0,0,0.375393,False,True,False,0.02084215,0.9798312,0.245348,1.010297,0.5262394,-0.5749563,0.1929423,0.596046,106.8255,0.6553822,-0.7160546,0.2402916,0.02915785,0.02016884,0.05465205,0.06514452,-0.07740224,0.3864209,0.7963918,0.4587463,125.3875,-0.08710902,0.4348807,0.8962649,0.007850826,1.101863,-0.03945158,1.102597,0.0272729,0.02483067,-0.0008120865,0.9993193,4.228481,0.7392651,0.6730655,-0.0220126,False
1773055713774,4.513695,0.05848669,0.8584864,0.1311591,0.870415,-0.1953656,-0.1427418,-0.8571835,0.4546354,125.917,-0.2193449,-0.1602621,-0.9623948,0.08800998,0.9641721,0.1987585,0.9883716,0.05667246,0.9527882,0.245647,0.9855758,0.02975136,0.944718,0.2359522,0.9741923,-0.06369732,-0.03018988,0.1169286,0.1365323,-0.01494742,-0.04800157,0.1488808,0.1571403,0.001018964,-0.06784231,0.130352,0.1469533,-0.07075289,-0.03316465,0.1109044,0.1356674,-0.01613409,-0.04619935,0.1516068,0.1593089,-0.001017148,-0.06420144,0.1212423,0.1371953,-0.04237836,-0.04364093,0.121335,0.13573,0.03799461,0.6568493,-0.2659624,0.7045349,90.41603,0.05353847,0.925571,-0.3747694,13.28694,-0.007484565,-0.03609122,0.09995876,0.106538,0.8954269,0.2563658,0.2377442,0.2756179,148.0023,0.9315065,0.2666956,0.2473237,1.299149,False,True,False,-0.1038413,0.5943215,0.1258222,0.6163054,-0.1019832,-0.2213733,-0.3196269,-0.9156594,312.5991,-0.2537178,-0.5507414,-0.7951805,0.01375382,0.5842819,0.1821256,0.6121635,0.008777805,0.5445982,0.216676,0.5861849,-0.03610636,0.5566192,0.1700312,0.5831288,0.05991384,-0.05595456,0.1116645,0.1385263,0.01727887,-0.07366675,0.1433384,0.1620841,0.008946164,-0.05433553,0.07684375,0.09453753,0.05961082,-0.0561688,0.1117282,0.1385337,0.01724478,-0.073672,0.143294,0.1620436,0.008945012,-0.05436893,0.07686552,0.09457432,0.02534969,-0.06140227,0.1087583,0.127441,-0.8730322,-0.1453385,0.4561787,0.09269624,169.3625,-0.8768074,-0.145967,0.4581513,16.35342,0,0,0,0,0,0,0,0,0,1,0,0,0.376474,False,True,False,0.02084215,0.9798312,0.245348,1.010297,0.5262394,-0.5749563,0.1929423,0.596046,106.8255,0.6553822,-0.7160546,0.2402916,0.02915785,0.02016884,0.05465205,0.06514452,-0.07740224,0.3864209,0.7963918,0.4587463,125.3875,-0.08710902,0.4348807,0.8962649,0.008215342,1.101885,-0.03940428,1.10262,0.02699,0.02532358,-0.001534771,0.9993137,4.245664,0.7286353,0.6836479,-0.04143342,False
1773055713787,4.527622,0.05894136,0.8570291,0.1313917,0.8690436,-0.1716573,-0.1321822,-0.8644092,0.4537162,126.0353,-0.1926253,-0.1483282,-0.969997,0.08476874,0.9590796,0.2054153,0.9844871,0.05319482,0.9466937,0.2492302,0.980395,0.02731909,0.9397367,0.2417681,0.970723,-0.06169879,-0.03141228,0.1174376,0.136327,-0.01495461,-0.04852926,0.1485392,0.1569797,0.001708036,-0.06777167,0.1336974,0.149903,-0.06878361,-0.03275394,0.1123343,0.1357314,-0.01588374,-0.04669721,0.150963,0.1588167,-0.0004455111,-0.06496364,0.1239076,0.1399056,-0.04172404,-0.04357829,0.1221263,0.136216,0.03933115,0.6501853,-0.2814596,0.7046223,90.40192,0.05542858,0.9162927,-0.3966552,12.09101,-0.007484565,-0.03609122,0.09995876,0.106538,0.8954269,0.2563658,0.2377442,0.2756179,148.0023,0.9315065,0.2666956,0.2473237,1.299323,False,True,False,-0.1037919,0.5942921,0.1257518,0.6162543,-0.1020613,-0.2213405,-0.3193903,-0.9157411,312.6224,-0.2540298,-0.550915,-0.7949601,0.0138089,0.5842463,0.1820384,0.6121049,0.008812673,0.544516,0.2166117,0.5860853,-0.03608768,0.556568,0.169965,0.5830595,0.05996655,-0.0559186,0.1116519,0.1385245,0.0172912,-0.07366192,0.1433514,0.1620947,0.008946423,-0.05431427,0.07684297,0.0945247,0.05968491,-0.05611671,0.1117123,0.1385316,0.01725444,-0.0736699,0.143306,0.1620542,0.008945306,-0.05435755,0.07686083,0.094564,0.02538965,-0.06138336,0.1087667,0.127447,-0.8727881,-0.1456482,0.456575,0.09255691,169.3786,-0.8765508,-0.1462761,0.4585433,16.38497,0,0,0,0,0,0,0,0,0,1,0,0,0.3747071,False,True,False,0.02084215,0.9798312,0.245348,1.010297,0.5262394,-0.5749563,0.1929423,0.596046,106.8255,0.6553822,-0.7160546,0.2402916,0.02915785,0.02016884,0.05465205,0.06514452,-0.07740224,0.3864209,0.7963918,0.4587463,125.3875,-0.08710902,0.4348807,0.8962649,0.008542322,1.101892,-0.03938385,1.102628,0.02658864,0.02574057,-0.002261468,0.9993125,4.249535,0.7171459,0.6942719,-0.06099607,False
1773055713801,4.541504,0.05908957,0.857169,0.1336634,0.8695379,-0.1212601,-0.134066,-0.879522,0.4401857,127.7685,-0.1350475,-0.1493095,-0.9795249,0.07381558,0.9603931,0.2103322,0.9859226,0.04422639,0.9421719,0.2557674,0.9772721,0.02167187,0.9357321,0.253749,0.9697694,-0.06330105,-0.03997386,0.1148591,0.1371042,-0.01475846,-0.04792281,0.1502462,0.158393,0.003524899,-0.06354322,0.1436342,0.1571017,-0.06760447,-0.03441686,0.1128846,0.1360067,-0.01564563,-0.04695757,0.1508131,0.1587274,0.0003879004,-0.06466221,0.1281885,0.1435746,-0.0421461,-0.04407319,0.1227548,0.1370674,0.02203012,0.6315028,-0.2901319,0.7187089,88.10403,0.03168384,0.9082305,-0.4172692,10.73628,-0.007484565,-0.03609122,0.09995876,0.106538,0.8954269,0.2563658,0.2377442,0.2756179,148.0023,0.9315065,0.2666956,0.2473237,1.299997,False,True,False,-0.1037418,0.5942562,0.1256807,0.6161968,-0.102138,-0.2213133,-0.3191402,-0.9158263,312.6467,-0.2543438,-0.5511137,-0.794722,0.01386435,0.5841988,0.1819498,0.6120344,0.008847877,0.544426,0.2165462,0.585978,-0.03606936,0.5565103,0.1698986,0.5829839,0.06001639,-0.05588477,0.1116397,0.1385226,0.01730383,-0.07365663,0.1433645,0.1621053,0.008946712,-0.05429155,0.07684271,0.09451147,0.05975378,-0.05606854,0.1116973,0.1385297,0.01726469,-0.07366715,0.1433181,0.1620648,0.008945597,-0.05434386,0.07685707,0.09455309,0.02542679,-0.0613644,0.1087749,0.1274523,-0.8725608,-0.1459201,0.4569439,0.09245138,169.3907,-0.8763139,-0.1465477,0.4589093,16.41424,0,0,0,0,0,0,0,0,0,1,0,0,0.3731653,False,True,False,0.02084215,0.9798312,0.245348,1.010297,0.5262394,-0.5749563,0.1929423,0.596046,106.8255,0.6553822,-0.7160546,0.2402916,0.02915785,0.02016884,0.05465205,0.06514452,-0.07740224,0.3864209,0.7963918,0.4587463,125.3875,-0.08710902,0.4348807,0.8962649,0.00883843,1.101892,-0.03937133,1.10263,0.02659071,0.02620294,-0.002784114,0.999299,4.290785,0.7103054,0.6999472,-0.07437076,False
1773055713815,4.555409,0.05909532,0.8569239,0.1361142,0.8696769,-0.08738083,-0.1328189,-0.888226,0.4310201,128.9354,-0.09683778,-0.1471935,-0.9843559,0.06823605,0.9591709,0.2152558,0.9853933,0.03798122,0.9382651,0.2606958,0.9745493,0.01680643,0.9316204,0.2616713,0.9678176,-0.0637459,-0.04314334,0.1137107,0.1373135,-0.01466642,-0.04755965,0.1512151,0.1591949,0.004593113,-0.06091455,0.1490915,0.1611209,-0.06677894,-0.03639856,0.1130644,0.1362638,-0.01543829,-0.04708532,0.1508972,0.1588249,0.001274583,-0.06387023,0.1328035,0.1473696,-0.04292299,-0.04463536,0.1231681,0.1378589,0.000323333,0.6083852,-0.2966917,0.7360988,85.19971,0.0004776856,0.898816,-0.4383263,9.474141,-0.007484565,-0.03609122,0.09995876,0.106538,0.8954269,0.2563658,0.2377442,0.2756179,148.0023,0.9315065,0.2666956,0.2473237,1.299999,False,True,False,-0.1036911,0.5942141,0.1256089,0.616133,-0.1022133,-0.2212913,-0.318877,-0.9159149,312.672,-0.2546593,-0.5513365,-0.7944664,0.01392018,0.5841392,0.1818602,0.6119522,0.008883484,0.5443288,0.2164798,0.5858637,-0.03605171,0.5564466,0.1698325,0.5829027,0.06006315,-0.05585337,0.111628,0.1385208,0.01731684,-0.07365085,0.143378,0.1621159,0.00894698,-0.05426684,0.07684297,0.09449752,0.05981816,-0.05602378,0.1116829,0.1385278,0.01727553,-0.07366376,0.1433306,0.1620754,0.008945884,-0.05432785,0.07685414,0.09454154,0.02546149,-0.06134526,0.108783,0.1274569,-0.8723481,-0.1461579,0.4572889,0.09237725,169.3992,-0.8760942,-0.1467856,0.4592527,16.44155,0,0,0,0,0,0,0,0,0,1,0,0,0.3717614,False,True,False,0.02084215,0.9798312,0.245348,1.010297,0.5262394,-0.5749563,0.1929423,0.596046,106.8255,0.6553822,-0.7160546,0.2402916,0.02915785,0.02016884,0.05465205,0.06514452,-0.07740224,0.3864209,0.7963918,0.4587463,125.3875,-0.08710902,0.4348807,0.8962649,0.009133689,1.101882,-0.03938119,1.102624,0.02679593,0.02655842,-0.003094089,0.9992833,4.338685,0.7078978,0.7016233,-0.08173998,False
1773055713829,4.569263,0.05800712,0.8543675,0.1438009,0.8683245,-0.04399169,-0.1349816,-0.8997864,0.4125883,131.2649,-0.04829382,-0.148182,-0.9877803,0.05961626,0.9582029,0.2222064,0.9854352,0.02889595,0.9322086,0.270281,0.9710302,0.008026183,0.9257038,0.2712872,0.9646703,-0.0656563,-0.05009354,0.1103687,0.1378454,-0.01449523,-0.04696256,0.1526035,0.1603229,0.005238259,-0.05912634,0.1524147,0.1635653,-0.06654028,-0.03944118,0.1124832,0.1365125,-0.01523932,-0.04705939,0.1512537,0.1591367,0.002110099,-0.06287674,0.1371779,0.1509162,-0.04400522,-0.04591894,0.1230845,0.1385453,-0.03023441,0.5813375,-0.3022996,0.7548163,81.98136,-0.04609352,0.8862712,-0.4608674,8.552521,-0.007484565,-0.03609122,0.09995876,0.106538,0.8954269,0.2563658,0.2377442,0.2756179,148.0023,0.9315065,0.2666956,0.2473237,1.299999,False,True,False,-0.1036645,0.5941556,0.125569,0.6160639,-0.1022012,-0.2211874,-0.3186709,-0.9160131,312.7,-0.2547716,-0.5513857,-0.7943967,0.01393402,0.5840867,0.1818449,0.6118979,0.00888247,0.5442357,0.2164576,0.585769,-0.03605322,0.5563656,0.1698232,0.5828228,0.06010255,-0.05580899,0.1116272,0.1385193,0.01733666,-0.07365245,0.1433766,0.1621175,0.008943776,-0.05425613,0.07685535,0.09450113,0.05987717,-0.05597923,0.1116713,0.1385259,0.01728819,-0.07366142,0.1433401,0.1620842,0.008945447,-0.054313,0.07685439,0.09453317,0.02549441,-0.06132662,0.1087905,0.127461,-0.8721393,-0.1464264,0.4576152,0.09230851,169.4072,-0.8758788,-0.1470543,0.4595773,16.46548,0,0,0,0,0,0,0,0,0,1,0,0,0.3706692,False,True,False,0.02084215,0.9798312,0.245348,1.010297,0.5262394,-0.5749563,0.1929423,0.596046,106.8255,0.6553822,-0.7160546,0.2402916,0.02915785,0.02016884,0.05465205,0.06514452,-0.07740224,0.3864209,0.7963918,0.4587463,125.3875,-0.08710902,0.4348807,0.8962649,0.009417307,1.101887,-0.03934287,1.10263,0.02724172,0.02684462,-0.00359621,0.9992619,4.402987,0.7091622,0.6988248,-0.09361729,False
1773055713842,4.583205,0.05696142,0.8518857,0.1494479,0.866769,-0.01389003,-0.1347589,-0.9063595,0.4001994,132.8187,-0.0151567,-0.147048,-0.9890132,0.05427994,0.9558024,0.2279539,0.9841075,0.02216882,0.9269635,0.2769967,0.967719,0.001682721,0.920114,0.2791951,0.9615417,-0.06645468,-0.05350439,0.1084631,0.137997,-0.01438667,-0.04654063,0.1535197,0.1610631,0.005901979,-0.05715431,0.1557043,0.1659677,-0.06652203,-0.0425243,0.1116181,0.136719,-0.01505863,-0.04694938,0.1517301,0.1595401,0.002915318,-0.06168013,0.1413764,0.1542732,-0.04514779,-0.04737007,0.1227199,0.139077,-0.06113188,0.5525835,-0.3078181,0.7721155,78.91151,-0.09619762,0.8695499,-0.4843851,7.806843,-0.007484565,-0.03609122,0.09995876,0.106538,0.8954269,0.2563658,0.2377442,0.2756179,148.0023,0.9315065,0.2666956,0.2473237,1.299998,False,True,False,-0.1036388,0.5940908,0.1255303,0.6159893,-0.1021775,-0.2210781,-0.3184608,-0.9161152,312.7292,-0.2548608,-0.5514337,-0.7943348,0.01394446,0.5840264,0.1818357,0.6118378,0.008878879,0.5441381,0.2164377,0.5856709,-0.036056,0.5562785,0.169819,0.5827386,0.06013853,-0.05576467,0.1116282,0.1385179,0.01735777,-0.07365457,0.1433734,0.1621179,0.008940141,-0.05424559,0.07686977,0.09450646,0.05993168,-0.0559345,0.1116624,0.1385242,0.01730268,-0.07365999,0.1433471,0.1620912,0.008944343,-0.05429896,0.0768576,0.09452761,0.02552595,-0.06130821,0.1087977,0.1274645,-0.8719324,-0.146725,0.4579264,0.09224487,169.4145,-0.875666,-0.1473533,0.4598871,16.48647,0,0,0,0,0,0,0,0,0,1,0,0,0.3696821,False,True,False,0.02084215,0.9798312,0.245348,1.010297,0.5262394,-0.5749563,0.1929423,0.596046,106.8255,0.6553822,-0.7160546,0.2402916,0.02915785,0.02016884,0.05465205,0.06514452,-0.07740224,0.3864209,0.7963918,0.4587463,125.3875,-0.08710902,0.4348807,0.8962649,0.009808888,1.101843,-0.03928573,1.102587,0.02752029,0.02696082,-0.004003465,0.9992496,4.43964,0.7104978,0.6960538,-0.1033584,False
1773055713857,4.597208,0.05588749,0.853507,0.1524742,0.8688187,0.02156827,-0.1545855,-0.9140483,0.3743715,136.0291,0.02325975,-0.1667087,-0.9857319,0.05233029,0.9602305,0.2278095,0.9882703,0.0138266,0.9301899,0.2811698,0.9718543,-0.007770814,0.9246407,0.2799059,0.9661098,-0.0693302,-0.05467534,0.106627,0.1384391,-0.01370684,-0.0440493,0.1582501,0.1648373,0.006698181,-0.05600519,0.1589604,0.1686708,-0.06712326,-0.04515606,0.1105484,0.1369874,-0.01477122,-0.04633145,0.1531135,0.1606504,0.003723025,-0.0604935,0.1454106,0.1575359,-0.04640398,-0.04864806,0.1223875,0.1396376,-0.09006857,0.5245738,-0.3165617,0.7851743,76.5264,-0.145442,0.8470775,-0.5111812,7.598569,-0.007484565,-0.03609122,0.09995876,0.106538,0.8954269,0.2563658,0.2377442,0.2756179,148.0023,0.9315065,0.2666956,0.2473237,1.299996,False,True,False,-0.1036519,0.5940579,0.1254294,0.6159391,-0.1021283,-0.2210726,-0.3182893,-0.9161816,312.7482,-0.2548343,-0.5516288,-0.7942075,0.01392589,0.5840041,0.1817439,0.6117888,0.008857355,0.5440927,0.2163447,0.5855941,-0.03608929,0.5562406,0.1697383,0.582681,0.06016413,-0.05573042,0.1116292,0.138516,0.01737437,-0.07365518,0.1433742,0.1621206,0.008938393,-0.05423011,0.07687682,0.09450315,0.05998033,-0.05589181,0.1116554,0.1385224,0.01731767,-0.07365899,0.1433527,0.1620973,0.0089431,-0.05428458,0.07686161,0.0945225,0.02555463,-0.06129023,0.1088041,0.1274671,-0.8717418,-0.1470227,0.4582035,0.0921969,169.42,-0.8754706,-0.1476516,0.4601634,16.50481,0,0,0,0,0,0,0,0,0,1,0,0,0.3682407,False,True,False,0.02084215,0.9798312,0.245348,1.010297,0.5262394,-0.5749563,0.1929423,0.596046,106.8255,0.6553822,-0.7160546,0.2402916,0.02915785,0.02016884,0.05465205,0.06514452,-0.07740224,0.3864209,0.7963918,0.4587463,125.3875,-0.08710902,0.4348807,0.8962649,0.01006863,1.101911,-0.0391727,1.102653,0.02791637,0.02756758,-0.004741693,0.9992188,4.529716,0.7064015,0.6975757,-0.1199848,False
1773055713870,4.611032,0.05496784,0.8542333,0.1547354,0.869873,0.04762673,-0.1656151,-0.9182004,0.3566673,138.2087,0.05097959,-0.1772742,-0.9828404,0.05046665,0.9626364,0.227911,0.9905347,0.007481866,0.9313788,0.2833683,0.9735605,-0.01464719,0.9265567,0.2808468,0.9682958,-0.07111649,-0.05615851,0.1049196,0.1386343,-0.01335946,-0.04253032,0.1605956,0.1666681,0.007356843,-0.0548897,0.1615229,0.1707532,-0.06797122,-0.04748357,0.1093632,0.137241,-0.01447409,-0.045528,0.1546946,0.1619034,0.004492471,-0.0593272,0.1490964,0.1605292,-0.04765777,-0.04983301,0.1219528,0.1400967,-0.115401,0.4987192,-0.3261248,0.7947354,74.73946,-0.1901308,0.8216727,-0.5373122,7.620247,-0.007484565,-0.03609122,0.09995876,0.106538,0.8954269,0.2563658,0.2377442,0.2756179,148.0023,0.9315065,0.2666956,0.2473237,1.299989,False,True,False,-0.1036683,0.5940218,0.1253255,0.6158859,-0.1020663,-0.2210764,-0.3181196,-0.9162465,312.7668,-0.2547741,-0.5518426,-0.7940782,0.01390336,0.5839781,0.1816505,0.6117357,0.00883396,0.5440482,0.2162484,0.5855167,-0.03612506,0.556202,0.1696559,0.5826223,0.06018557,-0.05569767,0.1116316,0.1385141,0.01739132,-0.07365602,0.1433741,0.1621228,0.008936538,-0.05421412,0.07688449,0.09450004,0.06002285,-0.0558516,0.1116505,0.1385207,0.0173329,-0.07365838,0.1433571,0.1621026,0.008941744,-0.05427002,0.07686634,0.09451785,0.02558023,-0.06127289,0.1088097,0.1274687,-0.8715689,-0.1473151,0.4584449,0.09216452,169.4237,-0.8752942,-0.1479447,0.4604044,16.52042,0,0,0,0,0,0,0,0,0,1,0,0,0.3669804,False,True,False,0.02084215,0.9798312,0.245348,1.010297,0.5262394,-0.5749563,0.1929423,0.596046,106.8255,0.6553822,-0.7160546,0.2402916,0.02915785,0.02016884,0.05465205,0.06514452,-0.07740224,0.3864209,0.7963918,0.4587463,125.3875,-0.08710902,0.4348807,0.8962649,0.0103349,1.101935,-0.03901765,1.102674,0.02788249,0.02815352,-0.005415009,0.9992,4.584007,0.6971993,0.7039762,-0.1354018,False
1773055713885,4.624959,0.05412444,0.8544883,0.1566041,0.8704048,0.068773,-0.1724277,-0.9207637,0.3431227,139.8655,0.07321803,-0.1835723,-0.9802757,0.04864233,0.9641442,0.227962,0.9919208,0.00222525,0.9315057,0.2850717,0.9741529,-0.02026735,0.9271146,0.282006,0.9692676,-0.07239959,-0.05786515,0.1032092,0.1387163,-0.013107,-0.04132536,0.1622377,0.1679305,0.007961273,-0.05372086,0.1637935,0.172562,-0.06891917,-0.0496663,0.1080695,0.1374613,-0.01418469,-0.04463235,0.1563069,0.163172,0.005232396,-0.05814755,0.1524951,0.1632889,-0.04887591,-0.0509967,0.1213935,0.1404489,-0.1376005,0.4746835,-0.3353511,0.8020482,73.34772,-0.2303865,0.7947696,-0.5614833,7.767565,-0.007484565,-0.03609122,0.09995876,0.106538,0.8954269,0.2563658,0.2377442,0.2756179,148.0023,0.9315065,0.2666956,0.2473237,1.299967,False,True,False,-0.1036877,0.5939829,0.1252189,0.6158301,-0.101992,-0.2210889,-0.3179517,-0.9163101,312.7849,-0.2546812,-0.5520741,-0.7939472,0.01387717,0.5839484,0.1815556,0.6116787,0.008808844,0.5440047,0.2161488,0.5854391,-0.03616314,0.5561628,0.1695718,0.5825629,0.06020294,-0.05566649,0.1116356,0.1385123,0.01740859,-0.07365704,0.1433734,0.1621245,0.0089346,-0.05419764,0.0768927,0.09449708,0.06006039,-0.05581304,0.1116474,0.1385189,0.01734865,-0.0736581,0.1433605,0.1621072,0.008940258,-0.05425497,0.07687183,0.09451353,0.02560339,-0.06125581,0.1088148,0.1274695,-0.8714095,-0.1476074,0.4586572,0.09214659,169.4258,-0.8751329,-0.148238,0.4606169,16.53377,0,0,0,0,0,0,0,0,0,1,0,0,0.3658109,False,True,False,0.02084215,0.9798312,0.245348,1.010297,0.5262394,-0.5749563,0.1929423,0.596046,106.8255,0.6553822,-0.7160546,0.2402916,0.02915785,0.02016884,0.05465205,0.06514452,-0.07740224,0.3864209,0.7963918,0.4587463,125.3875,-0.08710902,0.4348807,0.8962649,0.01062038,1.102089,-0.03881118,1.102823,0.02789375,0.02868541,-0.005886083,0.9991819,4.635467,0.6897356,0.7093113,-0.1455466,False
1773055713897,4.638741,0.0538909,0.8565493,0.1575155,0.8725778,0.1013463,-0.1930852,-0.9268405,0.3056365,144.4071,0.1064397,-0.202789,-0.9734204,0.05190583,0.967683,0.2271446,0.9953388,-0.003643565,0.9367344,0.2851171,0.9791712,-0.02743933,0.933885,0.2805042,0.9754879,-0.07479218,-0.05709512,0.1022342,0.1389445,-0.01257971,-0.03813044,0.1661039,0.1708879,0.009570527,-0.0512479,0.1684996,0.1763804,-0.07017019,-0.0512024,0.1068612,0.1377129,-0.0138477,-0.04325215,0.1583989,0.1647808,0.006152113,-0.05669936,0.1561877,0.1662747,-0.05014392,-0.05167599,0.1210253,0.1408259,-0.1562969,0.4524022,-0.3455842,0.8071401,72.36511,-0.2647485,0.7663159,-0.5853788,8.109693,-0.007484565,-0.03609122,0.09995876,0.106538,0.8954269,0.2563658,0.2377442,0.2756179,148.0023,0.9315065,0.2666956,0.2473237,1.299993,False,True,False,-0.1036648,0.5940143,0.1251664,0.6158457,-0.1019103,-0.2211552,-0.3178478,-0.9163392,312.7933,-0.2545195,-0.5523317,-0.7938199,0.01390184,0.584013,0.1815053,0.6117259,0.008831315,0.5440391,0.2160767,0.5854449,-0.03615285,0.5562086,0.1695289,0.5825934,0.06022438,-0.0556314,0.1116414,0.1385122,0.01741646,-0.07366623,0.1433522,0.1621107,0.008934624,-0.0541782,0.07689222,0.09448554,0.06009428,-0.05577551,0.1116462,0.1385175,0.01736264,-0.07365978,0.1433588,0.1621079,0.008939097,-0.05423914,0.07687604,0.09450776,0.02562476,-0.06123904,0.108817,0.1274676,-0.8712649,-0.1479218,0.4588302,0.09214961,169.4254,-0.8749878,-0.1485538,0.4607908,16.54529,0,0,0,0,0,0,0,0,0,1,0,0,0.3652006,False,True,False,0.02084215,0.9798312,0.245348,1.010297,0.5262394,-0.5749563,0.1929423,0.596046,106.8255,0.6553822,-0.7160546,0.2402916,0.02915785,0.02016884,0.05465205,0.06514452,-0.07740224,0.3864209,0.7963918,0.4587463,125.3875,-0.08710902,0.4348807,0.8962649,0.01083641,1.102236,-0.03849873,1.102962,0.02781097,0.02920837,-0.00629963,0.9991665,4.678838,0.6813246,0.7155586,-0.1543309,False
1773055713912,4.652556,0.05355041,0.8581781,0.158504,0.8743345,0.1249608,-0.2055319,-0.9292324,0.2804791,147.4224,0.1301865,-0.2141269,-0.9680915,0.05368795,0.9700681,0.2271003,0.997742,-0.008157697,0.9401191,0.2849284,0.9823822,-0.03278112,0.9383929,0.2785693,0.9794165,-0.07649012,-0.05694788,0.1011752,0.1390331,-0.01232435,-0.03598525,0.1682208,0.1724676,0.01067673,-0.04990127,0.1707588,0.1782209,-0.07152384,-0.05239332,0.1056842,0.1379488,-0.01352719,-0.04169918,0.1605143,0.166393,0.007115383,-0.05526212,0.1595699,0.169018,-0.05131529,-0.05213327,0.1207064,0.1411424,-0.1713312,0.4337583,-0.3547514,0.8103399,71.74168,-0.2923941,0.7402524,-0.6054193,8.603652,-0.007484565,-0.03609122,0.09995876,0.106538,0.8954269,0.2563658,0.2377442,0.2756179,148.0023,0.9315065,0.2666956,0.2473237,1.299981,False,True,False,-0.1036421,0.5940472,0.1251146,0.6158631,-0.1018177,-0.2212351,-0.3177527,-0.9163632,312.8001,-0.2543229,-0.5526071,-0.7936913,0.01392677,0.5840813,0.1814555,0.6117769,0.008855164,0.544079,0.2160018,0.5854546,-0.03614144,0.5562594,0.1694861,0.5826287,0.06024299,-0.05559709,0.1116487,0.1385124,0.01742336,-0.07367662,0.1433277,0.1620946,0.008934826,-0.05415798,0.0768912,0.09447314,0.06012507,-0.05573858,0.1116467,0.1385164,0.0173752,-0.07366326,0.1433524,0.1621051,0.008938214,-0.05422236,0.07687917,0.0945006,0.02564466,-0.06122238,0.1088165,0.1274632,-0.8711321,-0.1482596,0.4589686,0.09217254,169.4228,-0.8748564,-0.1488934,0.4609308,16.5552,0,0,0,0,0,0,0,0,0,1,0,0,0.3646265,False,True,False,0.02084215,0.9798312,0.245348,1.010297,0.5262394,-0.5749563,0.1929423,0.596046,106.8255,0.6553822,-0.7160546,0.2402916,0.02915785,0.02016884,0.05465205,0.06514452,-0.07740224,0.3864209,0.7963918,0.4587463,125.3875,-0.08710902,0.4348807,0.8962649,0.01104645,1.102309,-0.03823738,1.103028,0.02780022,0.03013922,-0.007248952,0.9991328,4.77277,0.6676651,0.7238398,-0.1740948,False
1773055713926,4.666481,0.05314064,0.8594409,0.1595212,0.8757337,0.1436104,-0.2138224,-0.930073,0.261955,149.6278,0.1488067,-0.2215592,-0.9637262,0.05467679,0.9719939,0.2270207,0.99965,-0.01193832,0.9423039,0.285059,0.9845495,-0.03717518,0.9413545,0.2772694,0.9820431,-0.07785034,-0.05745329,0.09985375,0.1390407,-0.0121565,-0.0341658,0.1697923,0.1736218,0.01163822,-0.04867832,0.1724477,0.179564,-0.07289167,-0.05345379,0.1044629,0.1381412,-0.01323704,-0.0400719,0.1625361,0.1679254,0.008086189,-0.05385511,0.162584,0.1714623,-0.05239016,-0.05251186,0.1203417,0.141366,-0.1836702,0.4179953,-0.3619397,0.8127391,71.27116,-0.3152445,0.7174311,-0.6212194,9.212463,-0.007484565,-0.03609122,0.09995876,0.106538,0.8954269,0.2563658,0.2377442,0.2756179,148.0023,0.9315065,0.2666956,0.2473237,1.29993,False,True,False,-0.1036195,0.5940816,0.1250636,0.6158822,-0.1017144,-0.2213279,-0.3176661,-0.9163823,312.8056,-0.2540928,-0.5528992,-0.7935618,0.01395198,0.5841533,0.1814063,0.6118317,0.008880302,0.5441241,0.215924,0.5854682,-0.036129,0.5563152,0.1694432,0.5826688,0.06025896,-0.0555635,0.1116572,0.1385127,0.01742931,-0.07368817,0.1433002,0.1620761,0.008935204,-0.054137,0.07688951,0.09445978,0.06015297,-0.05570211,0.1116489,0.1385156,0.01738646,-0.07366844,0.1433415,0.1620991,0.008937588,-0.05420461,0.07688132,0.09449211,0.02566319,-0.06120574,0.1088136,0.1274564,-0.8710106,-0.1486205,0.4590741,0.09221477,169.4179,-0.8747377,-0.1492565,0.4610385,16.5636,0,0,0,0,0,0,0,0,0,1,0,0,0.3640867,False,True,False,0.02084215,0.9798312,0.245348,1.010297,0.5262394,-0.5749563,0.1929423,0.596046,106.8255,0.6553822,-0.7160546,0.2402916,0.02915785,0.02016884,0.05465205,0.06514452,-0.07740224,0.3864209,0.7963918,0.4587463,125.3875,-0.08710902,0.4348807,0.8962649,0.01130233,1.102408,-0.03800982,1.103121,0.0278378,0.0307308,-0.007898652,0.9991088,4.838264,0.6595149,0.728054,-0.1871297,False
1773055713940,4.680413,0.05457909,0.8600821,0.1628577,0.8770649,0.1751647,-0.2228898,-0.931868,0.2264056,153.8289,0.1798345,-0.2288319,-0.9567108,0.05729818,0.9721154,0.2312891,1.000893,-0.01491178,0.9433373,0.2889094,0.9866996,-0.04206209,0.9455712,0.2757113,0.9858453,-0.07810478,-0.05786862,0.09949873,0.1391012,-0.01266756,-0.0296439,0.1731755,0.1761504,0.01335048,-0.04834016,0.174529,0.1815912,-0.07402141,-0.05438293,0.1034181,0.1383184,-0.01311654,-0.0378028,0.1648701,0.1696563,0.009219524,-0.05267228,0.1653846,0.1738144,-0.05276361,-0.05272777,0.1205235,0.1417397,-0.1948106,0.4043792,-0.3712129,0.8128514,71.24908,-0.3344553,0.6942475,-0.6373068,10.34127,-0.007484565,-0.03609122,0.09995876,0.106538,0.8954269,0.2563658,0.2377442,0.2756179,148.0023,0.9315065,0.2666956,0.2473237,1.299853,False,True,False,-0.1036861,0.5940396,0.1250922,0.6158587,-0.1017105,-0.2214087,-0.3174721,-0.9164304,312.8194,-0.2541528,-0.5532532,-0.7932954,0.01388793,0.5841208,0.1814322,0.6118069,0.008805759,0.5440494,0.2159153,0.5853945,-0.03621769,0.5562764,0.1694694,0.5826449,0.0602805,-0.05552026,0.1116675,0.1385131,0.01743208,-0.07369919,0.1432733,0.1620577,0.008936759,-0.05410975,0.07688329,0.09443924,0.06017955,-0.05566421,0.1116528,0.1385151,0.01739595,-0.07367484,0.1433273,0.1620905,0.008937416,-0.05418488,0.07688173,0.0944811,0.02568093,-0.06118816,0.1088087,0.1274474,-0.8708984,-0.1490112,0.4591488,0.09227172,169.4114,-0.8746296,-0.1496496,0.461116,16.57162,0,0,0,0,0,0,0,0,0,1,0,0,0.364185,False,True,False,0.02084215,0.9798312,0.245348,1.010297,0.5262394,-0.5749563,0.1929423,0.596046,106.8255,0.6553822,-0.7160546,0.2402916,0.02915785,0.02016884,0.05465205,0.06514452,-0.07740224,0.3864209,0.7963918,0.4587463,125.3875,-0.08710902,0.4348807,0.8962649,0.01137204,1.10257,-0.03761999,1.10327,0.02762512,0.0320445,-0.008467731,0.9990687,4.945811,0.6402613,0.7426882,-0.1962547,False
1773055713953,4.694264,0.05558187,0.8615789,0.1677922,0.8795236,0.1984487,-0.2377537,-0.9313804,0.1913682,157.9347,0.2021855,-0.2422306,-0.948918,0.05845122,0.9747614,0.2344915,1.004272,-0.01613308,0.9469509,0.2940135,0.9916754,-0.04440022,0.9531545,0.2746952,0.9929413,-0.07632301,-0.06010669,0.09969871,0.1392043,-0.01361121,-0.02412877,0.1762457,0.1784096,0.01452187,-0.04794301,0.175912,0.1829056,-0.07451741,-0.05558765,0.1026367,0.1384815,-0.01322053,-0.03481333,0.1673703,0.171463,0.01035851,-0.05166046,0.1678419,0.1759176,-0.05221064,-0.05298003,0.1213233,0.1423101,-0.2065121,0.3910865,-0.381691,0.8116133,71.49229,-0.3534985,0.6694452,-0.6533623,12.01168,-0.007484565,-0.03609122,0.09995876,0.106538,0.8954269,0.2563658,0.2377442,0.2756179,148.0023,0.9315065,0.2666956,0.2473237,1.299986,False,True,False,-0.1037218,0.5940192,0.1251283,0.6158523,-0.1015264,-0.2215101,-0.3173804,-0.916458,312.8273,-0.253733,-0.5535943,-0.7931916,0.01385513,0.584156,0.1814742,0.6118522,0.008770578,0.5440584,0.2159429,0.5854125,-0.03627587,0.5562975,0.1695158,0.5826821,0.06030311,-0.05548323,0.111675,0.1385141,0.01743731,-0.0737073,0.1432515,0.1620426,0.008938614,-0.0540749,0.07686928,0.09440805,0.06020519,-0.05562666,0.1116574,0.1385148,0.01740452,-0.07368156,0.1433116,0.1620806,0.008937663,-0.0541621,0.07687915,0.09446596,0.02569756,-0.06116949,0.1088016,0.1274357,-0.8708009,-0.1494005,0.4591913,0.09235238,169.4021,-0.8745381,-0.1500417,0.461162,16.57978,0,0,0,0,0,0,0,0,0,1,0,0,0.3640791,False,True,False,0.02084215,0.9798312,0.245348,1.010297,0.5262394,-0.5749563,0.1929423,0.596046,106.8255,0.6553822,-0.7160546,0.2402916,0.02915785,0.02016884,0.05465205,0.06514452,-0.07740224,0.3864209,0.7963918,0.4587463,125.3875,-0.08710902,0.4348807,0.8962649,0.01150701,1.102646,-0.03727546,1.103336,0.02725905,0.03276508,-0.008555719,0.9990547,4.98303,0.6270568,0.7537152,-0.1968125,False
1773055713968,4.708186,0.05625255,0.8627024,0.1720085,0.8814799,0.2156005,-0.2474203,-0.9297351,0.1670098,160.772,0.2186717,-0.2509447,-0.942979,0.05949939,0.976879,0.2370378,1.006985,-0.01722226,0.9500415,0.297069,0.9955529,-0.04587798,0.9582934,0.2741842,0.9978016,-0.07531873,-0.06204119,0.09932369,0.139238,-0.01451052,-0.02140903,0.1774875,0.1793619,0.01539867,-0.04768074,0.1765373,0.1835102,-0.07469037,-0.05695827,0.1019365,0.1386144,-0.01349214,-0.03184709,0.1696132,0.1731038,0.01144758,-0.05080454,0.1698764,0.1776799,-0.05132648,-0.05327216,0.1222519,0.142891,-0.2163036,0.3795463,-0.3885693,0.8112776,71.55812,-0.3699641,0.6491731,-0.664606,13.82846,-0.007484565,-0.03609122,0.09995876,0.106538,0.8954269,0.2563658,0.2377442,0.2756179,148.0023,0.9315065,0.2666956,0.2473237,1.299973,False,True,False,-0.1037594,0.593998,0.1251687,0.6158464,-0.1013192,-0.2216223,-0.3172993,-0.9164819,312.8341,-0.2532498,-0.5539504,-0.7930974,0.01382083,0.5841959,0.1815211,0.6119034,0.008734897,0.5440739,0.2159756,0.5854384,-0.03633621,0.5563239,0.1695669,0.582726,0.06032458,-0.05544672,0.111683,0.1385153,0.01744202,-0.07371571,0.1432283,0.1620265,0.008940694,-0.05403787,0.07685334,0.09437406,0.06023006,-0.05558918,0.1116627,0.1385149,0.01741232,-0.07368866,0.1432943,0.1620693,0.008938293,-0.05413627,0.07687379,0.09444685,0.02571328,-0.06114966,0.1087924,0.1274215,-0.870716,-0.1497921,0.4592034,0.09245646,169.3901,-0.8744616,-0.1504364,0.4611787,16.58811,0,0,0,0,0,0,0,0,0,1,0,0,0.3639438,False,True,False,0.02084215,0.9798312,0.245348,1.010297,0.5262394,-0.5749563,0.1929423,0.596046,106.8255,0.6553822,-0.7160546,0.2402916,0.02915785,0.02016884,0.05465205,0.06514452,-0.07740224,0.3864209,0.7963918,0.4587463,125.3875,-0.08710902,0.4348807,0.8962649,0.01158771,1.10272,-0.03682199,1.103396,0.02695413,0.03338372,-0.008603295,0.999042,5.016229,0.6159375,0.7628623,-0.1965967,False
1773055713981,4.722168,0.05666542,0.8635129,0.1754932,0.8829855,0.2297798,-0.2546559,-0.9276435,0.1477472,163.0072,0.2323295,-0.2574818,-0.9379372,0.06052611,0.9785681,0.2388873,1.009121,-0.01833043,0.9524143,0.2993383,0.9985151,-0.04717811,0.9620503,0.2737637,1.001356,-0.0747294,-0.06382348,0.09861322,0.139221,-0.01530518,-0.01943868,0.1782737,0.1799823,0.01621175,-0.0473172,0.1770132,0.183944,-0.0746988,-0.05842857,0.1012303,0.1387133,-0.01387411,-0.02907402,0.1715453,0.174544,0.01248204,-0.05005148,0.1715472,0.1791351,-0.05036453,-0.05358696,0.1231208,0.1434116,-0.2244509,0.3695855,-0.3921823,0.8119245,71.43122,-0.3844901,0.6331095,-0.6718183,15.66116,-0.007484565,-0.03609122,0.09995876,0.106538,0.8954269,0.2563658,0.2377442,0.2756179,148.0023,0.9315065,0.2666956,0.2473237,1.299908,False,True,False,-0.1037987,0.593976,0.1252133,0.6158409,-0.1010896,-0.2217449,-0.3172284,-0.9165022,312.84,-0.2527053,-0.5543213,-0.7930124,0.01378528,0.5842403,0.1815727,0.6119603,0.008698806,0.5440957,0.216013,0.585472,-0.03639859,0.5563556,0.1696223,0.5827762,0.060345,-0.05541073,0.1116918,0.1385168,0.01744615,-0.07372443,0.143204,0.1620094,0.008943077,-0.05399866,0.07683552,0.09433733,0.06025408,-0.05555189,0.1116688,0.1385153,0.01741938,-0.07369612,0.1432755,0.1620568,0.008939291,-0.05410755,0.07686581,0.09442399,0.02572805,-0.06112876,0.1087812,0.1274049,-0.870644,-0.1501849,0.4591863,0.09258308,169.3755,-0.8743996,-0.1508327,0.461167,16.59653,0,0,0,0,0,0,0,0,0,1,0,0,0.3637914,False,True,False,0.02084215,0.9798312,0.245348,1.010297,0.5262394,-0.5749563,0.1929423,0.596046,106.8255,0.6553822,-0.7160546,0.2402916,0.02915785,0.02016884,0.05465205,0.06514452,-0.07740224,0.3864209,0.7963918,0.4587463,125.3875,-0.08710902,0.4348807,0.8962649,0.0115921,1.102665,-0.03642286,1.103327,0.02683753,0.03394858,-0.008513833,0.9990269,5.055717,0.6084908,0.7697206,-0.1930352,False
1773055713996,4.736093,0.05636895,0.8640649,0.1766874,0.8837444,0.2262665,-0.2696153,-0.9255365,0.1396185,163.9484,0.2285046,-0.2722822,-0.9346915,0.06075848,0.9819005,0.2346631,1.011379,-0.01674135,0.9562778,0.2999488,1.002356,-0.04601521,0.9668387,0.2730366,1.005705,-0.07258414,-0.06664789,0.09831391,0.1391978,-0.01552494,-0.01682391,0.1790736,0.180531,0.01664006,-0.04620973,0.1778282,0.1844861,-0.07424579,-0.06019339,0.1006118,0.1387747,-0.01421992,-0.02632933,0.1732223,0.1757879,0.01338267,-0.0492238,0.1730082,0.1803716,-0.0492177,-0.05401122,0.123953,0.1438886,-0.2333362,0.358561,-0.3950838,0.8129557,71.22855,-0.4006973,0.6157398,-0.6784587,17.42093,-0.007484565,-0.03609122,0.09995876,0.106538,0.8954269,0.2563658,0.2377442,0.2756179,148.0023,0.9315065,0.2666956,0.2473237,1.299841,False,True,False,-0.1038269,0.5939844,0.1252266,0.6158565,-0.1009443,-0.2218219,-0.317125,-0.9165354,312.8495,-0.2523901,-0.5546191,-0.7929043,0.01375893,0.5842867,0.1815921,0.6120098,0.008670352,0.5441253,0.2160266,0.585504,-0.0364541,0.5564036,0.1696469,0.5828328,0.06036345,-0.05538072,0.1116987,0.1385185,0.01745309,-0.07372724,0.1431934,0.1620021,0.008945543,-0.05395767,0.07682277,0.09430372,0.06027687,-0.05551623,0.111675,0.1385159,0.01742639,-0.07370259,0.1432584,0.1620454,0.008940591,-0.05407637,0.07685686,0.09439896,0.02574161,-0.06110716,0.1087702,0.1273879,-0.8705834,-0.1505482,0.4591528,0.09272825,169.3588,-0.8743506,-0.1511996,0.4611397,16.605,0,0,0,0,0,0,0,0,0,1,0,0,0.3634027,False,True,False,0.02084215,0.9798312,0.245348,1.010297,0.5262394,-0.5749563,0.1929423,0.596046,106.8255,0.6553822,-0.7160546,0.2402916,0.02915785,0.02016884,0.05465205,0.06514452,-0.07740224,0.3864209,0.7963918,0.4587463,125.3875,-0.08710902,0.4348807,0.8962649,0.01168359,1.102622,-0.03606242,1.103274,0.02738129,0.03432623,-0.008487132,0.9989995,5.126459,0.612259,0.7675512,-0.1897765,False
1773055714009,4.749987,0.05612232,0.8644869,0.1778506,0.8843745,0.2264815,-0.2820767,-0.9231821,0.1298991,165.0725,0.2284168,-0.2844871,-0.9310708,0.06118625,0.9843586,0.2312889,1.013015,-0.01582175,0.9596893,0.299913,1.005585,-0.04540458,0.9708664,0.2719061,1.009245,-0.07083867,-0.06907751,0.09782229,0.1391367,-0.0158472,-0.01498787,0.1795118,0.1808321,0.01709864,-0.04525463,0.1784791,0.1849193,-0.07352123,-0.06210916,0.1000205,0.1388057,-0.01455946,-0.02378103,0.1746216,0.1768338,0.01418646,-0.04836925,0.1742741,0.1814175,-0.048034,-0.05450221,0.1246647,0.144288,-0.241997,0.3473486,-0.3966047,0.8145496,70.91429,-0.4171687,0.5987799,-0.6836906,19.04827,-0.007484565,-0.03609122,0.09995876,0.106538,0.8954269,0.2563658,0.2377442,0.2756179,148.0023,0.9315065,0.2666956,0.2473237,1.299533,False,True,False,-0.103856,0.593994,0.1252415,0.6158737,-0.1007908,-0.221902,-0.3170259,-0.9165671,312.8586,-0.2520522,-0.5549204,-0.7928012,0.01373199,0.5843352,0.1816136,0.6120619,0.008641884,0.5441591,0.2160434,0.5855412,-0.03651113,0.5564561,0.1696737,0.5828941,0.06038079,-0.05535191,0.1117061,0.1385205,0.0174599,-0.07372962,0.1431839,0.1619954,0.008948239,-0.05391465,0.0768093,0.09426839,0.06029848,-0.05548205,0.1116814,0.1385168,0.01743335,-0.0737082,0.1432429,0.1620351,0.008942178,-0.05404278,0.07684699,0.09437183,0.025754,-0.06108486,0.1087593,0.1273704,-0.8705338,-0.1508853,0.4591032,0.09289178,169.34,-0.8743142,-0.1515405,0.4610969,16.61349,0,0,0,0,0,0,0,0,0,1,0,0,0.363034,False,True,False,0.02084215,0.9798312,0.245348,1.010297,0.5262394,-0.5749563,0.1929423,0.596046,106.8255,0.6553822,-0.7160546,0.2402916,0.02915785,0.02016884,0.05465205,0.06514452,-0.07740224,0.3864209,0.7963918,0.4587463,125.3875,-0.08710902,0.4348807,0.8962649,0.01175322,1.102412,-0.03579313,1.103056,0.02817104,0.03463886,-0.008617009,0.9989656,5.212486,0.6195276,0.7617657,-0.1895022,False
1773055714023,4.763853,0.05593741,0.8646628,0.1777346,0.8845114,0.2190384,-0.2874936,-0.9224752,0.1356803,164.4041,0.2210828,-0.2901769,-0.9310852,0.06008404,0.9856799,0.2286577,1.013637,-0.01450583,0.9613054,0.2995947,1.007013,-0.04402831,0.9736786,0.2690745,1.011133,-0.06963862,-0.06992144,0.09811249,0.1391568,-0.0159029,-0.0148218,0.179562,0.1808732,0.01683077,-0.04824077,0.1769292,0.1841586,-0.0727016,-0.06379855,0.09961659,0.1388497,-0.01483883,-0.02176717,0.1757181,0.1776819,0.01475712,-0.04834171,0.1748839,0.1820414,-0.04679206,-0.05495816,0.1254388,0.1447231,-0.2478678,0.3395552,-0.39926,0.8147731,70.87012,-0.4275205,0.5856623,-0.6886407,20.60306,-0.007484565,-0.03609122,0.09995876,0.106538,0.8954269,0.2563658,0.2377442,0.2756179,148.0023,0.9315065,0.2666956,0.2473237,1.295801,False,True,False,-0.1038759,0.5939006,0.1252946,0.6157977,-0.1007629,-0.2219245,-0.3169165,-0.9166026,312.8687,-0.2520335,-0.5550894,-0.7926887,0.01370992,0.5842407,0.1816782,0.6119903,0.008622214,0.5440657,0.2161082,0.5854781,-0.03655444,0.5563754,0.1697334,0.5828372,0.06038522,-0.05533255,0.1117172,0.1385237,0.01747048,-0.07372083,0.1431956,0.1620029,0.008948172,-0.05388602,0.07680368,0.09424743,0.06031648,-0.05545101,0.1116889,0.1385182,0.01744105,-0.07371081,0.1432331,0.1620284,0.008943421,-0.05401026,0.07683801,0.09434603,0.02576382,-0.06106309,0.1087508,0.1273547,-0.8705008,-0.1511666,0.4590427,0.09304182,169.3228,-0.8742933,-0.1518251,0.4610426,16.62126,0,0,0,0,0,0,0,0,0,1,0,0,0.3621432,False,True,False,0.02084215,0.9798312,0.245348,1.010297,0.5262394,-0.5749563,0.1929423,0.596046,106.8255,0.6553822,-0.7160546,0.2402916,0.02915785,0.02016884,0.05465205,0.06514452,-0.07740224,0.3864209,0.7963918,0.4587463,125.3875,-0.08710902,0.4348807,0.8962649,0.01181388,1.102229,-0.03555096,1.102866,0.02933068,0.03506813,-0.008890519,0.9989149,5.338783,0.6297832,0.7529767,-0.1908956,False
1773055714037,4.777906,0.05579616,0.8647957,0.1777178,0.884629,0.2132432,-0.2937362,-0.9213446,0.139178,163.9994,0.215339,-0.2966232,-0.9303999,0.05909694,0.986909,0.2260594,1.014192,-0.01336332,0.9628338,0.2992938,1.008367,-0.0428298,0.9763337,0.2662844,1.012901,-0.06836069,-0.07080965,0.09839649,0.1391728,-0.0159602,-0.01416779,0.1796826,0.1809456,0.01662918,-0.0505451,0.1756384,0.1835216,-0.07178079,-0.06533564,0.09935572,0.1388985,-0.01507417,-0.02004024,0.1766057,0.1783772,0.0151648,-0.04881674,0.1750578,0.1823685,-0.04548692,-0.05534339,0.1262842,0.1451883,-0.2521619,0.3337733,-0.4026283,0.8141869,70.98592,-0.4343104,0.5748737,-0.6934659,22.08981,-0.007484565,-0.03609122,0.09995876,0.106538,0.8954269,0.2563658,0.2377442,0.2756179,148.0023,0.9315065,0.2666956,0.2473237,1.283705,False,True,False,-0.1038958,0.5938015,0.1253515,0.6157171,-0.1007445,-0.2219419,-0.3168094,-0.9166375,312.8787,-0.2520379,-0.5552441,-0.7925791,0.01368736,0.5841359,0.1817476,0.6119104,0.008603156,0.5439662,0.2161798,0.5854117,-0.03659769,0.5562875,0.1697967,0.5827745,0.06038694,-0.05531559,0.1117292,0.1385273,0.01748157,-0.07371005,0.1432111,0.1620129,0.008947841,-0.05385796,0.07679843,0.09422708,0.06033126,-0.0554226,0.1116973,0.1385201,0.01744954,-0.07371066,0.1432285,0.1620252,0.008944347,-0.05397834,0.07682972,0.09432109,0.02577127,-0.06104159,0.1087444,0.1273404,-0.8704836,-0.1513986,0.4589705,0.09318143,169.3067,-0.8742875,-0.1520603,0.4609762,16.62843,0,0,0,0,0,0,0,0,0,1,0,0,0.361318,False,True,False,0.02084215,0.9798312,0.245348,1.010297,0.5262394,-0.5749563,0.1929423,0.596046,106.8255,0.6553822,-0.7160546,0.2402916,0.02915785,0.02016884,0.05465205,0.06514452,-0.07740224,0.3864209,0.7963918,0.4587463,125.3875,-0.08710902,0.4348807,0.8962649,0.01189836,1.102077,-0.0353388,1.102707,0.03041286,0.03533843,-0.008920963,0.9988727,5.441626,0.6406821,0.744445,-0.1879304,False
1773055714051,4.792082,0.05553795,0.8653635,0.177449,0.885114,0.2050191,-0.2979611,-0.921226,0.1432794,163.5247,0.2071565,-0.3010675,-0.9308301,0.05922392,0.9880874,0.224212,1.014936,-0.01173522,0.9649634,0.2988164,1.010239,-0.04119457,0.9790426,0.2639823,1.014844,-0.06810293,-0.07092591,0.09850315,0.139181,-0.01598366,-0.0144146,0.1796628,0.1809474,0.01634816,-0.05292043,0.1741804,0.1827748,-0.07099888,-0.06657162,0.09917232,0.1389524,-0.01526616,-0.01875483,0.1772931,0.1789348,0.01542376,-0.04970198,0.1748559,0.1824356,-0.0443339,-0.05563096,0.1270756,0.1456314,-0.2543653,0.3307329,-0.4057666,0.8131835,71.1837,-0.4370483,0.5682625,-0.6971847,23.40052,-0.007484565,-0.03609122,0.09995876,0.106538,0.8954269,0.2563658,0.2377442,0.2756179,148.0023,0.9315065,0.2666956,0.2473237,1.212398,False,True,False,-0.1039166,0.5936732,0.1254506,0.615617,-0.1005253,-0.2220569,-0.3167482,-0.9166548,312.8837,-0.2515147,-0.555587,-0.792505,0.01367449,0.5840573,0.1818494,0.6118653,0.008590989,0.5438883,0.2162957,0.585382,-0.03664479,0.5562167,0.1699041,0.5827412,0.06040138,-0.05529746,0.1117365,0.1385323,0.01748597,-0.07370692,0.1432121,0.1620129,0.008951191,-0.05381384,0.07677702,0.09418473,0.06034607,-0.05539615,0.1117056,0.1385226,0.01745723,-0.07370987,0.143225,0.1620226,0.00894579,-0.05394362,0.0768186,0.0942923,0.02577781,-0.06101942,0.1087371,0.1273249,-0.8704811,-0.1515982,0.4588768,0.09334245,169.2881,-0.8742983,-0.152263,0.460889,16.63643,0,0,0,0,0,0,0,0,0,1,0,0,0.3619429,False,True,False,0.02084215,0.9798312,0.245348,1.010297,0.5262394,-0.5749563,0.1929423,0.596046,106.8255,0.6553822,-0.7160546,0.2402916,0.02915785,0.02016884,0.05465205,0.06514452,-0.07740224,0.3864209,0.7963918,0.4587463,125.3875,-0.08710902,0.4348807,0.8962649,0.01192968,1.10189,-0.03514132,1.102514,0.03119496,0.03571753,-0.008776441,0.9988364,5.528559,0.6468375,0.7406145,-0.1819823,False
1773055714066,4.805831,0.05515818,0.866187,0.1771854,0.8858425,0.1984371,-0.30261,-0.9207897,0.1455892,163.2572,0.2005742,-0.305869,-0.9307063,0.05908094,0.9895257,0.2223127,1.015911,-0.0105311,0.9674988,0.2980043,1.012409,-0.03986574,0.9820062,0.2614229,1.016989,-0.06763335,-0.07117202,0.09866492,0.1391923,-0.01600182,-0.01469775,0.1796399,0.1809491,0.01609003,-0.05503492,0.1728076,0.1820719,-0.0703033,-0.06756533,0.09906589,0.1390024,-0.01541761,-0.01785175,0.177807,0.1793647,0.01556578,-0.05081711,0.1743994,0.1823179,-0.04330411,-0.05585445,0.1278064,0.146046,-0.2551349,0.3296229,-0.408481,0.8120334,71.40985,-0.437166,0.564799,-0.69992,24.49824,-0.007484565,-0.03609122,0.09995876,0.106538,0.8954269,0.2563658,0.2377442,0.2756179,148.0023,0.9315065,0.2666956,0.2473237,1.128378,False,True,False,-0.1039375,0.5935382,0.1255557,0.6155118,-0.1002856,-0.2221816,-0.3166953,-0.9166691,312.8878,-0.2509355,-0.5559446,-0.7924374,0.01366261,0.5839763,0.1819565,0.6118196,0.008580126,0.5438104,0.21642,0.5853554,-0.03669257,0.5561449,0.1700175,0.5827087,0.06041562,-0.05528094,0.1117435,0.1385375,0.0174897,-0.07370342,0.1432137,0.1620131,0.008954936,-0.05376752,0.07675342,0.09413939,0.06036041,-0.05537239,0.1117134,0.1385257,0.01746392,-0.07370854,0.1432227,0.1620206,0.008947672,-0.05390733,0.07680518,0.0942608,0.02578329,-0.0609973,0.1087292,0.1273086,-0.8704923,-0.1517615,0.4587657,0.09351877,169.2679,-0.8743241,-0.1524295,0.4607851,16.64496,0,0,0,0,0,0,0,0,0,1,0,0,0.3626523,False,True,False,0.02084215,0.9798312,0.245348,1.010297,0.5262394,-0.5749563,0.1929423,0.596046,106.8255,0.6553822,-0.7160546,0.2402916,0.02915785,0.02016884,0.05465205,0.06514452,-0.07740224,0.3864209,0.7963918,0.4587463,125.3875,-0.08710902,0.4348807,0.8962649,0.01191069,1.101778,-0.03488593,1.102395,0.03193837,0.03597515,-0.009059945,0.9988011,5.611776,0.6524361,0.7348995,-0.1850763,False
1773055714079,4.819266,0.05472979,0.8671044,0.1770151,0.886679,0.1932888,-0.3073556,-0.9201604,0.1465502,163.1459,0.1953985,-0.3107103,-0.9302035,0.05866275,0.9910474,0.2204932,1.016973,-0.009654343,0.9701577,0.2970629,1.014665,-0.03875808,0.9849874,0.2587972,1.019156,-0.06692249,-0.07156228,0.09888639,0.1392059,-0.01601544,-0.01500762,0.1796143,0.1809503,0.01585179,-0.05695203,0.1715058,0.1814085,-0.06961984,-0.06841327,0.09902897,0.1390469,-0.01553846,-0.01723196,0.1781945,0.1796988,0.0156255,-0.05206742,0.1737714,0.182076,-0.0423316,-0.05605046,0.1285018,0.1464457,-0.25502,0.3297041,-0.4107844,0.8108737,71.63722,-0.4357668,0.5633838,-0.7019302,25.41419,-0.007484565,-0.03609122,0.09995876,0.106538,0.8954269,0.2563658,0.2377442,0.2756179,148.0023,0.9315065,0.2666956,0.2473237,1.213455,False,True,False,-0.1039585,0.5933968,0.1256665,0.6154016,-0.100026,-0.2223158,-0.3166505,-0.9166805,312.891,-0.2503021,-0.5563165,-0.792377,0.0136518,0.5838931,0.1820686,0.6117732,0.008570626,0.5437325,0.2165522,0.5853318,-0.03674093,0.556072,0.1701365,0.5826769,0.06042971,-0.05526605,0.1117505,0.1385433,0.01749276,-0.0736996,0.1432159,0.1620137,0.00895904,-0.05371924,0.07672771,0.09409124,0.06037444,-0.05535086,0.1117209,0.1385292,0.01746975,-0.07370674,0.1432213,0.1620192,0.008949969,-0.05386928,0.07678952,0.09422649,0.02578782,-0.06097505,0.1087205,0.1272914,-0.8705164,-0.1518934,0.4586372,0.09371088,169.2458,-0.8743641,-0.1525648,0.4606644,16.65404,0,0,0,0,0,0,0,0,0,1,0,0,0.363391,False,True,False,0.02084215,0.9798312,0.245348,1.010297,0.5262394,-0.5749563,0.1929423,0.596046,106.8255,0.6553822,-0.7160546,0.2402916,0.02915785,0.02016884,0.05465205,0.06514452,-0.07740224,0.3864209,0.7963918,0.4587463,125.3875,-0.08710902,0.4348807,0.8962649,0.01191918,1.101725,-0.03460834,1.102332,0.03268391,0.0360522,-0.009062142,0.9987742,5.674354,0.6603081,0.7283571,-0.1830811,False
1773055714092,4.83329,0.05460979,0.868224,0.1769989,0.8877633,0.1911304,-0.3066213,-0.9207159,0.1474276,163.0442,0.193242,-0.3100087,-0.9308878,0.05853919,0.9920172,0.2210012,1.018021,-0.009300426,0.9716747,0.2969297,1.016074,-0.03721272,0.9876143,0.2551717,1.020725,-0.06684189,-0.07119295,0.09925628,0.1392411,-0.01601163,-0.01577014,0.179528,0.1809292,0.01511818,-0.06077818,0.1685041,0.179767,-0.06903765,-0.06902245,0.09907726,0.1390921,-0.01563747,-0.01690403,0.1784892,0.1799685,0.01551626,-0.05389033,0.1726014,0.1814832,-0.04135246,-0.05615495,0.1292821,0.146892,-0.2529131,0.333016,-0.4133631,0.8088673,72.02918,-0.4301308,0.5663621,-0.7030089,26.28906,-0.007484565,-0.03609122,0.09995876,0.106538,0.8954269,0.2563658,0.2377442,0.2756179,148.0023,0.9315065,0.2666956,0.2473237,1.292404,False,True,False,-0.1039255,0.5932214,0.1257864,0.6152515,-0.09978222,-0.2225178,-0.3166704,-0.9166511,312.8826,-0.2496501,-0.5567285,-0.7922935,0.01370751,0.5837902,0.182167,0.6117055,0.00863371,0.5436273,0.2166618,0.5852756,-0.03671619,0.5559633,0.1702504,0.5826049,0.06044706,-0.05525682,0.1117534,0.1385496,0.0174947,-0.07370675,0.1432039,0.1620065,0.008962714,-0.05368537,0.07670266,0.09405184,0.06038964,-0.05533116,0.1117277,0.1385335,0.01747497,-0.07370674,0.1432177,0.1620166,0.008952633,-0.05383078,0.07677136,0.09418993,0.0257927,-0.06095361,0.1087095,0.1272728,-0.8705446,-0.1520226,0.458498,0.09391972,169.2217,-0.8744096,-0.1526976,0.4605337,16.66365,0,0,0,0,0,0,0,0,0,1,0,0,0.3633131,False,True,False,0.02084215,0.9798312,0.245348,1.010297,0.5262394,-0.5749563,0.1929423,0.596046,106.8255,0.6553822,-0.7160546,0.2402916,0.02915785,0.02016884,0.05465205,0.06514452,-0.07740224,0.3864209,0.7963918,0.4587463,125.3875,-0.08710902,0.4348807,0.8962649,0.01185919,1.101657,-0.03431807,1.102256,0.03299327,0.03602683,-0.008801436,0.9987673,5.690338,0.6646849,0.7257992,-0.1773144,False
1773055714107,4.847381,0.05448155,0.8693337,0.1770831,0.8888575,0.1896538,-0.3064019,-0.9210436,0.1477433,163.0077,0.1917582,-0.3098018,-0.9312635,0.05826591,0.9930156,0.221517,1.01909,-0.009097472,0.9733037,0.2967046,1.017564,-0.03599375,0.9898543,0.2523418,1.022147,-0.06661479,-0.07087067,0.09969243,0.1392794,-0.01600723,-0.01652928,0.1794332,0.1809025,0.01454601,-0.06360684,0.1660894,0.1784464,-0.06852683,-0.06942821,0.09920819,0.1391347,-0.01571516,-0.01682008,0.1786979,0.1801744,0.01530724,-0.055951,0.1711651,0.1807272,-0.04040205,-0.05619649,0.1300927,0.1473584,-0.2495575,0.338324,-0.4158786,0.8064137,72.506,-0.4220118,0.5721196,-0.7032676,27.04064,-0.007484565,-0.03609122,0.09995876,0.106538,0.8954269,0.2563658,0.2377442,0.2756179,148.0023,0.9315065,0.2666956,0.2473237,1.297721,False,True,False,-0.1038892,0.5930384,0.1259118,0.6150946,-0.09952417,-0.2227361,-0.3167048,-0.9166143,312.8721,-0.2489519,-0.5571567,-0.7922121,0.01376901,0.5836848,0.1822672,0.6116362,0.008703493,0.5435205,0.2167743,0.5852191,-0.03668611,0.555851,0.170368,0.5825303,0.06046475,-0.05524965,0.1117557,0.1385563,0.01749598,-0.07371512,0.1431903,0.1619984,0.008966684,-0.05365184,0.07667597,0.09401131,0.06040543,-0.05531403,0.1117336,0.1385383,0.01747938,-0.0737085,0.1432119,0.1620127,0.008955582,-0.05379317,0.07675133,0.0941524,0.02579773,-0.06093371,0.1086967,0.1272533,-0.8705764,-0.1521438,0.4583526,0.09413789,169.1966,-0.8744597,-0.1528225,0.4603972,16.67346,0,0,0,0,0,0,0,0,0,1,0,0,0.3632814,False,True,False,0.02084215,0.9798312,0.245348,1.010297,0.5262394,-0.5749563,0.1929423,0.596046,106.8255,0.6553822,-0.7160546,0.2402916,0.02915785,0.02016884,0.05465205,0.06514452,-0.07740224,0.3864209,0.7963918,0.4587463,125.3875,-0.08710902,0.4348807,0.8962649,0.01180802,1.101599,-0.03412779,1.102191,0.03314316,0.03598331,-0.00873229,0.9987645,5.696802,0.6669547,0.7241083,-0.1757238,False
1773055714121,4.860835,0.05477218,0.8701745,0.177024,0.889686,0.1870243,-0.3035938,-0.9224091,0.1483721,162.9348,0.1891176,-0.3069917,-0.9327329,0.05766801,0.9937954,0.2217456,1.019866,-0.008358173,0.9756727,0.2952788,1.01941,-0.03509483,0.9904354,0.2530594,1.022855,-0.06551316,-0.07139698,0.1000722,0.139298,-0.01596459,-0.01983369,0.178908,0.1807105,0.01447599,-0.0639691,0.1657712,0.1782742,-0.0679127,-0.06984437,0.09938512,0.1391681,-0.01576568,-0.01746624,0.1787425,0.1802845,0.01513507,-0.05760209,0.1700279,0.1801571,-0.03964535,-0.05653896,0.1305869,0.1477205,-0.2460264,0.342828,-0.4155197,0.8057812,72.62846,-0.4154355,0.5788928,-0.7016387,27.23467,-0.007484565,-0.03609122,0.09995876,0.106538,0.8954269,0.2563658,0.2377442,0.2756179,148.0023,0.9315065,0.2666956,0.2473237,1.290231,False,True,False,-0.1039202,0.5929085,0.1260293,0.6149986,-0.09935383,-0.2229329,-0.3167542,-0.9165678,312.8587,-0.2484595,-0.5575005,-0.7921245,0.01376069,0.5836144,0.1823595,0.6115963,0.00870882,0.5434468,0.2168627,0.5851835,-0.03672573,0.5557863,0.17047,0.5825008,0.06047414,-0.05524468,0.11176,0.1385618,0.01749896,-0.07372802,0.1431727,0.1619891,0.008970529,-0.05361382,0.07664812,0.09396726,0.06041935,-0.05529997,0.1117389,0.138543,0.01748334,-0.07371245,0.143204,0.162008,0.008958606,-0.05375684,0.07673044,0.0941149,0.02580179,-0.06091582,0.1086822,0.1272333,-0.8706138,-0.1522611,0.4581952,0.09436812,169.1701,-0.8745164,-0.1529436,0.4602491,16.68234,0,0,0,0,0,0,0,0,0,1,0,0,0.3635564,False,True,False,0.02084215,0.9798312,0.245348,1.010297,0.5262394,-0.5749563,0.1929423,0.596046,106.8255,0.6553822,-0.7160546,0.2402916,0.02915785,0.02016884,0.05465205,0.06514452,-0.07740224,0.3864209,0.7963918,0.4587463,125.3875,-0.08710902,0.4348807,0.8962649,0.01179034,1.101476,-0.03390325,1.102061,0.0333001,0.03613718,-0.008618189,0.9987547,5.719299,0.6674759,0.7243431,-0.1727453,False
1773055714135,4.874794,0.05503826,0.8709805,0.1770357,0.890493,0.1839289,-0.3004639,-0.9239864,0.148798,162.8855,0.1859995,-0.3038465,-0.9343884,0.05716514,0.9944848,0.2221681,1.020601,-0.007342115,0.9773144,0.2946962,1.020805,-0.03397052,0.9911016,0.2536822,1.023617,-0.06441367,-0.0718834,0.1004607,0.1393151,-0.0159602,-0.02215415,0.1784557,0.1805325,0.01434335,-0.06461751,0.1652127,0.1779786,-0.06717634,-0.0702874,0.09961146,0.1391956,-0.01580626,-0.01849176,0.17868,0.1803284,0.01496668,-0.05909764,0.168991,0.179651,-0.0389272,-0.05704648,0.1309523,0.1480477,-0.2423713,0.3469294,-0.4138872,0.8059736,72.59122,-0.4094446,0.5860775,-0.6991912,27.14264,-0.007484565,-0.03609122,0.09995876,0.106538,0.8954269,0.2563658,0.2377442,0.2756179,148.0023,0.9315065,0.2666956,0.2473237,1.275597,False,True,False,-0.103953,0.5927761,0.1261507,0.6149014,-0.09918386,-0.2231398,-0.3168174,-0.916514,312.8433,-0.2479581,-0.557846,-0.7920385,0.01375217,0.5835431,0.1824529,0.611556,0.008715428,0.5433726,0.2169508,0.5851474,-0.03676593,0.5557215,0.1705734,0.5824718,0.06048255,-0.05524174,0.1117641,0.1385677,0.01750159,-0.07374267,0.1431534,0.161979,0.008974613,-0.05357536,0.07661882,0.09392181,0.06043253,-0.05528782,0.1117442,0.1385482,0.01748714,-0.07371874,0.1431935,0.1620019,0.008961941,-0.05371897,0.07670718,0.09407463,0.02580524,-0.06089852,0.1086653,0.1272112,-0.8706596,-0.1523829,0.4580142,0.09462699,169.1403,-0.8745841,-0.1530697,0.4600786,16.69102,0,0,0,0,0,0,0,0,0,1,0,0,0.363761,False,True,False,0.02084215,0.9798312,0.245348,1.010297,0.5262394,-0.5749563,0.1929423,0.596046,106.8255,0.6553822,-0.7160546,0.2402916,0.02915785,0.02016884,0.05465205,0.06514452,-0.07740224,0.3864209,0.7963918,0.4587463,125.3875,-0.08710902,0.4348807,0.8962649,0.01173604,1.101392,-0.03372207,1.10197,0.03355753,0.03588858,-0.008332091,0.9987575,5.712997,0.6733782,0.7201539,-0.1671949,False
1773055714149,4.88887,0.05529001,0.8717756,0.1771051,0.8913001,0.1808045,-0.297467,-0.925549,0.1489371,162.8693,0.1828438,-0.3008222,-0.9359884,0.05668445,0.9951301,0.2227072,1.02132,-0.006231178,0.9786464,0.2945156,1.022021,-0.0326582,0.9919628,0.2539014,1.024462,-0.06328623,-0.07230157,0.1008933,0.1393274,-0.01597762,-0.02392604,0.1780655,0.1803748,0.01412645,-0.06562575,0.1643263,0.1775089,-0.06634983,-0.07072725,0.09988241,0.1392162,-0.01584224,-0.0196776,0.1785459,0.1803242,0.01478725,-0.06050466,0.1679871,0.1791623,-0.03820567,-0.05761311,0.1312718,0.1483618,-0.2386727,0.3508069,-0.4117825,0.8064769,72.49374,-0.4036641,0.5933152,-0.6964425,26.90167,-0.007484565,-0.03609122,0.09995876,0.106538,0.8954269,0.2563658,0.2377442,0.2756179,148.0023,0.9315065,0.2666956,0.2473237,1.264964,False,True,False,-0.1039876,0.5926414,0.1262757,0.614803,-0.0990143,-0.2233564,-0.3168938,-0.9164532,312.8259,-0.2474479,-0.5581928,-0.7919534,0.01374333,0.5834711,0.1825472,0.6115152,0.008723259,0.5432983,0.2170385,0.585111,-0.03680667,0.5556569,0.170678,0.5824434,0.06049003,-0.05524063,0.1117679,0.1385735,0.01750403,-0.07375877,0.1431323,0.1619679,0.008978835,-0.05353655,0.07658812,0.09387503,0.0604446,-0.05527791,0.1117491,0.1385535,0.01749068,-0.07372714,0.1431806,0.1619948,0.008965484,-0.05368066,0.0766822,0.09403272,0.02580797,-0.06088227,0.1086464,0.1271878,-0.8707125,-0.1525051,0.4578152,0.09490674,169.1081,-0.8746605,-0.1531966,0.4598911,16.69925,0,0,0,0,0,0,0,0,0,1,0,0,0.3639603,False,True,False,0.02084215,0.9798312,0.245348,1.010297,0.5262394,-0.5749563,0.1929423,0.596046,106.8255,0.6553822,-0.7160546,0.2402916,0.02915785,0.02016884,0.05465205,0.06514452,-0.07740224,0.3864209,0.7963918,0.4587463,125.3875,-0.08710902,0.4348807,0.8962649,0.01165966,1.101299,-0.03361175,1.101873,0.03411134,0.03578458,-0.008160652,0.9987438,5.744162,0.6807761,0.7141697,-0.162866,False
1773055714163,4.902851,0.05553198,0.8725685,0.1772238,0.8921143,0.1778545,-0.2947772,-0.9269991,0.1488181,162.8831,0.1798573,-0.2980966,-0.9374378,0.05619663,0.9957636,0.2232913,1.022038,-0.005122691,0.979912,0.2944439,1.023206,-0.03126051,0.9929683,0.2538098,1.02537,-0.06213099,-0.07267126,0.101355,0.1393349,-0.01600641,-0.02546821,0.1776932,0.1802213,0.01385549,-0.0668234,0.1632379,0.1769292,-0.06545547,-0.07114898,0.1001914,0.1392297,-0.01587654,-0.02092371,0.1783615,0.180285,0.0145898,-0.06186465,0.1669772,0.1786658,-0.0374639,-0.05818898,0.1315842,0.1486738,-0.2349188,0.3546174,-0.409556,0.8070462,72.38334,-0.3978381,0.6005494,-0.6935887,26.58088,-0.007484565,-0.03609122,0.09995876,0.106538,0.8954269,0.2563658,0.2377442,0.2756179,148.0023,0.9315065,0.2666956,0.2473237,1.262389,False,True,False,-0.1040239,0.5925043,0.1264042,0.6147035,-0.09884512,-0.2235824,-0.316983,-0.9163855,312.8065,-0.2469295,-0.5585414,-0.7918697,0.01373444,0.5833982,0.1826424,0.6114739,0.008732446,0.5432235,0.2171257,0.585074,-0.03684787,0.5555922,0.1707837,0.5824152,0.06049661,-0.05524134,0.1117716,0.1385797,0.01750618,-0.07377646,0.1431097,0.1619563,0.008983232,-0.05349733,0.07655613,0.09382699,0.06045546,-0.05527028,0.1117538,0.1385589,0.01749392,-0.07373743,0.1431658,0.1619867,0.008969186,-0.05364236,0.07665589,0.09398976,0.02580997,-0.0608672,0.1086258,0.1271634,-0.8707714,-0.1526261,0.4576012,0.09520316,169.074,-0.8747446,-0.1533225,0.4596892,16.70697,0,0,0,0,0,0,0,0,0,1,0,0,0.3641845,False,True,False,0.02084215,0.9798312,0.245348,1.010297,0.5262394,-0.5749563,0.1929423,0.596046,106.8255,0.6553822,-0.7160546,0.2402916,0.02915785,0.02016884,0.05465205,0.06514452,-0.07740224,0.3864209,0.7963918,0.4587463,125.3875,-0.08710902,0.4348807,0.8962649,0.01162073,1.101203,-0.03340285,1.101771,0.03452099,0.03578561,-0.008044773,0.9987307,5.774208,0.6853732,0.7104806,-0.1597194,False
1773055714176,4.916359,0.05584139,0.8727499,0.1773766,0.8923413,0.1779322,-0.2935742,-0.9274471,0.1483118,162.9418,0.179922,-0.2968572,-0.9378188,0.05359375,0.9960824,0.2228743,1.022118,-0.00493075,0.9839537,0.289681,1.025721,-0.02920199,0.9943776,0.2497592,1.02568,-0.05917744,-0.07400034,0.1020825,0.1392798,-0.0161505,-0.03223637,0.1757166,0.1793777,0.0128859,-0.07053871,0.1595485,0.1749214,-0.06415385,-0.07175089,0.1005766,0.1392105,-0.01593223,-0.02326136,0.1778077,0.1800292,0.01423943,-0.06369258,0.1654534,0.1778604,-0.03654755,-0.05924099,0.1317157,0.1489773,-0.2290448,0.3602092,-0.4046601,0.8087262,72.05667,-0.3894092,0.6124077,-0.6879806,25.77569,-0.007484565,-0.03609122,0.09995876,0.106538,0.8954269,0.2563658,0.2377442,0.2756179,148.0023,0.9315065,0.2666956,0.2473237,1.297627,False,True,False,-0.1040794,0.5923787,0.1264479,0.6146008,-0.09882129,-0.2239189,-0.3170207,-0.9162928,312.78,-0.2467393,-0.5590858,-0.7915446,0.01372293,0.5833055,0.1826124,0.6113762,0.008754194,0.5431466,0.2171183,0.5850002,-0.03688942,0.5555125,0.1707804,0.5823409,0.06049912,-0.05524836,0.1117742,0.1385857,0.01751322,-0.07377411,0.1431233,0.1619679,0.008986432,-0.0534708,0.0765326,0.09379297,0.06046434,-0.05526583,0.1117579,0.1385644,0.01749784,-0.07374488,0.1431572,0.1619829,0.008972687,-0.05360748,0.07663085,0.09394976,0.02581047,-0.06085376,0.1086081,0.127142,-0.8708386,-0.1526889,0.4573972,0.09546803,169.0435,-0.8748344,-0.1533895,0.459496,16.71448,0,0,0,0,0,0,0,0,0,1,0,0,0.3637515,False,True,False,0.02084215,0.9798312,0.245348,1.010297,0.5262394,-0.5749563,0.1929423,0.596046,106.8255,0.6553822,-0.7160546,0.2402916,0.02915785,0.02016884,0.05465205,0.06514452,-0.07740224,0.3864209,0.7963918,0.4587463,125.3875,-0.08710902,0.4348807,0.8962649,0.01139398,1.101073,-0.0334828,1.101641,0.03442332,0.03470888,-0.007251964,0.9987782,5.665239,0.6965685,0.7023469,-0.1467461,False
1773055714190,4.930325,0.05588259,0.872759,0.1775794,0.8923932,0.1780639,-0.2925,-0.9279042,0.1474134,163.0459,0.1800307,-0.2957309,-0.9381536,0.04995719,0.9961813,0.222216,1.021887,-0.00421901,0.9886618,0.2830427,1.028389,-0.02680969,0.9955742,0.2455817,1.025767,-0.05533021,-0.07560573,0.1029208,0.1391774,-0.01679973,-0.04071085,0.1722543,0.1777952,0.0114996,-0.07414137,0.1554394,0.1725995,-0.06226283,-0.07258667,0.1010655,0.1391392,-0.01611344,-0.02690079,0.1766234,0.1793854,0.01366319,-0.0659686,0.163366,0.1767116,-0.03538789,-0.06087407,0.1315941,0.149248,-0.220794,0.3671547,-0.3966629,0.8118534,71.44518,-0.3781617,0.628839,-0.6793786,24.3416,-0.007484565,-0.03609122,0.09995876,0.106538,0.8954269,0.2563658,0.2377442,0.2756179,148.0023,0.9315065,0.2666956,0.2473237,1.299981,False,True,False,-0.1041011,0.5922508,0.1264986,0.6144916,-0.09875045,-0.224218,-0.3170547,-0.9162156,312.7579,-0.2464537,-0.5595857,-0.7912804,0.01374549,0.5832384,0.1825954,0.6113076,0.008796886,0.5430702,0.2171298,0.5849342,-0.03690288,0.5554368,0.1707951,0.5822739,0.0605252,-0.05524107,0.1117724,0.1385927,0.01751725,-0.07377335,0.1431324,0.1619761,0.008990845,-0.05344021,0.07650999,0.09375751,0.06047703,-0.05526066,0.111761,0.1385703,0.01750188,-0.07375081,0.143152,0.1619815,0.008976471,-0.05357257,0.07660564,0.09390964,0.02581266,-0.06083982,0.1085923,0.1271222,-0.8708987,-0.1527306,0.4572161,0.0957195,169.0145,-0.874916,-0.1534351,0.4593252,16.724,0,0,0,0,0,0,0,0,0,1,0,0,0.3634734,False,True,False,0.02084215,0.9798312,0.245348,1.010297,0.5262394,-0.5749563,0.1929423,0.596046,106.8255,0.6553822,-0.7160546,0.2402916,0.02915785,0.02016884,0.05465205,0.06514452,-0.07740224,0.3864209,0.7963918,0.4587463,125.3875,-0.08710902,0.4348807,0.8962649,0.01127774,1.100991,-0.03343204,1.101557,0.03439999,0.03413747,-0.006841865,0.9988015,5.610799,0.7028444,0.6974807,-0.1397898,False
1773055714204,4.944235,0.05592406,0.8727778,0.1778085,0.8924598,0.1781959,-0.2913741,-0.9284029,0.1463404,163.1702,0.1801351,-0.2945451,-0.9385066,0.04733463,0.9961301,0.2219197,1.021648,-0.003292948,0.9910597,0.279305,1.02967,-0.02475073,0.9963573,0.2428178,1.025817,-0.05242185,-0.07669738,0.1034963,0.1390756,-0.01740528,-0.04541193,0.1697981,0.1766255,0.0102941,-0.07657499,0.1523665,0.1708369,-0.06014498,-0.0734759,0.1015713,0.1390426,-0.01638274,-0.03082072,0.1751847,0.1786281,0.01295969,-0.06828689,0.1610551,0.1754133,-0.03413861,-0.06261777,0.1313925,0.1495006,-0.2115568,0.3743646,-0.3874116,0.8154798,70.73035,-0.3655184,0.6468106,-0.6693525,22.7616,-0.007484565,-0.03609122,0.09995876,0.106538,0.8954269,0.2563658,0.2377442,0.2756179,148.0023,0.9315065,0.2666956,0.2473237,1.299995,False,True,False,-0.1041227,0.5921214,0.1265489,0.614381,-0.09868588,-0.2245279,-0.317093,-0.9161334,312.7344,-0.2461771,-0.5600965,-0.7910051,0.01377098,0.5831727,0.1825729,0.6112388,0.008842893,0.5429932,0.2171395,0.584867,-0.03691462,0.5553603,0.1708072,0.5822052,0.06055425,-0.05523347,0.1117695,0.1386,0.0175211,-0.07377193,0.1431435,0.1619856,0.008995553,-0.05340968,0.07648715,0.09372191,0.06049309,-0.05525501,0.1117627,0.1385765,0.01750588,-0.0737552,0.1431503,0.1619823,0.008980435,-0.05353867,0.076581,0.09387059,0.02581644,-0.06082585,0.1085785,0.1271045,-0.8709501,-0.152751,0.4570629,0.09595109,168.9879,-0.8749872,-0.153459,0.4591815,16.73521,0,0,0,0,0,0,0,0,0,1,0,0,0.3632671,False,True,False,0.02084215,0.9798312,0.245348,1.010297,0.5262394,-0.5749563,0.1929423,0.596046,106.8255,0.6553822,-0.7160546,0.2402916,0.02915785,0.02016884,0.05465205,0.06514452,-0.07740224,0.3864209,0.7963918,0.4587463,125.3875,-0.08710902,0.4348807,0.8962649,0.01120358,1.100924,-0.03343822,1.101488,0.03471565,0.03357633,-0.006768206,0.9988101,5.590667,0.711849,0.6884871,-0.138783,False
1773055714218,4.958355,0.0559676,0.8728297,0.177892,0.8925299,0.1775087,-0.2910764,-0.928681,0.1460028,163.2093,0.1794315,-0.2942294,-0.9387404,0.04426001,0.9960563,0.221165,1.021274,-0.002131354,0.9947217,0.2702344,1.030778,-0.01920821,0.9972973,0.2338089,1.024518,-0.049015,-0.077777,0.1041361,0.1389103,-0.01725299,-0.05411407,0.1637228,0.1732949,0.0073467,-0.08216208,0.1429414,0.1650358,-0.05770268,-0.0744181,0.1021126,0.1389052,-0.01656642,-0.03591669,0.1727704,0.1772401,0.01177872,-0.07138248,0.1571395,0.1729943,-0.03269048,-0.0647524,0.1308155,0.1495802,-0.1987439,0.3876329,-0.375324,0.8181524,70.19945,-0.3456407,0.6741428,-0.6527361,20.69405,-0.007484565,-0.03609122,0.09995876,0.106538,0.8954269,0.2563658,0.2377442,0.2756179,148.0023,0.9315065,0.2666956,0.2473237,1.3,False,True,False,-0.1041664,0.5920554,0.1265916,0.6143336,-0.09860625,-0.2248499,-0.3170779,-0.9160683,312.7158,-0.2458871,-0.5606916,-0.7906739,0.01377027,0.5831532,0.1825451,0.6112119,0.008863658,0.5429742,0.217142,0.5848505,-0.03694847,0.5553422,0.1708196,0.5821937,0.06057313,-0.0552298,0.1117681,0.1386057,0.01752559,-0.07377098,0.1431539,0.1619949,0.008999322,-0.05337941,0.07647209,0.09369274,0.06050994,-0.0552497,0.1117639,0.1385826,0.01751002,-0.07375851,0.143151,0.161985,0.008984406,-0.05350513,0.07655808,0.09383314,0.02582066,-0.06081195,0.1085668,0.1270888,-0.8709958,-0.1527522,0.4569281,0.09617642,168.9619,-0.8750522,-0.1534636,0.4590561,16.74675,0,0,0,0,0,0,0,0,0,1,0,0,0.3628678,False,True,False,0.02084215,0.9798312,0.245348,1.010297,0.5262394,-0.5749563,0.1929423,0.596046,106.8255,0.6553822,-0.7160546,0.2402916,0.02915785,0.02016884,0.05465205,0.06514452,-0.07740224,0.3864209,0.7963918,0.4587463,125.3875,-0.08710902,0.4348807,0.8962649,0.01115542,1.100835,-0.03346951,1.1014,0.03506219,0.03317433,-0.006747115,0.9988116,5.587165,0.7194059,0.6806707,-0.1384373,False
1773055714232,4.971971,0.0560115,0.8728918,0.1779869,0.8926123,0.1767568,-0.2908156,-0.9289649,0.1456277,163.2527,0.1786614,-0.2939493,-0.9389749,0.04168821,0.9959256,0.2205566,1.020907,-0.0009455159,0.9963601,0.264771,1.03094,-0.01538852,0.9973316,0.2285391,1.023297,-0.04607232,-0.07861958,0.1046314,0.1387495,-0.01723236,-0.05884025,0.1595032,0.1708812,0.005432401,-0.08493298,0.1368351,0.1611427,-0.05520327,-0.07531328,0.1026303,0.1387533,-0.01670303,-0.0408815,0.1700296,0.1756712,0.01047325,-0.0743444,0.1527999,0.1702486,-0.03119399,-0.0667939,0.1301307,0.149561,-0.1852742,0.4027081,-0.3625976,0.81977,69.87648,-0.3235139,0.7031831,-0.6331447,18.66427,-0.007484565,-0.03609122,0.09995876,0.106538,0.8954269,0.2563658,0.2377442,0.2756179,148.0023,0.9315065,0.2666956,0.2473237,1.3,False,True,False,-0.1042116,0.5919929,0.1266335,0.6142895,-0.0985231,-0.2252095,-0.3170571,-0.915996,312.6952,-0.2455788,-0.5613575,-0.7902969,0.01377223,0.5831391,0.1825076,0.6111872,0.008889802,0.5429619,0.217138,0.584838,-0.0369799,0.5553288,0.1708283,0.5821855,0.06059229,-0.05522655,0.1117663,0.1386113,0.01753005,-0.07376966,0.1431653,0.1620049,0.009003134,-0.05334939,0.0764581,0.09366459,0.06052678,-0.05524497,0.1117643,0.1385885,0.01751411,-0.07376079,0.143154,0.161989,0.00898823,-0.05347327,0.07653765,0.09379867,0.02582509,-0.06079873,0.1085575,0.1270754,-0.8710343,-0.1527365,0.4568154,0.09638749,168.9376,-0.875109,-0.153451,0.4589524,16.75811,0,0,0,0,0,0,0,0,0,1,0,0,0.3625858,False,True,False,0.02084215,0.9798312,0.245348,1.010297,0.5262394,-0.5749563,0.1929423,0.596046,106.8255,0.6553822,-0.7160546,0.2402916,0.02915785,0.02016884,0.05465205,0.06514452,-0.07740224,0.3864209,0.7963918,0.4587463,125.3875,-0.08710902,0.4348807,0.8962649,0.01117447,1.10074,-0.03357836,1.101309,0.03544739,0.0330785,-0.006493071,0.9988028,5.607728,0.7246412,0.6762147,-0.1327361,False
1773055714246,4.985974,0.05605575,0.8729637,0.1780926,0.8927065,0.1758265,-0.2905535,-0.9292969,0.1451585,163.3071,0.1777087,-0.2936639,-0.939245,0.03938994,0.9957536,0.2200381,1.020536,0.0003173053,0.9973925,0.2604583,1.03084,-0.01216449,0.9970572,0.2245047,1.022093,-0.04333777,-0.07932867,0.1050488,0.1385873,-0.0172764,-0.06232738,0.1558576,0.1687447,0.003937407,-0.08677577,0.1318185,0.157866,-0.0525781,-0.07618835,0.1031395,0.1385889,-0.01682333,-0.04570126,0.1669971,0.173953,0.009090366,-0.07713876,0.148142,0.1672694,-0.02959806,-0.06876144,0.1293767,0.1494741,-0.1709877,0.4195789,-0.3491113,0.8202671,69.77692,-0.2989396,0.7335544,-0.6103551,16.68851,-0.007484565,-0.03609122,0.09995876,0.106538,0.8954269,0.2563658,0.2377442,0.2756179,148.0023,0.9315065,0.2666956,0.2473237,1.3,False,True,False,-0.104258,0.5919334,0.1266744,0.6142486,-0.09843594,-0.2256124,-0.3170298,-0.9159157,312.6722,-0.2452495,-0.5621049,-0.7898679,0.0137777,0.5831304,0.1824593,0.6111647,0.008922443,0.5429566,0.2171266,0.5848294,-0.03700832,0.5553203,0.1708328,0.5821804,0.06061185,-0.05522371,0.1117641,0.138617,0.01753448,-0.07376805,0.1431779,0.1620157,0.009006977,-0.05331964,0.07644526,0.09363753,0.06054457,-0.05524052,0.1117643,0.1385944,0.01751837,-0.07376231,0.143159,0.1619946,0.008992146,-0.05344113,0.07651833,0.09376496,0.02582998,-0.06078539,0.1085498,0.1270634,-0.8710685,-0.1527046,0.4567164,0.09659807,168.9134,-0.8751613,-0.1534221,0.4588622,16.76992,0,0,0,0,0,0,0,0,0,1,0,0,0.3622872,False,True,False,0.02084215,0.9798312,0.245348,1.010297,0.5262394,-0.5749563,0.1929423,0.596046,106.8255,0.6553822,-0.7160546,0.2402916,0.02915785,0.02016884,0.05465205,0.06514452,-0.07740224,0.3864209,0.7963918,0.4587463,125.3875,-0.08710902,0.4348807,0.8962649,0.01124189,1.100657,-0.03372796,1.101231,0.03547389,0.03292939,-0.006442107,0.9988072,5.597526,0.7265053,0.6743939,-0.1319344,False
1773055714259,4.999775,0.05611899,0.8729812,0.1781594,0.8927409,0.1757151,-0.2903396,-0.929444,0.1447789,163.3511,0.1775862,-0.2934312,-0.9393408,0.03877566,0.9956176,0.2200724,1.020387,0.001149639,0.9979963,0.2574948,1.03068,-0.009985894,0.9967042,0.2218359,1.021142,-0.04252167,-0.0794135,0.1052253,0.138517,-0.01734618,-0.0646501,0.1533393,0.1673125,0.002898337,-0.08785025,0.128441,0.1556379,-0.05036766,-0.07688303,0.1035742,0.1384757,-0.01693179,-0.04996021,0.1640751,0.1723466,0.007788646,-0.07952911,0.1437599,0.1644763,-0.02823813,-0.07048881,0.1285962,0.149342,-0.1567944,0.4374641,-0.3363315,0.8190982,70.01077,-0.273326,0.762593,-0.5862975,15.00751,-0.007484565,-0.03609122,0.09995876,0.106538,0.8954269,0.2563658,0.2377442,0.2756179,148.0023,0.9315065,0.2666956,0.2473237,1.3,False,True,False,-0.1042457,0.5918046,0.126697,0.614127,-0.09807348,-0.226009,-0.3170171,-0.9158612,312.6567,-0.2442708,-0.5629186,-0.7895918,0.01383055,0.5830763,0.1824198,0.6111025,0.008997582,0.5429396,0.2171376,0.5848188,-0.03699385,0.5552902,0.1708509,0.5821562,0.06061773,-0.05523662,0.1117613,0.1386224,0.01753615,-0.07376805,0.1431824,0.1620198,0.009013138,-0.05326903,0.07642604,0.09359362,0.06055969,-0.05523972,0.1117637,0.1386002,0.01752204,-0.07376349,0.1431638,0.1619998,0.00899648,-0.05340553,0.07649926,0.09372953,0.02583318,-0.06077173,0.1085419,0.1270507,-0.8711131,-0.1526328,0.4566019,0.09684959,168.8844,-0.8752276,-0.1533538,0.4587585,16.78061,0,0,0,0,0,0,0,0,0,1,0,0,0.3630214,False,True,False,0.02084215,0.9798312,0.245348,1.010297,0.5262394,-0.5749563,0.1929423,0.596046,106.8255,0.6553822,-0.7160546,0.2402916,0.02915785,0.02016884,0.05465205,0.06514452,-0.07740224,0.3864209,0.7963918,0.4587463,125.3875,-0.08710902,0.4348807,0.8962649,0.01126702,1.100611,-0.03385089,1.101189,0.03531221,0.03283962,-0.006223595,0.9988173,5.573836,0.72626,0.6754066,-0.1279996,False
1773055714274,5.01377,0.05618371,0.8730034,0.1782329,0.8927813,0.1756198,-0.2901663,-0.9295709,0.144427,163.3918,0.1774806,-0.2932408,-0.9394203,0.03782097,0.9954492,0.2199928,1.02017,0.002171859,0.9984877,0.2540823,1.030311,-0.007562973,0.996063,0.2187572,1.01983,-0.04134443,-0.07959076,0.105437,0.1384233,-0.01744085,-0.06711119,0.1503098,0.1655329,0.001838642,-0.08888622,0.1244741,0.1529639,-0.04835588,-0.0774722,0.1039672,0.1383814,-0.01703857,-0.05389055,0.1610673,0.1706962,0.006518499,-0.08164497,0.1393735,0.1616582,-0.02696672,-0.07208283,0.1277375,0.1491308,-0.1422294,0.4574279,-0.3234343,0.8160396,70.61942,-0.2460734,0.7914035,-0.559579,13.49091,-0.007484565,-0.03609122,0.09995876,0.106538,0.8954269,0.2563658,0.2377442,0.2756179,148.0023,0.9315065,0.2666956,0.2473237,1.3,False,True,False,-0.104231,0.5916743,0.1267178,0.6140032,-0.09761991,-0.2264716,-0.3169999,-0.9158013,312.6396,-0.2430584,-0.5638791,-0.7892806,0.01388991,0.5830354,0.1823718,0.6110505,0.009083152,0.5429455,0.217149,0.5848299,-0.03697325,0.5552732,0.1708709,0.5821446,0.06062201,-0.05525191,0.111758,0.1386277,0.0175375,-0.07376799,0.1431863,0.1620235,0.009019634,-0.05321592,0.07640678,0.0935483,0.06057271,-0.05524227,0.1117625,0.138606,0.01752527,-0.07376443,0.1431685,0.1620048,0.009001314,-0.05336588,0.07647994,0.09369163,0.02583491,-0.06075743,0.1085335,0.1270371,-0.8711684,-0.1525229,0.4564704,0.09714532,168.8504,-0.8753085,-0.1532478,0.4586397,16.79049,0,0,0,0,0,0,0,0,0,1,0,0,0.363697,False,True,False,0.02084215,0.9798312,0.245348,1.010297,0.5262394,-0.5749563,0.1929423,0.596046,106.8255,0.6553822,-0.7160546,0.2402916,0.02915785,0.02016884,0.05465205,0.06514452,-0.07740224,0.3864209,0.7963918,0.4587463,125.3875,-0.08710902,0.4348807,0.8962649,0.01130123,1.100622,-0.03398129,1.101205,0.03535084,0.03243485,-0.006223237,0.9988291,5.545811,0.7307299,0.6704541,-0.1286393,False
1773055714287,5.027554,0.05625676,0.8729178,0.1782847,0.8927126,0.175528,-0.2902175,-0.9296035,0.1442262,163.4151,0.1773826,-0.2932838,-0.9394254,0.03728621,0.9950999,0.2203985,1.019897,0.002507038,0.9985545,0.2537298,1.030289,-0.006596223,0.99575,0.2178538,1.019324,-0.04069671,-0.07925596,0.1058756,0.138374,-0.01757764,-0.06743266,0.1499587,0.1653594,0.001391026,-0.08912008,0.1231991,0.1520603,-0.04666492,-0.07785516,0.1043654,0.1383155,-0.01715031,-0.05697273,0.1586521,0.1694417,0.005433422,-0.08331662,0.1357091,0.1593365,-0.02586149,-0.07331148,0.1271266,0.1490119,-0.128381,0.4762271,-0.3127582,0.8117317,71.46905,-0.219819,0.8154148,-0.535517,12.33566,-0.007484565,-0.03609122,0.09995876,0.106538,0.8954269,0.2563658,0.2377442,0.2756179,148.0023,0.9315065,0.2666956,0.2473237,1.299995,False,True,False,-0.1042302,0.5915281,0.1266773,0.6138538,-0.09732012,-0.2268031,-0.3170002,-0.9157511,312.6252,-0.2422429,-0.5645434,-0.789056,0.01392487,0.5829278,0.1822779,0.6109206,0.009138562,0.5428966,0.2170984,0.5847666,-0.036971,0.555213,0.1708286,0.5820745,0.06061044,-0.05528422,0.1117557,0.1386337,0.01754102,-0.07376623,0.1431911,0.1620273,0.00902459,-0.05316998,0.07639259,0.09351106,0.0605805,-0.05525092,0.1117611,0.1386117,0.01752852,-0.0737648,0.1431732,0.1620094,0.009006115,-0.0533254,0.07646191,0.09365433,0.02583377,-0.06074436,0.108525,0.1270234,-0.8712391,-0.1523577,0.4563211,0.09747206,168.8128,-0.8754076,-0.1530867,0.4585044,16.79783,0,0,0,0,0,0,0,0,0,1,0,0,0.3638845,False,True,False,0.02084215,0.9798312,0.245348,1.010297,0.5262394,-0.5749563,0.1929423,0.596046,106.8255,0.6553822,-0.7160546,0.2402916,0.02915785,0.02016884,0.05465205,0.06514452,-0.07740224,0.3864209,0.7963918,0.4587463,125.3875,-0.08710902,0.4348807,0.8962649,0.01127986,1.100638,-0.0341436,1.101225,0.03504761,0.03240306,-0.006278999,0.9988405,5.51892,0.7279931,0.6730617,-0.1304245,False
1773055714301,5.041459,0.05633156,0.872829,0.1783405,0.8926415,0.175432,-0.2902967,-0.92963,0.1440117,163.4399,0.17728,-0.2933546,-0.9394226,0.03647185,0.9947115,0.2207016,1.019554,0.002961524,0.998706,0.2527346,1.030193,-0.005136862,0.9951591,0.2161679,1.018379,-0.03973699,-0.07900099,0.1063359,0.1383022,-0.01769048,-0.06820307,0.1490792,0.1648915,0.0007895597,-0.08952313,0.1209329,0.1504652,-0.04512318,-0.07810237,0.1047799,0.1382567,-0.01726308,-0.05955231,0.1565462,0.1683782,0.004441401,-0.08471327,0.1323189,0.1571762,-0.02481224,-0.07431503,0.1266522,0.1489266,-0.114495,0.4956635,-0.3029699,0.8058646,72.61232,-0.1933711,0.8371283,-0.5116872,11.38027,-0.007484565,-0.03609122,0.09995876,0.106538,0.8954269,0.2563658,0.2377442,0.2756179,148.0023,0.9315065,0.2666956,0.2473237,1.299979,False,True,False,-0.1042283,0.5913794,0.1266311,0.6137007,-0.09703679,-0.2270989,-0.3170006,-0.9157076,312.6129,-0.2414782,-0.5651406,-0.788863,0.01395727,0.5828074,0.1821845,0.6107786,0.009188674,0.5428389,0.2170461,0.5846943,-0.03697103,0.5551475,0.1707835,0.5819988,0.06059527,-0.0553209,0.1117532,0.1386397,0.01754455,-0.07376415,0.1431956,0.1620307,0.009029582,-0.05312308,0.07637913,0.09347388,0.06058357,-0.05526547,0.1117594,0.1386175,0.01753185,-0.07376467,0.1431778,0.1620138,0.009010989,-0.0532833,0.0764447,0.09361678,0.02582995,-0.06073214,0.1085163,0.1270093,-0.8713254,-0.1521374,0.4561519,0.09783472,168.771,-0.8755257,-0.1528708,0.4583508,16.80293,0,0,0,0,0,0,0,0,0,1,0,0,0.3640511,False,True,False,0.02084215,0.9798312,0.245348,1.010297,0.5262394,-0.5749563,0.1929423,0.596046,106.8255,0.6553822,-0.7160546,0.2402916,0.02915785,0.02016884,0.05465205,0.06514452,-0.07740224,0.3864209,0.7963918,0.4587463,125.3875,-0.08710902,0.4348807,0.8962649,0.01111419,1.100702,-0.03429252,1.101292,0.03496601,0.0322351,-0.006281603,0.9988488,5.499022,0.7289179,0.6719881,-0.1309492,False
1773055714315,5.055641,0.056408,0.8727369,0.1784,0.8925682,0.175332,-0.290403,-0.929651,0.1437841,163.4662,0.177173,-0.2934523,-0.9394124,0.03542218,0.9942946,0.2208772,1.019148,0.003535863,0.9989068,0.2511379,1.029999,-0.003289662,0.9942726,0.2138886,1.017024,-0.0385053,-0.07884219,0.1067835,0.1382081,-0.01777691,-0.06936728,0.1476868,0.1641317,9.102761E-05,-0.08998171,0.1178662,0.1482874,-0.0436269,-0.07826407,0.1052083,0.1381932,-0.01737203,-0.06184293,0.1545601,0.1673773,0.003495821,-0.08591519,0.1289361,0.1549779,-0.02375383,-0.07519131,0.1262192,0.1488263,-0.1000029,0.5171651,-0.2930446,0.7979125,74.13754,-0.1659048,0.8579764,-0.4861608,10.53279,-0.007484565,-0.03609122,0.09995876,0.106538,0.8954269,0.2563658,0.2377442,0.2756179,148.0023,0.9315065,0.2666956,0.2473237,1.299963,False,True,False,-0.1042254,0.5912285,0.1265796,0.6135442,-0.0967565,-0.2273763,-0.3170012,-0.9156683,312.6017,-0.2407269,-0.5657044,-0.7886883,0.01398863,0.5826779,0.1820893,0.6106273,0.009236306,0.5427767,0.2169914,0.5846171,-0.03697187,0.5550791,0.1707356,0.5819196,0.06057676,-0.05536176,0.1117505,0.1386458,0.0175481,-0.07376183,0.1432001,0.162034,0.009034595,-0.05307531,0.07636647,0.09343687,0.06058213,-0.05528579,0.1117576,0.1386235,0.01753528,-0.07376407,0.1431825,0.1620181,0.009015969,-0.05323934,0.07642818,0.09357875,0.02582354,-0.06072066,0.1085071,0.1269947,-0.8714275,-0.1518626,0.4559626,0.09823471,168.7249,-0.8756629,-0.1526007,0.4581787,16.80594,0,0,0,0,0,0,0,0,0,1,0,0,0.3641728,False,True,False,0.02084215,0.9798312,0.245348,1.010297,0.5262394,-0.5749563,0.1929423,0.596046,106.8255,0.6553822,-0.7160546,0.2402916,0.02915785,0.02016884,0.05465205,0.06514452,-0.07740224,0.3864209,0.7963918,0.4587463,125.3875,-0.08710902,0.4348807,0.8962649,0.01097337,1.100746,-0.03445181,1.10134,0.03469259,0.03207067,-0.006237703,0.9988639,5.46288,0.7280048,0.6729852,-0.1308947,False
1773055714329,5.06945,0.05650489,0.872696,0.1785225,0.8925589,0.1754015,-0.2904567,-0.9296558,0.1435601,163.4922,0.1772374,-0.2934968,-0.9393862,0.03480669,0.9938284,0.2218135,1.018876,0.004036397,0.9990948,0.2508305,1.030108,-0.003061786,0.9943103,0.2140337,1.01709,-0.03783465,-0.07809772,0.1075516,0.1381957,-0.01810636,-0.06973609,0.1472938,0.1639708,-2.833908E-05,-0.08998735,0.1178862,0.1483067,-0.04234409,-0.07822857,0.1056996,0.1381489,-0.01752455,-0.06364647,0.1529613,0.1665988,0.002744863,-0.08682318,0.1263975,0.1533693,-0.02286301,-0.07587191,0.1259156,0.148775,-0.08599824,0.5357893,-0.2860513,0.7897524,75.67525,-0.1401934,0.8734378,-0.4663177,9.842701,-0.007484565,-0.03609122,0.09995876,0.106538,0.8954269,0.2563658,0.2377442,0.2756179,148.0023,0.9315065,0.2666956,0.2473237,1.299304,False,True,False,-0.104176,0.5911411,0.1265893,0.6134536,-0.09660301,-0.2276049,-0.3168766,-0.9156709,312.6024,-0.2403485,-0.5662814,-0.7883897,0.01406502,0.5825672,0.1820492,0.6105114,0.009313107,0.5427216,0.2169847,0.5845647,-0.03693458,0.5550374,0.1707395,0.5818786,0.06056415,-0.05540148,0.1117441,0.1386509,0.01755094,-0.07376169,0.1432004,0.1620345,0.009038853,-0.05303559,0.07635363,0.09340424,0.06057841,-0.05530969,0.1117548,0.1386291,0.01753852,-0.07376358,0.1431862,0.1620215,0.009020696,-0.05319717,0.07641277,0.09354263,0.02581614,-0.06071087,0.1084977,0.1269805,-0.8715317,-0.1515614,0.4557765,0.09863834,168.6785,-0.8758026,-0.1523041,0.45801,16.80747,0,0,0,0,0,0,0,0,0,1,0,0,0.3639909,False,True,False,0.02084215,0.9798312,0.245348,1.010297,0.5262394,-0.5749563,0.1929423,0.596046,106.8255,0.6553822,-0.7160546,0.2402916,0.02915785,0.02016884,0.05465205,0.06514452,-0.07740224,0.3864209,0.7963918,0.4587463,125.3875,-0.08710902,0.4348807,0.8962649,0.0108966,1.100833,-0.03464429,1.101432,0.03411404,0.03212051,-0.006433981,0.9988809,5.421733,0.7212894,0.6791393,-0.1360367,False
1773055714343,5.083112,0.05660436,0.8726556,0.1786518,0.8925516,0.175488,-0.2905261,-0.9296539,0.1433258,163.5193,0.1773187,-0.2935569,-0.9393522,0.03402834,0.9933767,0.2225054,1.01856,0.004584603,0.9993053,0.2500732,1.03013,-0.002787486,0.9943435,0.2141455,1.017146,-0.0369491,-0.07754647,0.108196,0.1381487,-0.01837126,-0.07039583,0.1465229,0.163591,-0.0001779154,-0.0900014,0.1178556,0.148291,-0.04115967,-0.07808468,0.1062191,0.1381081,-0.01769899,-0.06517347,0.151555,0.1659209,0.002127076,-0.08752391,0.1244523,0.1521622,-0.02208485,-0.07645253,0.1256442,0.1487252,-0.07222996,0.5518101,-0.2808751,0.7819192,77.12673,-0.1158683,0.885191,-0.4505683,9.225226,-0.007484565,-0.03609122,0.09995876,0.106538,0.8954269,0.2563658,0.2377442,0.2756179,148.0023,0.9315065,0.2666956,0.2473237,1.293554,False,True,False,-0.1041231,0.5910555,0.1265981,0.6133639,-0.09645161,-0.2278304,-0.3167373,-0.915679,312.6047,-0.2399829,-0.5668686,-0.7880794,0.01414464,0.5824509,0.1820081,0.6103901,0.009391442,0.5426646,0.2169773,0.5845103,-0.03689466,0.5549951,0.1707433,0.5818368,0.06054951,-0.05544449,0.1117372,0.1386562,0.01755364,-0.07376178,0.1432003,0.1620347,0.009042957,-0.05299625,0.07634144,0.09337233,0.06057249,-0.0553373,0.1117512,0.1386347,0.01754161,-0.07376321,0.1431891,0.1620242,0.009025256,-0.05315594,0.07639815,0.09350768,0.02580767,-0.06070247,0.1084879,0.1269664,-0.8716397,-0.151231,0.4555897,0.09905235,168.6308,-0.8759475,-0.1519784,0.4578413,16.80767,0,0,0,0,0,0,0,0,0,1,0,0,0.3638423,False,True,False,0.02084215,0.9798312,0.245348,1.010297,0.5262394,-0.5749563,0.1929423,0.596046,106.8255,0.6553822,-0.7160546,0.2402916,0.02915785,0.02016884,0.05465205,0.06514452,-0.07740224,0.3864209,0.7963918,0.4587463,125.3875,-0.08710902,0.4348807,0.8962649,0.01088338,1.100953,-0.03481467,1.101557,0.03351278,0.03195298,-0.006197926,0.9989082,5.35533,0.7173563,0.6839681,-0.1326694,False
1773055714357,5.09729,0.0567296,0.8724974,0.1788713,0.8924488,0.1753082,-0.2906694,-0.9296666,0.143172,163.5371,0.1771331,-0.2936951,-0.939344,0.03370718,0.9925517,0.2243826,1.018156,0.004885405,0.9994247,0.250742,1.03041,-0.002779171,0.994499,0.2147279,1.01742,-0.03662963,-0.07600555,0.1094321,0.1381809,-0.01868372,-0.0702806,0.1469842,0.1639903,-0.0002149287,-0.09002643,0.1183885,0.1487301,-0.04013734,-0.07763506,0.106909,0.138086,-0.01790801,-0.06635876,0.1505282,0.1654778,0.001617537,-0.08808985,0.1230353,0.1513279,-0.0213956,-0.07683301,0.125577,0.1487638,-0.05683199,0.5668795,-0.2781449,0.773339,78.69063,-0.08964141,0.8941421,-0.4387194,8.719692,-0.007484565,-0.03609122,0.09995876,0.106538,0.8954269,0.2563658,0.2377442,0.2756179,148.0023,0.9315065,0.2666956,0.2473237,1.243566,False,True,False,-0.1041471,0.5909727,0.1265977,0.6132881,-0.09644583,-0.2279581,-0.3166822,-0.9156668,312.6012,-0.2399519,-0.5671472,-0.7878881,0.01414458,0.582372,0.1819684,0.610303,0.009382449,0.5425747,0.2169248,0.5844072,-0.03692961,0.554937,0.1707247,0.5817782,0.06056537,-0.05544997,0.1117321,0.1386612,0.01755533,-0.07377783,0.143171,0.1620163,0.009046804,-0.05296726,0.07632535,0.0933431,0.06057099,-0.05536106,0.1117472,0.1386402,0.01754451,-0.0737663,0.1431853,0.1620225,0.009029801,-0.05311606,0.07638278,0.0934729,0.02580252,-0.06069423,0.1084752,0.1269505,-0.8717268,-0.150974,0.4554194,0.09946103,168.5837,-0.8760709,-0.1517263,0.4576889,16.80861,0,0,0,0,0,0,0,0,0,1,0,0,0.3632827,False,True,False,0.02084215,0.9798312,0.245348,1.010297,0.5262394,-0.5749563,0.1929423,0.596046,106.8255,0.6553822,-0.7160546,0.2402916,0.02915785,0.02016884,0.05465205,0.06514452,-0.07740224,0.3864209,0.7963918,0.4587463,125.3875,-0.08710902,0.4348807,0.8962649,0.01086331,1.101116,-0.03496882,1.101725,0.03306038,0.03193016,-0.006161792,0.9989242,5.315856,0.7129195,0.6885473,-0.1328739,False
1773055714370,5.110868,0.05691329,0.8722615,0.1792005,0.892296,0.1751076,-0.2908351,-0.9296761,0.1430204,163.5547,0.1769265,-0.293856,-0.9393325,0.0332193,0.9917006,0.2258934,1.017645,0.005356789,0.9994903,0.2509654,1.03053,-0.002619114,0.9945475,0.2153485,1.017599,-0.0359903,-0.0748393,0.1104078,0.1381525,-0.01896464,-0.07050736,0.1469606,0.1640986,-0.000307598,-0.09005098,0.1188111,0.1490817,-0.03923354,-0.0770534,0.1076366,0.1380657,-0.01812488,-0.06728685,0.1497544,0.1651739,0.00121289,-0.08851723,0.1220842,0.1508023,-0.02080544,-0.07709447,0.1255963,0.1488316,-0.04121293,0.5794796,-0.2769499,0.7653782,80.11869,-0.06403693,0.9003992,-0.4303265,8.293069,-0.007484565,-0.03609122,0.09995876,0.106538,0.8954269,0.2563658,0.2377442,0.2756179,148.0023,0.9315065,0.2666956,0.2473237,1.172627,False,True,False,-0.1041732,0.5908915,0.1265962,0.613214,-0.09646059,-0.2280705,-0.3166263,-0.9156566,312.5983,-0.2399748,-0.5673941,-0.7877033,0.01414187,0.5822938,0.1819287,0.6102164,0.009368323,0.5424789,0.2168664,0.5842962,-0.03696705,0.5548761,0.1707037,0.5817163,0.06058381,-0.05545297,0.1117269,0.1386662,0.0175568,-0.07379612,0.1431373,0.161995,0.009050498,-0.05293997,0.0763092,0.09331477,0.0605736,-0.05537979,0.111743,0.1386455,0.01754701,-0.07377238,0.1431755,0.1620169,0.00903402,-0.0530801,0.07636777,0.0934406,0.02580073,-0.06068671,0.1084606,0.1269341,-0.8717889,-0.1508014,0.4552751,0.09983808,168.5403,-0.8761665,-0.1515586,0.4575612,16.81014,0,0,0,0,0,0,0,0,0,1,0,0,0.3628567,False,True,False,0.02084215,0.9798312,0.245348,1.010297,0.5262394,-0.5749563,0.1929423,0.596046,106.8255,0.6553822,-0.7160546,0.2402916,0.02915785,0.02016884,0.05465205,0.06514452,-0.07740224,0.3864209,0.7963918,0.4587463,125.3875,-0.08710902,0.4348807,0.8962649,0.01085902,1.101244,-0.03512542,1.101858,0.03242823,0.03147111,-0.006284707,0.9989587,5.229881,0.7107774,0.689799,-0.1377512,False
1773055714384,5.124958,0.05711906,0.87207,0.1795213,0.8921863,0.1746643,-0.2909519,-0.9297302,0.1429724,163.5602,0.1764773,-0.293972,-0.9393809,0.03347934,0.9912444,0.226952,1.017445,0.005555786,0.9995289,0.2521432,1.030856,-0.002529621,0.9946747,0.2160563,1.017873,-0.03604238,-0.07413118,0.1108865,0.1381676,-0.01914788,-0.07014982,0.1478045,0.1647234,-0.0003301161,-0.09008647,0.1193498,0.1495328,-0.03851942,-0.07643031,0.1083334,0.1380633,-0.01834116,-0.06794286,0.1493204,0.1650734,0.0008793413,-0.08886785,0.121454,0.150497,-0.02034145,-0.07724877,0.1257347,0.1489643,-0.02623924,0.5898925,-0.2769154,0.7580608,81.41292,-0.04023289,0.904488,-0.4245971,7.986233,-0.007484565,-0.03609122,0.09995876,0.106538,0.8954269,0.2563658,0.2377442,0.2756179,148.0023,0.9315065,0.2666956,0.2473237,1.089376,False,True,False,-0.1041893,0.5909312,0.1265995,0.6132557,-0.09647848,-0.2280562,-0.3166213,-0.91566,312.5993,-0.2400239,-0.5673693,-0.787706,0.01413405,0.5823375,0.1819237,0.6102565,0.009342939,0.5425013,0.2168397,0.5843068,-0.03699535,0.5549237,0.1706994,0.5817622,0.06060022,-0.05545437,0.1117222,0.1386702,0.01755569,-0.07381176,0.1431064,0.1619748,0.009052759,-0.05292726,0.07629656,0.09329744,0.06057919,-0.05539544,0.1117387,0.1386507,0.01754883,-0.07378064,0.143161,0.1620081,0.009037953,-0.05304796,0.07635281,0.09341051,0.02580133,-0.06068024,0.1084444,0.1269173,-0.8718336,-0.1506867,0.455151,0.1001866,168.5002,-0.8762422,-0.1514487,0.4574526,16.81204,0,0,0,0,0,0,0,0,0,1,0,0,0.36182,False,True,False,0.02084215,0.9798312,0.245348,1.010297,0.5262394,-0.5749563,0.1929423,0.596046,106.8255,0.6553822,-0.7160546,0.2402916,0.02915785,0.02016884,0.05465205,0.06514452,-0.07740224,0.3864209,0.7963918,0.4587463,125.3875,-0.08710902,0.4348807,0.8962649,0.0108199,1.10137,-0.03527709,1.101988,0.03185275,0.03148111,-0.006377368,0.9989763,5.18553,0.7041373,0.6959217,-0.1409782,False
1773055714399,5.138886,0.05732961,0.8718737,0.1798539,0.892075,0.1737754,-0.2911817,-0.9298336,0.1429155,163.5668,0.1755777,-0.2942017,-0.9394774,0.03373387,0.9907984,0.2279398,1.017239,0.005976789,0.9995859,0.2528899,1.031097,-0.002264492,0.9947624,0.216672,1.018088,-0.0359896,-0.07347296,0.111346,0.1381719,-0.01932011,-0.0700372,0.148227,0.1650749,-0.0003926823,-0.09012127,0.1197177,0.1498476,-0.03795978,-0.07580799,0.1089744,0.1380696,-0.01854634,-0.06841625,0.1490801,0.1650746,0.0006071308,-0.08914441,0.1210596,0.1503413,-0.01998474,-0.07733649,0.1259131,0.1491121,-0.01238967,0.5982197,-0.2774769,0.7516557,82.53199,-0.01878488,0.9070041,-0.4207028,7.757656,-0.007484565,-0.03609122,0.09995876,0.106538,0.8954269,0.2563658,0.2377442,0.2756179,148.0023,0.9315065,0.2666956,0.2473237,1.017342,False,True,False,-0.1042064,0.5909808,0.1266022,0.6133069,-0.0965132,-0.2280118,-0.3166227,-0.9156669,312.6012,-0.2401197,-0.5672814,-0.7877406,0.0141226,0.5823904,0.1819231,0.6103066,0.009311169,0.5425273,0.2168124,0.5843203,-0.03702503,0.5549759,0.1706949,0.5818126,0.0606184,-0.05545352,0.1117174,0.1386739,0.01755414,-0.0738287,0.1430725,0.1619524,0.009054741,-0.05291805,0.07628433,0.0932824,0.06058735,-0.05540752,0.1117342,0.1386555,0.01754994,-0.07379064,0.1431426,0.1619965,0.009041444,-0.05302089,0.07633856,0.09338382,0.02580419,-0.06067508,0.1084274,0.1269008,-0.8718598,-0.1506322,0.4550511,0.100493,168.4649,-0.8762959,-0.1513986,0.4573664,16.81419,0,0,0,0,0,0,0,0,0,1,0,0,0.3608983,False,True,False,0.02084215,0.9798312,0.245348,1.010297,0.5262394,-0.5749563,0.1929423,0.596046,106.8255,0.6553822,-0.7160546,0.2402916,0.02915785,0.02016884,0.05465205,0.06514452,-0.07740224,0.3864209,0.7963918,0.4587463,125.3875,-0.08710902,0.4348807,0.8962649,0.01078983,1.10149,-0.03542724,1.102112,0.03162307,0.03136489,-0.006319943,0.9989876,5.15661,0.7029715,0.6972324,-0.1404905,False
1773055714412,5.152587,0.05754118,0.8716763,0.180192,0.891964,0.172495,-0.2915071,-0.9299757,0.1428788,163.5711,0.1742831,-0.2945289,-0.939616,0.03390511,0.9903268,0.2288914,1.016999,0.006558992,0.9996867,0.2533118,1.031302,-0.001797315,0.9947952,0.2170722,1.018205,-0.03577072,-0.07282058,0.1118245,0.1381561,-0.01948531,-0.07012968,0.1483529,0.1652466,-0.0005041325,-0.09020957,0.119795,0.1499629,-0.03748301,-0.07518993,0.1095735,0.1380755,-0.01874065,-0.06879681,0.1489229,0.1651128,0.000372668,-0.0893756,0.1207775,0.1502509,-0.01968564,-0.07739413,0.1260904,0.149252,0.0008989844,0.6053595,-0.2781939,0.7457528,83.5524,0.001349375,0.9086443,-0.4175689,7.569724,-0.007484565,-0.03609122,0.09995876,0.106538,0.8954269,0.2563658,0.2377442,0.2756179,148.0023,0.9315065,0.2666956,0.2473237,0.9767007,False,True,False,-0.1042244,0.5910397,0.1266042,0.6133671,-0.09656419,-0.2279383,-0.3166303,-0.9156772,312.6042,-0.2402605,-0.5671313,-0.7878051,0.01410772,0.582452,0.1819269,0.6103661,0.009273157,0.5425565,0.2167844,0.5843363,-0.03705601,0.5550322,0.1706905,0.5818669,0.06063828,-0.05545055,0.1117125,0.1386775,0.01755205,-0.07384698,0.1430356,0.1619279,0.009056485,-0.05291222,0.07627249,0.09326958,0.06059781,-0.05541636,0.1117298,0.1386601,0.01755037,-0.0738022,0.1431206,0.1619824,0.009044532,-0.05299854,0.07632498,0.09336033,0.0258091,-0.06067115,0.1084096,0.1268847,-0.8718693,-0.1506326,0.4549738,0.1007601,168.4341,-0.8763292,-0.1514031,0.4573011,16.81653,0,0,0,0,0,0,0,0,0,1,0,0,0.3600788,False,True,False,0.02084215,0.9798312,0.245348,1.010297,0.5262394,-0.5749563,0.1929423,0.596046,106.8255,0.6553822,-0.7160546,0.2402916,0.02915785,0.02016884,0.05465205,0.06514452,-0.07740224,0.3864209,0.7963918,0.4587463,125.3875,-0.08710902,0.4348807,0.8962649,0.01076128,1.101589,-0.03559452,1.102216,0.031317,0.03139608,-0.006352982,0.9989961,5.135158,0.699077,0.7008421,-0.1418151,False
1773055714425,5.166492,0.05775167,0.8714797,0.1805321,0.8918543,0.1709263,-0.2918997,-0.9301419,0.1428806,163.5709,0.1726982,-0.2949256,-0.9397842,0.0340196,0.989836,0.2298176,1.016734,0.007233579,0.9998204,0.2535605,1.031497,-0.001173031,0.9947772,0.2172609,1.018227,-0.03543874,-0.07216766,0.1123136,0.1381247,-0.01964591,-0.07033458,0.1483263,0.1653287,-0.0006514752,-0.09035853,0.1196066,0.1499027,-0.03703377,-0.07455957,0.1101568,0.1380766,-0.01893024,-0.06914074,0.1487928,0.1651608,0.0001542993,-0.08959071,0.1205146,0.1501676,-0.01940429,-0.07744485,0.1262519,0.1493779,0.01447519,0.6121895,-0.2788517,0.7397677,84.57674,0.02151286,0.9098288,-0.4144261,7.400424,-0.007484565,-0.03609122,0.09995876,0.106538,0.8954269,0.2563658,0.2377442,0.2756179,148.0023,0.9315065,0.2666956,0.2473237,0.9530797,False,True,False,-0.1042431,0.5911075,0.1266055,0.6134359,-0.09663084,-0.2278369,-0.3166439,-0.9156907,312.608,-0.2404448,-0.5669225,-0.7878992,0.0140895,0.5825219,0.1819349,0.6104348,0.00922922,0.5425886,0.2167559,0.5843549,-0.03708822,0.5550925,0.1706862,0.5819252,0.06065978,-0.05544542,0.1117075,0.1386809,0.01754942,-0.07386654,0.1429959,0.1619014,0.009057882,-0.05290964,0.07626116,0.093259,0.06061069,-0.0554224,0.1117252,0.1386644,0.01755017,-0.07381557,0.1430947,0.1619655,0.009047305,-0.05298004,0.07631171,0.09333926,0.02581606,-0.0606683,0.1083906,0.1268685,-0.8718632,-0.1506847,0.4549155,0.1009977,168.4067,-0.8763443,-0.1514592,0.4572535,16.81912,0,0,0,0,0,0,0,0,0,1,0,0,0.3605741,False,True,False,0.02084215,0.9798312,0.245348,1.010297,0.5262394,-0.5749563,0.1929423,0.596046,106.8255,0.6553822,-0.7160546,0.2402916,0.02915785,0.02016884,0.05465205,0.06514452,-0.07740224,0.3864209,0.7963918,0.4587463,125.3875,-0.08710902,0.4348807,0.8962649,0.01073695,1.101651,-0.03577297,1.102284,0.0310036,0.0313838,-0.005998493,0.9990084,5.103345,0.6963862,0.704926,-0.1347349,False
1773055714440,5.180441,0.05788819,0.8714567,0.1808986,0.8919149,0.1687934,-0.292334,-0.9304107,0.1427781,163.5827,0.1705406,-0.29536,-0.9400418,0.03387293,0.9897701,0.2300106,1.016709,0.00779523,1.000084,0.2545831,1.032008,-0.0005967803,0.9948969,0.2175228,1.018399,-0.03471339,-0.07224247,0.1124235,0.1380689,-0.01977256,-0.07005362,0.1489218,0.1657593,-0.0006954539,-0.09045585,0.1194196,0.1498125,-0.03652377,-0.07407639,0.1106405,0.1380675,-0.01910711,-0.06934441,0.1488209,0.1652918,-2.709788E-05,-0.08977988,0.1202694,0.1500839,-0.01911089,-0.07747044,0.1264927,0.149557,0.02637657,0.6176886,-0.2795646,0.7345808,85.45641,0.03887359,0.9103451,-0.4120203,7.276258,-0.007484565,-0.03609122,0.09995876,0.106538,0.8954269,0.2563658,0.2377442,0.2756179,148.0023,0.9315065,0.2666956,0.2473237,0.8513445,False,True,False,-0.104299,0.5911075,0.1265634,0.6134368,-0.09657341,-0.2278168,-0.3165686,-0.9157279,312.6186,-0.2403525,-0.5669918,-0.7878778,0.01403467,0.5825105,0.1818944,0.6104106,0.009152099,0.542572,0.2166947,0.5843156,-0.03715088,0.555084,0.1706459,0.5819093,0.06066614,-0.05545386,0.111703,0.1386833,0.01754807,-0.07388446,0.1429606,0.1618783,0.009058726,-0.05291742,0.07625457,0.0932581,0.06062224,-0.05542895,0.1117205,0.1386683,0.01754973,-0.07382992,0.1430668,0.1619474,0.009049684,-0.05296698,0.07629981,0.09332234,0.02582303,-0.06066792,0.1083714,0.1268534,-0.8718522,-0.1507552,0.4548677,0.1012027,168.3831,-0.8763516,-0.1515332,0.4572151,16.82044,0,0,0,0,0,0,0,0,0,1,0,0,0.3610135,False,True,False,0.02084215,0.9798312,0.245348,1.010297,0.5262394,-0.5749563,0.1929423,0.596046,106.8255,0.6553822,-0.7160546,0.2402916,0.02915785,0.02016884,0.05465205,0.06514452,-0.07740224,0.3864209,0.7963918,0.4587463,125.3875,-0.08710902,0.4348807,0.8962649,0.01051424,1.101665,-0.03582341,1.102298,0.03112396,0.03166873,-0.006233168,0.9989943,5.139729,0.6941494,0.7062994,-0.1390167,False
1773055714453,5.194201,0.05807874,0.8714416,0.1811732,0.8919683,0.1667955,-0.2922711,-0.9305973,0.1440333,163.4374,0.1685531,-0.2953508,-0.940403,0.03353055,0.9896358,0.2301464,1.016598,0.008194134,1.000113,0.2551289,1.032174,-0.0003453195,0.9948524,0.2179281,1.018442,-0.03403154,-0.07234475,0.1124868,0.1380043,-0.0198435,-0.06999722,0.1490544,0.1658631,-0.000722613,-0.09048171,0.1193774,0.1497947,-0.03598279,-0.07371967,0.1110303,0.1380474,-0.01926009,-0.06948785,0.148871,0.1654149,-0.0001737957,-0.08993123,0.1200728,0.1500171,-0.01882746,-0.07749563,0.1267291,0.1497342,0.03659672,0.6217455,-0.2802307,0.7304547,86.15096,0.05358536,0.9103673,-0.4103172,7.163368,-0.007484565,-0.03609122,0.09995876,0.106538,0.8954269,0.2563658,0.2377442,0.2756179,148.0023,0.9315065,0.2666956,0.2473237,0.77424,False,True,False,-0.1042611,0.5910014,0.1265605,0.6133274,-0.09643332,-0.2277715,-0.3165939,-0.9157451,312.6235,-0.2400273,-0.5669344,-0.788018,0.01407287,0.5824272,0.1818985,0.6103331,0.009167545,0.5424837,0.2167014,0.5842363,-0.03711545,0.5549881,0.1706535,0.5818179,0.06067956,-0.05546517,0.1116924,0.1386852,0.01754073,-0.07389627,0.1429355,0.1618607,0.009060574,-0.0529267,0.07624685,0.09325723,0.06063405,-0.05543641,0.1117147,0.1386718,0.01754788,-0.07384359,0.1430397,0.1619295,0.009051927,-0.05295867,0.07628889,0.09330892,0.02583027,-0.0606696,0.1083535,0.1268404,-0.8718361,-0.150813,0.4548421,0.1013706,168.3638,-0.8763505,-0.1515939,0.4571973,16.82179,0,0,0,0,0,0,0,0,0,1,0,0,0.3608891,False,True,False,0.02084215,0.9798312,0.245348,1.010297,0.5262394,-0.5749563,0.1929423,0.596046,106.8255,0.6553822,-0.7160546,0.2402916,0.02915785,0.02016884,0.05465205,0.06514452,-0.07740224,0.3864209,0.7963918,0.4587463,125.3875,-0.08710902,0.4348807,0.8962649,0.01043848,1.101707,-0.03593433,1.102342,0.03089035,0.03185771,-0.006144437,0.9989961,5.135158,0.6895531,0.7111471,-0.1371598,False
1773055714469,5.208886,0.05826733,0.8714289,0.1814435,0.8920231,0.1646322,-0.2921664,-0.9307854,0.1455118,163.2662,0.1664033,-0.2953095,-0.9407988,0.03316377,0.9894866,0.2302895,1.016473,0.008591972,1.000144,0.2557266,1.032356,-0.0001135245,0.9947898,0.218339,1.018469,-0.03334184,-0.07243986,0.1125467,0.1379346,-0.01993662,-0.06992406,0.1492229,0.1659949,-0.0007520018,-0.09051079,0.1193222,0.1497684,-0.03538086,-0.0734418,0.111367,0.1380149,-0.01940802,-0.06958818,0.1489501,0.1655455,-0.000301954,-0.09006231,0.1198995,0.1499574,-0.01853652,-0.07751764,0.1269856,0.1499264,0.04614814,0.6249211,-0.2809134,0.7269331,86.74021,0.06720194,0.9100241,-0.4090723,7.053725,-0.007484565,-0.03609122,0.09995876,0.106538,0.8954269,0.2563658,0.2377442,0.2756179,148.0023,0.9315065,0.2666956,0.2473237,0.7209357,False,True,False,-0.1042191,0.5908917,0.1265579,0.6132141,-0.09628238,-0.2277103,-0.3166295,-0.915764,312.6289,-0.2396773,-0.5668429,-0.7881908,0.01411339,0.5823432,0.1819064,0.6102563,0.00918375,0.542394,0.2167134,0.5841578,-0.03707495,0.5548877,0.1706637,0.5817224,0.0606937,-0.05547675,0.1116808,0.1386867,0.01753229,-0.07390797,0.1429102,0.1618428,0.009062341,-0.05293937,0.07623977,0.09325881,0.060647,-0.05544516,0.1117074,0.138675,0.0175445,-0.07385755,0.1430116,0.1619107,0.009054186,-0.05295448,0.07627823,0.09329804,0.02583833,-0.06067339,0.1083356,0.1268286,-0.8718136,-0.1508633,0.4548368,0.101513,168.3474,-0.8763406,-0.1516467,0.4571986,16.82331,0,0,0,0,0,0,0,0,0,1,0,0,0.3607205,False,True,False,0.02084215,0.9798312,0.245348,1.010297,0.5262394,-0.5749563,0.1929423,0.596046,106.8255,0.6553822,-0.7160546,0.2402916,0.02915785,0.02016884,0.05465205,0.06514452,-0.07740224,0.3864209,0.7963918,0.4587463,125.3875,-0.08710902,0.4348807,0.8962649,0.01041181,1.101737,-0.03607549,1.102376,0.03051914,0.03222032,-0.006238144,0.9989952,5.137291,0.6809836,0.7189426,-0.1391937,False
1773055714482,5.222008,0.05845907,0.8714181,0.1817171,0.8920807,0.1623652,-0.2920214,-0.9309678,0.1471732,163.0737,0.1641527,-0.2952363,-0.941217,0.03277833,0.9893239,0.2304452,1.016337,0.008982953,1.000178,0.2564079,1.032561,0.000130564,0.994693,0.2186981,1.018451,-0.03264782,-0.07253117,0.1126014,0.1378613,-0.02005309,-0.06981879,0.1494539,0.1661724,-0.0007896465,-0.09056127,0.1191849,0.1496897,-0.03481107,-0.0732608,0.1116177,0.1379763,-0.01953705,-0.06963655,0.1490535,0.1656741,-0.0004007572,-0.09016535,0.119749,0.1498992,-0.01827865,-0.07753097,0.1272326,0.1501109,0.05399951,0.6271719,-0.2815182,0.7242148,87.19286,0.07830846,0.9095057,-0.4082492,6.964411,-0.007484565,-0.03609122,0.09995876,0.106538,0.8954269,0.2563658,0.2377442,0.2756179,148.0023,0.9315065,0.2666956,0.2473237,0.7060463,False,True,False,-0.1041732,0.5907788,0.1265557,0.613097,-0.09612088,-0.2276337,-0.3166748,-0.9157842,312.6347,-0.2393028,-0.5667175,-0.7883943,0.01415608,0.5822588,0.1819181,0.6101802,0.009200469,0.5423031,0.2167304,0.58408,-0.0370298,0.554783,0.1706764,0.5816234,0.06070862,-0.05548845,0.1116684,0.1386879,0.01752281,-0.07391947,0.1428847,0.1618245,0.009063975,-0.05295524,0.07623318,0.09326259,0.06065922,-0.05545374,0.1116997,0.1386776,0.0175402,-0.07386984,0.1429864,0.1618936,0.009056128,-0.05295463,0.07626929,0.09329101,0.02584605,-0.06067855,0.1083202,0.1268195,-0.871788,-0.1509012,0.4548511,0.101612,168.336,-0.8763238,-0.1516863,0.4572176,16.82476,0,0,0,0,0,0,0,0,0,1,0,0,0.3607547,False,True,False,0.02084215,0.9798312,0.245348,1.010297,0.5262394,-0.5749563,0.1929423,0.596046,106.8255,0.6553822,-0.7160546,0.2402916,0.02915785,0.02016884,0.05465205,0.06514452,-0.07740224,0.3864209,0.7963918,0.4587463,125.3875,-0.08710902,0.4348807,0.8962649,0.01039904,1.101776,-0.03619273,1.10242,0.03023009,0.0324372,-0.006020754,0.9989983,5.12936,0.6755772,0.7249013,-0.1345508,False
1773055714496,5.236046,0.05871533,0.8714296,0.1818923,0.8921446,0.157546,-0.2913727,-0.9314678,0.1504959,162.6887,0.1593611,-0.2947295,-0.9421989,0.03291343,0.9892263,0.230746,1.016315,0.009675216,1.000128,0.2571011,1.032691,0.0004290976,0.994535,0.2193471,1.018437,-0.03235528,-0.07255463,0.1126348,0.1378319,-0.02011889,-0.06978235,0.1495329,0.1662361,-0.0008179185,-0.09058456,0.1191131,0.1496468,-0.03427205,-0.07311262,0.1118354,0.1379391,-0.01965983,-0.06966867,0.149157,0.1657952,-0.0004897943,-0.09025639,0.1196084,0.149842,-0.01804685,-0.07754225,0.1274655,0.1502862,0.06124503,0.6290874,-0.2820732,0.7217568,87.60058,0.0884856,0.908893,-0.4075337,6.883074,-0.007484565,-0.03609122,0.09995876,0.106538,0.8954269,0.2563658,0.2377442,0.2756179,148.0023,0.9315065,0.2666956,0.2473237,0.6289029,False,True,False,-0.1041943,0.5906693,0.1265767,0.6129994,-0.09599018,-0.2277753,-0.3166684,-0.9157649,312.6292,-0.2389512,-0.567008,-0.788292,0.01415322,0.5821761,0.1819057,0.6100975,0.009191841,0.5422197,0.216723,0.5839996,-0.03703031,0.5546779,0.1706872,0.5815264,0.06071811,-0.05549869,0.111659,0.1386886,0.01751639,-0.07393361,0.1428592,0.1618078,0.009063786,-0.05297692,0.07622956,0.09327193,0.06067155,-0.05546315,0.1116912,0.1386799,0.01753521,-0.07388319,0.1429598,0.1618756,0.00905773,-0.0529593,0.07626097,0.09328701,0.02585421,-0.06068601,0.1083047,0.1268114,-0.871756,-0.1509479,0.4548807,0.1016853,168.3276,-0.8762981,-0.1517344,0.4572508,16.82583,0,0,0,0,0,0,0,0,0,1,0,0,0.360732,False,True,False,0.02084215,0.9798312,0.245348,1.010297,0.5262394,-0.5749563,0.1929423,0.596046,106.8255,0.6553822,-0.7160546,0.2402916,0.02915785,0.02016884,0.05465205,0.06514452,-0.07740224,0.3864209,0.7963918,0.4587463,125.3875,-0.08710902,0.4348807,0.8962649,0.01040397,1.101798,-0.03628963,1.102445,0.02990969,0.03273426,-0.005998435,0.9989985,5.129055,0.6684568,0.7315835,-0.13406,False
1773055714510,5.249645,0.05898106,0.8714436,0.1820698,0.892212,0.1525115,-0.2906389,-0.9319487,0.1540814,162.2729,0.1543548,-0.2941516,-0.9432123,0.03298325,0.9891051,0.2310563,1.01627,0.01036859,1.000067,0.257862,1.032828,0.0007201992,0.9943533,0.2200224,1.018405,-0.03199889,-0.07258587,0.1126731,0.1377965,-0.02018724,-0.06972367,0.1496521,0.166327,-0.0008474652,-0.09060939,0.1190301,0.1495959,-0.03378611,-0.0730048,0.1120101,0.1379038,-0.01976835,-0.06968044,0.1492609,0.1659065,-0.0005641562,-0.09033098,0.1194841,0.1497881,-0.01784846,-0.07754785,0.1276791,0.1504466,0.06746919,0.6305849,-0.2825709,0.7196974,87.94099,0.09717755,0.9082471,-0.4069938,6.814065,-0.007484565,-0.03609122,0.09995876,0.106538,0.8954269,0.2563658,0.2377442,0.2756179,148.0023,0.9315065,0.2666956,0.2473237,0.5870045,False,True,False,-0.1042161,0.5905571,0.1265993,0.6128997,-0.09585457,-0.2279304,-0.3166638,-0.9157422,312.6227,-0.2385828,-0.5673206,-0.7881787,0.01415084,0.5820929,0.1818923,0.6100141,0.009184755,0.5421358,0.2167152,0.5839188,-0.03702829,0.5545688,0.1706985,0.5814255,0.06072758,-0.05550883,0.1116494,0.1386891,0.01750953,-0.07394788,0.1428335,0.1617909,0.009063225,-0.05300195,0.07622688,0.0932839,0.06068299,-0.05547247,0.1116826,0.1386818,0.01752997,-0.07389639,0.142934,0.1618583,0.009058852,-0.05296802,0.07625401,0.09328637,0.02586215,-0.06069507,0.1082903,0.1268051,-0.8717202,-0.1509997,0.4549229,0.1017266,168.3228,-0.8762659,-0.1517871,0.4572952,16.82645,0,0,0,0,0,0,0,0,0,1,0,0,0.3607688,False,True,False,0.02084215,0.9798312,0.245348,1.010297,0.5262394,-0.5749563,0.1929423,0.596046,106.8255,0.6553822,-0.7160546,0.2402916,0.02915785,0.02016884,0.05465205,0.06514452,-0.07740224,0.3864209,0.7963918,0.4587463,125.3875,-0.08710902,0.4348807,0.8962649,0.01040862,1.101816,-0.03637075,1.102465,0.02965482,0.03278909,-0.005606515,0.9990065,5.108406,0.6654405,0.7357722,-0.1258076,False
1773055714523,5.263706,0.05941561,0.8714364,0.1820244,0.8922244,0.1462131,-0.2894583,-0.9325273,0.1588352,161.7214,0.1480931,-0.2931802,-0.9445179,0.03329045,0.9889044,0.2312983,1.016139,0.01129585,0.9998938,0.2585253,1.032836,0.001135483,0.9940405,0.2206535,1.018237,-0.03173543,-0.07256041,0.1127113,0.1377533,-0.02025453,-0.06968319,0.1497281,0.1663866,-0.0008813174,-0.09063409,0.1189122,0.1495173,-0.03333688,-0.07291139,0.11216,0.1378669,-0.01987104,-0.06968104,0.1493613,0.1660093,-0.0006317761,-0.09039657,0.1193584,0.1497276,-0.01767246,-0.0775489,0.1278759,0.1505934,0.07324266,0.6319522,-0.2830121,0.7177577,88.26067,0.1051894,0.9075953,-0.4064555,6.752902,-0.007484565,-0.03609122,0.09995876,0.106538,0.8954269,0.2563658,0.2377442,0.2756179,148.0023,0.9315065,0.2666956,0.2473237,0.5436854,False,True,False,-0.1042789,0.5904551,0.1265941,0.612811,-0.09569874,-0.2280364,-0.3166806,-0.9157262,312.6181,-0.2381734,-0.5675333,-0.7881495,0.01409815,0.5820077,0.1818684,0.6099245,0.009130396,0.542066,0.2166916,0.5838444,-0.03707509,0.5544745,0.1706841,0.5813343,0.06072214,-0.05552875,0.1116427,0.1386893,0.0175044,-0.07396315,0.1428085,0.1617752,0.009063146,-0.05302426,0.07621713,0.09328861,0.0606912,-0.05548427,0.1116743,0.1386833,0.01752461,-0.07391039,0.1429077,0.1618409,0.009059751,-0.05297981,0.07624628,0.09328684,0.02586833,-0.06070623,0.1082751,0.1267987,-0.8716947,-0.151045,0.45495,0.1017558,168.3194,-0.8762429,-0.1518331,0.4573238,16.82585,0,0,0,0,0,0,0,0,0,1,0,0,0.3607382,False,True,False,0.02084215,0.9798312,0.245348,1.010297,0.5262394,-0.5749563,0.1929423,0.596046,106.8255,0.6553822,-0.7160546,0.2402916,0.02915785,0.02016884,0.05465205,0.06514452,-0.07740224,0.3864209,0.7963918,0.4587463,125.3875,-0.08710902,0.4348807,0.8962649,0.01037963,1.101807,-0.03646282,1.102459,0.02953132,0.03291872,-0.005376059,0.9990072,5.106566,0.6629081,0.7389472,-0.1206798,False
1773055714537,5.277685,0.05994274,0.8714289,0.1819581,0.8922389,0.1402985,-0.2882931,-0.9330099,0.1633892,161.1927,0.1422096,-0.29222,-0.9457186,0.03365458,0.9886928,0.2315151,1.015995,0.01227761,0.9997229,0.2591389,1.032836,0.001640923,0.9937264,0.2212141,1.018052,-0.03145634,-0.07253101,0.1127516,0.1377069,-0.02032326,-0.06963795,0.149811,0.1664506,-0.0009166771,-0.09065951,0.1187804,0.1494282,-0.03292751,-0.07283179,0.1122859,0.1378289,-0.0199661,-0.06967168,0.1494572,0.1661031,-0.0006921712,-0.09045307,0.1192323,0.1496616,-0.01751826,-0.07754532,0.1280548,0.1507256,0.07850736,0.6331983,-0.2833954,0.7159495,88.55788,0.1124502,0.9069631,-0.4059221,6.699708,-0.007484565,-0.03609122,0.09995876,0.106538,0.8954269,0.2563658,0.2377442,0.2756179,148.0023,0.9315065,0.2666956,0.2473237,0.5157236,False,True,False,-0.1043449,0.5903516,0.1265884,0.6127214,-0.09553626,-0.2281471,-0.3167016,-0.9157084,312.6131,-0.237745,-0.5677515,-0.7881221,0.01404212,0.5819211,0.1818443,0.6098334,0.009074017,0.541997,0.2166679,0.5837706,-0.03712342,0.5543783,0.1706686,0.5812411,0.06071464,-0.05555002,0.1116364,0.1386895,0.01749907,-0.0739788,0.1427837,0.1617599,0.009062886,-0.05304901,0.07620718,0.09329452,0.06069609,-0.05549799,0.1116664,0.1386846,0.01751929,-0.07392466,0.1428818,0.1618239,0.009060405,-0.05299425,0.07623812,0.09328844,0.02587266,-0.06071907,0.1082595,0.1267924,-0.87168,-0.151083,0.4549621,0.1017715,168.3176,-0.8762296,-0.1518716,0.4573367,16.82411,0,0,0,0,0,0,0,0,0,1,0,0,0.3607213,False,True,False,0.02084215,0.9798312,0.245348,1.010297,0.5262394,-0.5749563,0.1929423,0.596046,106.8255,0.6553822,-0.7160546,0.2402916,0.02915785,0.02016884,0.05465205,0.06514452,-0.07740224,0.3864209,0.7963918,0.4587463,125.3875,-0.08710902,0.4348807,0.8962649,0.01032289,1.101803,-0.03656416,1.102458,0.02972444,0.03293739,-0.005335045,0.9990011,5.122334,0.6651886,0.7370894,-0.1193903,False
1773055714551,5.291538,0.06048144,0.8715047,0.1817701,0.8923109,0.1367333,-0.2867249,-0.9333105,0.1674046,160.7261,0.1386905,-0.290829,-0.9466697,0.03379016,0.9884771,0.231696,1.015831,0.01285585,0.9994864,0.2595832,1.032725,0.001937207,0.9933876,0.2215508,1.017795,-0.03122541,-0.07248598,0.1127939,0.1376652,-0.02038377,-0.06960474,0.1498714,0.1664985,-0.0009570132,-0.09068353,0.1186132,0.1493101,-0.03256022,-0.07275994,0.112393,0.137791,-0.02005325,-0.0696573,0.1495448,0.1661864,-0.0007478593,-0.09050214,0.1190986,0.149585,-0.01738385,-0.07753896,0.1282127,0.1508409,0.08335026,0.6344513,-0.2836945,0.7141721,88.84923,0.1190769,0.9063976,-0.405295,6.653521,-0.007484565,-0.03609122,0.09995876,0.106538,0.8954269,0.2563658,0.2377442,0.2756179,148.0023,0.9315065,0.2666956,0.2473237,0.4909952,False,True,False,-0.1043495,0.5903367,0.1265499,0.6126999,-0.0953073,-0.228274,-0.3167174,-0.9156951,312.6093,-0.2371574,-0.5680243,-0.788102,0.01404697,0.5819513,0.1817949,0.6098475,0.009078145,0.5420263,0.2166112,0.5837768,-0.03710742,0.5543748,0.1706268,0.5812245,0.06071745,-0.05555452,0.111634,0.1386905,0.01749311,-0.07400079,0.1427511,0.1617406,0.009062234,-0.05307771,0.07619942,0.09330444,0.06070052,-0.0555097,0.1116597,0.1386858,0.01751387,-0.07394043,0.1428547,0.1618066,0.009060784,-0.05301155,0.0762301,0.09329175,0.02587709,-0.06073286,0.1082436,0.1267864,-0.8716624,-0.1511617,0.4549715,0.1017638,168.3185,-0.8762111,-0.1519506,0.4573457,16.82212,0,0,0,0,0,0,0,0,0,1,0,0,0.3611432,False,True,False,0.02084215,0.9798312,0.245348,1.010297,0.5262394,-0.5749563,0.1929423,0.596046,106.8255,0.6553822,-0.7160546,0.2402916,0.02915785,0.02016884,0.05465205,0.06514452,-0.07740224,0.3864209,0.7963918,0.4587463,125.3875,-0.08710902,0.4348807,0.8962649,0.01025047,1.101787,-0.03666758,1.102445,0.02994874,0.03317797,-0.005253138,0.9989868,5.158736,0.6654772,0.7372324,-0.1167276,False
1773055714565,5.305274,0.06105031,0.8715885,0.181558,0.8923883,0.133507,-0.285277,-0.9335532,0.1710891,160.2977,0.1355049,-0.2895462,-0.9475238,0.03396914,0.9882772,0.2318323,1.015673,0.01345926,0.9992825,0.2599555,1.032629,0.002294581,0.9930769,0.2217943,1.017546,-0.03099433,-0.07243595,0.112838,0.1376228,-0.0204441,-0.06957014,0.1499333,0.1665471,-0.0009992041,-0.09070785,0.1184298,0.1491795,-0.03222514,-0.07269307,0.1124862,0.137753,-0.02013424,-0.06963874,0.1496262,0.1662616,-0.0008003045,-0.09054556,0.1189555,0.1494977,-0.01726424,-0.07753016,0.1283543,0.150943,0.08789076,0.6357486,-0.2839212,0.7123818,89.14193,0.1252376,0.905893,-0.404566,6.612785,-0.007484565,-0.03609122,0.09995876,0.106538,0.8954269,0.2563658,0.2377442,0.2756179,148.0023,0.9315065,0.2666956,0.2473237,0.4737567,False,True,False,-0.1043524,0.5903268,0.1265087,0.6126823,-0.09506366,-0.228407,-0.3167359,-0.9156809,312.6053,-0.2365321,-0.5683095,-0.7880846,0.01405334,0.5819908,0.1817441,0.6098702,0.009084776,0.5420637,0.2165519,0.5837896,-0.03708799,0.5543767,0.1705826,0.5812121,0.06072016,-0.0555576,0.1116324,0.1386917,0.01748693,-0.07402404,0.1427176,0.1617209,0.009061469,-0.05310885,0.0761917,0.09331578,0.06070456,-0.05551955,0.1116541,0.138687,0.01750833,-0.07395764,0.1428265,0.161789,0.009060925,-0.05303157,0.0762222,0.09329668,0.02588165,-0.06074757,0.1082276,0.1267807,-0.871642,-0.1512786,0.4549783,0.1017338,168.322,-0.876188,-0.1520676,0.4573512,16.81991,0,0,0,0,0,0,0,0,0,1,0,0,0.3615581,False,True,False,0.02084215,0.9798312,0.245348,1.010297,0.5262394,-0.5749563,0.1929423,0.596046,106.8255,0.6553822,-0.7160546,0.2402916,0.02915785,0.02016884,0.05465205,0.06514452,-0.07740224,0.3864209,0.7963918,0.4587463,125.3875,-0.08710902,0.4348807,0.8962649,0.01016148,1.101803,-0.03671643,1.102462,0.02984211,0.03314242,-0.005140011,0.9989918,5.146123,0.6647335,0.7382481,-0.1144938,False
1773055714578,5.319324,0.06162997,0.8716773,0.1813291,0.8924685,0.130455,-0.283884,-0.9337568,0.1746131,159.8877,0.1324904,-0.2883134,-0.9483258,0.03416518,0.9880825,0.2319459,1.015516,0.01407081,0.9990945,0.260288,1.032539,0.002705604,0.9927539,0.2219291,1.017261,-0.03076258,-0.07238092,0.1128839,0.1375795,-0.02050436,-0.06953426,0.1499966,0.1665965,-0.001049414,-0.09073838,0.1181655,0.1489888,-0.03190714,-0.07262748,0.1125708,0.1377135,-0.0202123,-0.06961617,0.149705,0.1663326,-0.0008531681,-0.09058692,0.1187839,0.1493865,-0.01715173,-0.07751977,0.1284842,0.1510354,0.09237659,0.6372911,-0.2840514,0.7103812,89.46812,0.1312508,0.9054782,-0.4035869,6.575905,-0.007484565,-0.03609122,0.09995876,0.106538,0.8954269,0.2563658,0.2377442,0.2756179,148.0023,0.9315065,0.2666956,0.2473237,0.4605682,False,True,False,-0.1043536,0.5903218,0.1264651,0.6126687,-0.09480586,-0.2285456,-0.3167569,-0.9156658,312.6009,-0.2358704,-0.5686055,-0.7880692,0.01406091,0.5820391,0.1816918,0.6099009,0.009093679,0.542109,0.2164901,0.5838088,-0.03706533,0.5543836,0.1705364,0.5812036,0.06072274,-0.05555922,0.1116315,0.1386927,0.01748057,-0.07404844,0.1426828,0.1617007,0.009060475,-0.05314235,0.07618416,0.0933286,0.06070837,-0.05552786,0.1116493,0.1386882,0.01750251,-0.07397667,0.1427964,0.1617705,0.009060831,-0.05305478,0.07621422,0.09330335,0.02588648,-0.06076356,0.1082109,0.1267751,-0.871618,-0.1514353,0.4549837,0.1016814,168.328,-0.8761593,-0.1522243,0.4573542,16.81745,0,0,0,0,0,0,0,0,0,1,0,0,0.3619294,False,True,False,0.02084215,0.9798312,0.245348,1.010297,0.5262394,-0.5749563,0.1929423,0.596046,106.8255,0.6553822,-0.7160546,0.2402916,0.02915785,0.02016884,0.05465205,0.06514452,-0.07740224,0.3864209,0.7963918,0.4587463,125.3875,-0.08710902,0.4348807,0.8962649,0.01007167,1.101862,-0.03672782,1.10252,0.02982701,0.0329037,-0.004889717,0.9990014,5.12157,0.6675836,0.7364457,-0.1094409,False
1773055714593,5.333195,0.06215864,0.8718956,0.1810692,0.8926655,0.1264172,-0.2821504,-0.9340736,0.1786518,159.4175,0.1284843,-0.2867638,-0.9493464,0.03451529,0.9880521,0.2321242,1.015539,0.0147672,0.9989939,0.2607182,1.03256,0.0033326,0.9922879,0.2218448,1.01679,-0.03068782,-0.07233746,0.112915,0.1375655,-0.02056708,-0.06949821,0.150051,0.1666382,-0.001162577,-0.09072382,0.1174015,0.1483755,-0.03164513,-0.07256714,0.1126433,0.1376805,-0.02028636,-0.069591,0.1497778,0.1663966,-0.0009181232,-0.09061594,0.118487,0.1491685,-0.01705277,-0.07750797,0.1285793,0.1510991,0.09663814,0.6401172,-0.2835975,0.7074485,89.9446,0.1367331,0.9057004,-0.4012615,6.549048,-0.007484565,-0.03609122,0.09995876,0.106538,0.8954269,0.2563658,0.2377442,0.2756179,148.0023,0.9315065,0.2666956,0.2473237,0.4483526,False,True,False,-0.1043499,0.5903788,0.1264509,0.6127201,-0.09463943,-0.2285992,-0.3166914,-0.9156923,312.6085,-0.2354918,-0.5688245,-0.7880247,0.01406001,0.5820876,0.1816881,0.6099461,0.009084627,0.5421671,0.2164434,0.5838454,-0.0370501,0.5544291,0.1705235,0.5812423,0.06070206,-0.05557399,0.1116364,0.1386936,0.01747514,-0.0740824,0.142631,0.16167,0.009058939,-0.05317475,0.07618015,0.09334362,0.06070706,-0.05553743,0.1116467,0.1386893,0.01749684,-0.0739986,0.142762,0.1617496,0.009060439,-0.05307965,0.07620715,0.09331169,0.02588926,-0.06078121,0.1081925,0.1267684,-0.8716019,-0.1516273,0.4549603,0.1016389,168.3329,-0.8761392,-0.1524166,0.4573286,16.81217,0,0,0,0,0,0,0,0,0,1,0,0,0.3630855,False,True,False,0.02084215,0.9798312,0.245348,1.010297,0.5262394,-0.5749563,0.1929423,0.596046,106.8255,0.6553822,-0.7160546,0.2402916,0.02915785,0.02016884,0.05465205,0.06514452,-0.07740224,0.3864209,0.7963918,0.4587463,125.3875,-0.08710902,0.4348807,0.8962649,0.00998307,1.101916,-0.03675349,1.102574,0.02969853,0.032607,-0.00472419,0.9990157,5.084594,0.6695333,0.7351028,-0.1065037,False
1773055714607,5.34707,0.06268194,0.8721166,0.180801,0.8928636,0.1223881,-0.2803962,-0.9343514,0.1827204,158.9435,0.1244838,-0.2851975,-0.9503506,0.03485933,0.9880189,0.2323,1.015559,0.01545816,0.9988909,0.2611396,1.032577,0.003951028,0.9918141,0.2217599,1.016311,-0.03061487,-0.07229131,0.112947,0.1375512,-0.02063008,-0.06946103,0.1501052,0.1666794,-0.001278534,-0.09069386,0.116642,0.1477578,-0.03142411,-0.07250975,0.1127072,0.1376519,-0.02035811,-0.06956334,0.1498466,0.1664558,-0.0009937499,-0.09063242,0.118091,0.1488648,-0.01696433,-0.07749377,0.1286473,0.1511397,0.1007543,0.6439778,-0.2826647,0.7037343,90.54523,0.1418149,0.9064195,-0.3978597,6.528787,-0.007484565,-0.03609122,0.09995876,0.106538,0.8954269,0.2563658,0.2377442,0.2756179,148.0023,0.9315065,0.2666956,0.2473237,0.49863,False,True,False,-0.1043445,0.5904436,0.1264363,0.6127785,-0.09447289,-0.2286469,-0.3166172,-0.9157233,312.6173,-0.2351186,-0.569043,-0.7879783,0.01405874,0.5821393,0.1816875,0.6099952,0.0090748,0.5422292,0.2163945,0.5838848,-0.03703345,0.5544795,0.1705112,0.5812857,0.06067823,-0.05558932,0.1116426,0.1386943,0.01746965,-0.07411849,0.1425759,0.1616374,0.009057147,-0.05320891,0.07617676,0.09336015,0.06070108,-0.05554819,0.1116458,0.1386904,0.0174912,-0.07402348,0.1427234,0.1617263,0.009059756,-0.05310645,0.07620085,0.09332172,0.02589024,-0.06080062,0.1081723,0.1267607,-0.8715922,-0.151855,0.4549106,0.1016042,168.3369,-0.8761263,-0.152645,0.4572771,16.80427,0,0,0,0,0,0,0,0,0,1,0,0,0.3641905,False,True,False,0.02084215,0.9798312,0.245348,1.010297,0.5262394,-0.5749563,0.1929423,0.596046,106.8255,0.6553822,-0.7160546,0.2402916,0.02915785,0.02016884,0.05465205,0.06514452,-0.07740224,0.3864209,0.7963918,0.4587463,125.3875,-0.08710902,0.4348807,0.8962649,0.009895232,1.101965,-0.0367957,1.102623,0.02957678,0.03238332,-0.00433125,0.9990284,5.05169,0.6711331,0.7348169,-0.09828132,False
1773055714621,5.36093,0.06318359,0.8725072,0.1806321,0.8932463,0.1192165,-0.2802728,-0.9339784,0.1868663,158.4601,0.1213542,-0.2852982,-0.9507251,0.03503719,0.9883047,0.2321658,1.015812,0.01589074,0.9991826,0.2611493,1.032869,0.004452221,0.9915426,0.2211976,1.015926,-0.03056852,-0.07223296,0.112984,0.1375406,-0.0206925,-0.06942316,0.1501522,0.1667136,-0.001408102,-0.0906298,0.1157725,0.1470341,-0.03124105,-0.07245221,0.1127653,0.1376275,-0.02042784,-0.06953359,0.1499107,0.1665096,-0.001080575,-0.09063187,0.1175941,0.1484712,-0.01688457,-0.0774757,0.1286872,0.1511555,0.1047587,0.6489228,-0.2812045,0.6991773,91.27793,0.1465262,0.9076499,-0.3933214,6.513648,-0.007484565,-0.03609122,0.09995876,0.106538,0.8954269,0.2563658,0.2377442,0.2756179,148.0023,0.9315065,0.2666956,0.2473237,0.5631559,False,True,False,-0.1043263,0.5905172,0.126398,0.6128384,-0.0942696,-0.2286403,-0.31648,-0.9157933,312.6373,-0.2347059,-0.5692527,-0.7879498,0.01406465,0.5821816,0.1816737,0.6100317,0.009065084,0.5422971,0.2163516,0.5839318,-0.03701328,0.55453,0.1704859,0.5813252,0.06065428,-0.0556129,0.1116456,0.1386956,0.01746744,-0.07414869,0.1425346,0.1616145,0.009054658,-0.05324613,0.07617366,0.0933786,0.06069138,-0.0555616,0.1116458,0.1386915,0.01748628,-0.07404944,0.1426843,0.1617031,0.0090587,-0.05313538,0.07619522,0.09333349,0.02588945,-0.06082186,0.1081517,0.1267532,-0.8715906,-0.152079,0.4548467,0.1015697,168.3409,-0.8761215,-0.1528695,0.4572112,16.79459,0,0,0,0,0,0,0,0,0,1,0,0,0.3644075,False,True,False,0.02084215,0.9798312,0.245348,1.010297,0.5262394,-0.5749563,0.1929423,0.596046,106.8255,0.6553822,-0.7160546,0.2402916,0.02915785,0.02016884,0.05465205,0.06514452,-0.07740224,0.3864209,0.7963918,0.4587463,125.3875,-0.08710902,0.4348807,0.8962649,0.009796169,1.102047,-0.03679332,1.102704,0.02935993,0.03195139,-0.004561963,0.9990477,5.001379,0.6729059,0.7323001,-0.1045565,False
1773055714634,5.374845,0.06368607,0.8729059,0.1804558,0.8936357,0.1161135,-0.2801017,-0.9336007,0.1909204,157.987,0.1182893,-0.2853506,-0.9510956,0.03522825,0.988593,0.232042,1.016071,0.01632947,0.9994763,0.2611609,1.033162,0.00492641,0.9913106,0.2207085,1.015595,-0.03052745,-0.07217076,0.1130224,0.1375303,-0.02075498,-0.06938425,0.150198,0.1667465,-0.001527469,-0.09055498,0.1149948,0.1463774,-0.03108819,-0.07239352,0.1128194,0.1376064,-0.02049625,-0.06950186,0.1499711,0.1665591,-0.001174462,-0.09061562,0.1170354,0.1480198,-0.01681337,-0.07745367,0.1287052,0.1511516,0.1086222,0.6545606,-0.2793681,0.6940498,92.0969,0.1508794,0.9092042,-0.3880506,6.501742,-0.007484565,-0.03609122,0.09995876,0.106538,0.8954269,0.2563658,0.2377442,0.2756179,148.0023,0.9315065,0.2666956,0.2473237,0.6072322,False,True,False,-0.104306,0.5905977,0.1263578,0.6129043,-0.09406122,-0.2286217,-0.3163272,-0.9158722,312.6598,-0.234292,-0.5694614,-0.7879224,0.01407053,0.582225,0.1816623,0.6100698,0.009054035,0.5423687,0.2163095,0.5839825,-0.03699232,0.5545843,0.1704607,0.5813683,0.06062785,-0.05563808,0.1116493,0.1386971,0.01746567,-0.07417981,0.1424926,0.1615916,0.009051951,-0.05328513,0.07617103,0.09339844,0.06067818,-0.0555775,0.1116465,0.1386926,0.017482,-0.07407655,0.1426444,0.1616798,0.009057297,-0.0531665,0.07619019,0.09334697,0.02588701,-0.06084493,0.1081307,0.1267457,-0.8715963,-0.1523014,0.4547692,0.1015347,168.3449,-0.8761241,-0.1530926,0.4571317,16.78322,0,0,0,0,0,0,0,0,0,1,0,0,0.364621,False,True,False,0.02084215,0.9798312,0.245348,1.010297,0.5262394,-0.5749563,0.1929423,0.596046,106.8255,0.6553822,-0.7160546,0.2402916,0.02915785,0.02016884,0.05465205,0.06514452,-0.07740224,0.3864209,0.7963918,0.4587463,125.3875,-0.08710902,0.4348807,0.8962649,0.009808362,1.102073,-0.03684643,1.102732,0.02911918,0.03188447,-0.004726246,0.9990561,4.979258,0.6703539,0.7340138,-0.1088031,False
1773055714648,5.388979,0.0641845,0.8733078,0.1802745,0.8940275,0.1130284,-0.2798901,-0.9332105,0.1949472,157.5167,0.1152394,-0.2853652,-0.9514655,0.03542326,0.9888793,0.2319281,1.01633,0.0167678,0.9997674,0.2611761,1.033455,0.005375288,0.9910984,0.2202728,1.015296,-0.03049145,-0.07210483,0.1130621,0.1375204,-0.02081758,-0.06934447,0.1502428,0.1667781,-0.001639618,-0.0904708,0.1142782,0.1457641,-0.03095902,-0.07233257,0.1128711,0.1375876,-0.02056427,-0.06946807,0.1500288,0.1666053,-0.00127336,-0.09058467,0.1164355,0.1475277,-0.01674969,-0.07742761,0.1287054,0.1511312,0.1123571,0.6606804,-0.2772389,0.6884882,92.9789,0.1549225,0.9109722,-0.382268,6.49185,-0.007484565,-0.03609122,0.09995876,0.106538,0.8954269,0.2563658,0.2377442,0.2756179,148.0023,0.9315065,0.2666956,0.2473237,0.6326374,False,True,False,-0.1042835,0.5906848,0.1263158,0.6129757,-0.09384793,-0.2285912,-0.3161594,-0.9159596,312.6848,-0.233877,-0.5696687,-0.787896,0.01407616,0.5822687,0.181653,0.6101089,0.009041607,0.5424436,0.2162682,0.5840366,-0.03697068,0.5546417,0.170436,0.5814144,0.06059891,-0.05566492,0.1116534,0.1386986,0.01746433,-0.07421172,0.1424501,0.1615686,0.009048908,-0.05332596,0.0761689,0.09341971,0.0606615,-0.0555959,0.111648,0.1386939,0.01747828,-0.07410502,0.1426034,0.1616564,0.009055533,-0.05320006,0.07618571,0.09336226,0.02588299,-0.06086997,0.1081089,0.1267384,-0.8716089,-0.1525248,0.454678,0.1014984,168.3491,-0.8761336,-0.1533166,0.4570383,16.77011,0,0,0,0,0,0,0,0,0,1,0,0,0.3647969,False,True,False,0.02084215,0.9798312,0.245348,1.010297,0.5262394,-0.5749563,0.1929423,0.596046,106.8255,0.6553822,-0.7160546,0.2402916,0.02915785,0.02016884,0.05465205,0.06514452,-0.07740224,0.3864209,0.7963918,0.4587463,125.3875,-0.08710902,0.4348807,0.8962649,0.009768371,1.102104,-0.03689858,1.102765,0.0289823,0.03173002,-0.004750573,0.9990649,4.955932,0.6703442,0.7338974,-0.109878,False
1773055714662,5.402723,0.06467518,0.8737094,0.1800904,0.8944181,0.1099425,-0.2796439,-0.9328037,0.1989705,157.0465,0.1121856,-0.2853493,-0.9518353,0.03561702,0.9891602,0.2318245,1.016587,0.01720157,1.000053,0.2611959,1.033743,0.00580503,0.9908894,0.2198716,1.015007,-0.03046023,-0.07203513,0.113103,0.1375107,-0.02088028,-0.06930375,0.1502866,0.1668085,-0.001747402,-0.09037658,0.1135948,0.1451715,-0.03085358,-0.07227115,0.1129194,0.1375712,-0.02062969,-0.06943363,0.1500823,0.1666473,-0.001371907,-0.09054123,0.1158308,0.1470251,-0.01669477,-0.0773986,0.1286905,0.1510977,0.1158287,0.6669028,-0.2749565,0.6828055,93.87347,0.1585391,0.912815,-0.3763433,6.483604,-0.007484565,-0.03609122,0.09995876,0.106538,0.8954269,0.2563658,0.2377442,0.2756179,148.0023,0.9315065,0.2666956,0.2473237,0.6507919,False,True,False,-0.1042591,0.5907781,0.1262722,0.6130525,-0.09362993,-0.2285496,-0.3159772,-0.9160551,312.712,-0.2334606,-0.5698745,-0.7878701,0.01408163,0.5823131,0.181646,0.6101493,0.009027883,0.5425217,0.2162277,0.5840939,-0.03694841,0.5547023,0.1704116,0.5814637,0.06056765,-0.05569324,0.1116582,0.1387002,0.01746338,-0.0742445,0.1424071,0.1615456,0.009045613,-0.05336847,0.07616731,0.09344237,0.06064219,-0.05561594,0.1116501,0.1386952,0.01747521,-0.07413375,0.142563,0.1616335,0.009053491,-0.05323473,0.07618192,0.09337873,0.02587762,-0.06089597,0.1080873,0.1267314,-0.8716277,-0.1527418,0.4545774,0.1014619,168.3533,-0.8761492,-0.1535341,0.4569355,16.75586,0,0,0,0,0,0,0,0,0,1,0,0,0.3650413,False,True,False,0.02084215,0.9798312,0.245348,1.010297,0.5262394,-0.5749563,0.1929423,0.596046,106.8255,0.6553822,-0.7160546,0.2402916,0.02915785,0.02016884,0.05465205,0.06514452,-0.07740224,0.3864209,0.7963918,0.4587463,125.3875,-0.08710902,0.4348807,0.8962649,0.009753644,1.102134,-0.03694097,1.102796,0.02873185,0.03160342,-0.004547099,0.9990771,4.92344,0.6689278,0.7357829,-0.1058644,False
1773055714676,5.41642,0.06497459,0.8739469,0.1798537,0.8946241,0.1084754,-0.2802159,-0.932258,0.2015127,156.7491,0.1107473,-0.2860846,-0.9517829,0.03564357,0.9893626,0.231493,1.016709,0.01736994,1.000295,0.2610952,1.033955,0.00628271,0.9904525,0.2188234,1.014357,-0.03044014,-0.07194804,0.1131542,0.1375027,-0.02096594,-0.06911115,0.1504965,0.1669285,-0.001899831,-0.09022209,0.1125124,0.1442313,-0.03076657,-0.0722046,0.1129681,0.1375568,-0.0206991,-0.06936634,0.150168,0.166705,-0.001481331,-0.09047488,0.1151259,0.1464304,-0.0166422,-0.07734829,0.128674,0.151052,0.1191944,0.6742375,-0.2722416,0.6760777,94.92422,0.1617663,0.9150512,-0.3694766,6.483745,-0.007484565,-0.03609122,0.09995876,0.106538,0.8954269,0.2563658,0.2377442,0.2756179,148.0023,0.9315065,0.2666956,0.2473237,0.7413854,False,True,False,-0.1041823,0.5909029,0.1262387,0.6131528,-0.09351515,-0.2286206,-0.3159389,-0.9160624,312.7141,-0.233184,-0.5700753,-0.787807,0.01415229,0.5823989,0.1816189,0.6102247,0.009110525,0.5426593,0.2161836,0.5842068,-0.03684656,0.5548043,0.1703789,0.5815449,0.06052145,-0.05572814,0.1116655,0.1386999,0.01746335,-0.07425946,0.1423921,0.1615393,0.00904167,-0.05341151,0.07617513,0.09347294,0.06061741,-0.05563898,0.1116533,0.1386961,0.01747278,-0.07415957,0.1425279,0.1616141,0.009051065,-0.05327103,0.07618053,0.09339806,0.02586906,-0.06092278,0.1080688,0.1267267,-0.8716616,-0.1529087,0.4544678,0.10141,168.3593,-0.8761786,-0.1537011,0.4568229,16.73984,0,0,0,0,0,0,0,0,0,1,0,0,0.3637443,False,True,False,0.02084215,0.9798312,0.245348,1.010297,0.5262394,-0.5749563,0.1929423,0.596046,106.8255,0.6553822,-0.7160546,0.2402916,0.02915785,0.02016884,0.05465205,0.06514452,-0.07740224,0.3864209,0.7963918,0.4587463,125.3875,-0.08710902,0.4348807,0.8962649,0.009781941,1.102165,-0.03696348,1.102828,0.02877723,0.03182902,-0.004416037,0.9990692,4.944544,0.6671345,0.7378833,-0.1023758,False
1773055714690,5.430444,0.06512596,0.8742474,0.1798108,0.89492,0.1072457,-0.28135,-0.9316614,0.2033415,156.5352,0.1095341,-0.2873534,-0.951541,0.0355996,0.9897154,0.2311985,1.016984,0.01748221,1.000699,0.2612878,1.034396,0.006503057,0.9904269,0.2181886,1.014196,-0.03040519,-0.0718912,0.1131881,0.1374931,-0.02107446,-0.06873554,0.1509074,0.1671579,-0.001993578,-0.09010822,0.1119536,0.1437257,-0.03068922,-0.07213884,0.1130145,0.1375432,-0.02077803,-0.06923249,0.1503235,0.1667994,-0.001589468,-0.09039733,0.1144392,0.1458442,-0.0166021,-0.07726061,0.1287044,0.1510287,0.122026,0.6814629,-0.2697813,0.6692803,95.97692,0.1642319,0.9171651,-0.3630923,6.497033,-0.007484565,-0.03609122,0.09995876,0.106538,0.8954269,0.2563658,0.2377442,0.2756179,148.0023,0.9315065,0.2666956,0.2473237,0.7117432,False,True,False,-0.1041972,0.5909719,0.1262219,0.6132184,-0.09344675,-0.2286874,-0.3159071,-0.9160636,312.7144,-0.2330151,-0.5702459,-0.7877334,0.01413745,0.5824377,0.1815963,0.6102546,0.009102464,0.5427328,0.2161512,0.5842629,-0.03684165,0.5548529,0.1703521,0.5815831,0.06049168,-0.05575664,0.1116668,0.1386994,0.01746221,-0.07427287,0.1423786,0.1615334,0.009039953,-0.05344734,0.07617418,0.09349248,0.06059112,-0.0556636,0.1116561,0.1386968,0.01747057,-0.07418329,0.1424966,0.1615972,0.009048741,-0.05330792,0.0761792,0.09341779,0.02585926,-0.06094982,0.1080518,0.1267232,-0.8717043,-0.1530377,0.4543567,0.1013466,168.3666,-0.8762158,-0.1538298,0.4567082,16.72379,0,0,0,0,0,0,0,0,0,1,0,0,0.3626095,False,True,False,0.02084215,0.9798312,0.245348,1.010297,0.5262394,-0.5749563,0.1929423,0.596046,106.8255,0.6553822,-0.7160546,0.2402916,0.02915785,0.02016884,0.05465205,0.06514452,-0.07740224,0.3864209,0.7963918,0.4587463,125.3875,-0.08710902,0.4348807,0.8962649,0.009770058,1.102198,-0.03696284,1.102861,0.02882236,0.03188427,-0.004317829,0.9990666,4.951507,0.667241,0.7381244,-0.09995823,False
1773055714704,5.444275,0.06527282,0.8745434,0.1797684,0.8952113,0.105941,-0.2824419,-0.931061,0.2052523,156.3115,0.1082457,-0.2885862,-0.9513153,0.03554897,0.9900582,0.230914,1.017251,0.01759423,1.001092,0.2614286,1.034814,0.006709296,0.9903833,0.2175825,1.014025,-0.03037247,-0.07183451,0.1132214,0.1374837,-0.02117789,-0.068398,0.151261,0.167352,-0.002084661,-0.08998548,0.1114043,0.1432224,-0.03062226,-0.07207567,0.1130577,0.1375306,-0.0208612,-0.0690577,0.1505184,0.1669129,-0.00169284,-0.09031128,0.1137892,0.1452824,-0.01657317,-0.07714861,0.1287633,0.1510184,0.1243439,0.6883641,-0.2675413,0.6626576,96.99426,0.1660305,0.9191393,-0.357235,6.517422,-0.007484565,-0.03609122,0.09995876,0.106538,0.8954269,0.2563658,0.2377442,0.2756179,148.0023,0.9315065,0.2666956,0.2473237,0.6891415,False,True,False,-0.1042143,0.5910434,0.1262053,0.6132867,-0.09338959,-0.2287551,-0.3158779,-0.9160626,312.7142,-0.2328712,-0.5704113,-0.7876562,0.01412065,0.5824769,0.1815724,0.6102846,0.009093598,0.5428077,0.2161191,0.5843204,-0.03683842,0.5549029,0.1703239,0.5816223,0.06046123,-0.05578586,0.1116678,0.1386986,0.01746119,-0.07428517,0.1423674,0.1615291,0.0090383,-0.0534834,0.07617317,0.09351213,0.06056425,-0.05568891,0.1116585,0.1386972,0.01746863,-0.07420438,0.1424698,0.1615831,0.009046583,-0.05334424,0.07617795,0.0934373,0.02584863,-0.06097629,0.1080368,0.126721,-0.8717536,-0.1531282,0.4542477,0.1012743,168.3749,-0.8762589,-0.1539195,0.4565952,16.70821,0,0,0,0,0,0,0,0,0,1,0,0,0.3622346,False,True,False,0.02084215,0.9798312,0.245348,1.010297,0.5262394,-0.5749563,0.1929423,0.596046,106.8255,0.6553822,-0.7160546,0.2402916,0.02915785,0.02016884,0.05465205,0.06514452,-0.07740224,0.3864209,0.7963918,0.4587463,125.3875,-0.08710902,0.4348807,0.8962649,0.009759381,1.102268,-0.03689643,1.102929,0.02887061,0.03207504,-0.004129175,0.9990599,4.969342,0.6659583,0.739875,-0.09524766,False
1773055714718,5.458157,0.06546682,0.8747455,0.1796325,0.8953957,0.1045789,-0.28418,-0.9303339,0.2068428,156.1252,0.1068905,-0.2904615,-0.9508978,0.03559777,0.9903812,0.2303943,1.01745,0.01780074,1.001544,0.2610691,1.035164,0.007138342,0.9902038,0.2165777,1.013637,-0.03032659,-0.0717679,0.1132634,0.1374733,-0.0212558,-0.06821832,0.1514256,0.1674373,-0.002206316,-0.08981016,0.1106305,0.1425126,-0.03055966,-0.0720116,0.1131007,0.1375185,-0.0209435,-0.06888171,0.1507072,0.1670209,-0.00180031,-0.09020642,0.1131106,0.1446874,-0.01654608,-0.07702994,0.128808,0.150993,0.1265456,0.6955866,-0.2650278,0.655672,98.05875,0.1675999,0.9212509,-0.3510089,6.534448,-0.007484565,-0.03609122,0.09995876,0.106538,0.8954269,0.2563658,0.2377442,0.2756179,148.0023,0.9315065,0.2666956,0.2473237,0.7140864,False,True,False,-0.1042435,0.5910485,0.126146,0.6132845,-0.0932312,-0.2288597,-0.315962,-0.9160236,312.703,-0.2324246,-0.5705454,-0.7876909,0.01409702,0.5824973,0.1815042,0.6102832,0.009085812,0.5428623,0.2160511,0.5843459,-0.03683268,0.5549072,0.1702606,0.5816075,0.06043765,-0.05581304,0.1116673,0.1386989,0.01746009,-0.07429706,0.1423554,0.1615239,0.009035625,-0.05352543,0.07617645,0.09353857,0.06053798,-0.05571467,0.1116603,0.1386975,0.01746686,-0.07422362,0.1424461,0.1615708,0.00904431,-0.05338185,0.07617764,0.0934583,0.02583816,-0.06100296,0.1080235,0.1267204,-0.8718014,-0.1531929,0.4541543,0.1011841,168.3853,-0.8762988,-0.1539832,0.4564972,16.69308,0,0,0,0,0,0,0,0,0,1,0,0,0.362353,False,True,False,0.02084215,0.9798312,0.245348,1.010297,0.5262394,-0.5749563,0.1929423,0.596046,106.8255,0.6553822,-0.7160546,0.2402916,0.02915785,0.02016884,0.05465205,0.06514452,-0.07740224,0.3864209,0.7963918,0.4587463,125.3875,-0.08710902,0.4348807,0.8962649,0.009738818,1.102321,-0.03684017,1.10298,0.02891524,0.03219727,-0.003944794,0.9990554,4.980987,0.6654279,0.7409573,-0.09078175,False
1773055714731,5.471982,0.06567188,0.8749595,0.1794868,0.8955905,0.1030627,-0.2860213,-0.9295458,0.2086014,155.9192,0.105381,-0.2924551,-0.950455,0.03564671,0.990723,0.2298385,1.017658,0.01801813,1.002019,0.2606317,1.035517,0.007546961,0.9900381,0.2155763,1.013265,-0.03028052,-0.07169989,0.1133062,0.137463,-0.02133129,-0.06805953,0.1515517,0.1674964,-0.002319901,-0.08962889,0.1098916,0.141827,-0.03050083,-0.07194693,0.1131436,0.1375068,-0.02102412,-0.06871016,0.1508822,0.1671183,-0.001908693,-0.09008611,0.112421,0.1440751,-0.01652035,-0.07690898,0.1288347,0.1509513,0.1286145,0.7029405,-0.2623064,0.6484817,99.14555,0.1689561,0.9234268,-0.3445821,6.546882,-0.007484565,-0.03609122,0.09995876,0.106538,0.8954269,0.2563658,0.2377442,0.2756179,148.0023,0.9315065,0.2666956,0.2473237,0.7282695,False,True,False,-0.1042754,0.5910509,0.1260838,0.6132795,-0.09306746,-0.2289703,-0.3160643,-0.9159774,312.6898,-0.2319554,-0.570671,-0.7877384,0.01407175,0.5825202,0.1814317,0.610283,0.009078264,0.54292,0.2159812,0.5843735,-0.03682709,0.5549109,0.1701943,0.5815913,0.06041459,-0.05584056,0.1116664,0.1386992,0.01745909,-0.07430795,0.1423452,0.1615198,0.009032822,-0.05356864,0.07618032,0.09356619,0.06051246,-0.05574073,0.1116616,0.1386978,0.01746525,-0.07424107,0.1424252,0.1615602,0.009041935,-0.05342051,0.07617819,0.09348061,0.02582793,-0.06102971,0.108012,0.1267213,-0.8718471,-0.1532338,0.4540766,0.1010773,168.3976,-0.8763352,-0.1540226,0.4564141,16.67844,0,0,0,0,0,0,0,0,0,1,0,0,0.3626067,False,True,False,0.02084215,0.9798312,0.245348,1.010297,0.5262394,-0.5749563,0.1929423,0.596046,106.8255,0.6553822,-0.7160546,0.2402916,0.02915785,0.02016884,0.05465205,0.06514452,-0.07740224,0.3864209,0.7963918,0.4587463,125.3875,-0.08710902,0.4348807,0.8962649,0.00973073,1.102326,-0.03685385,1.102985,0.02890693,0.03228179,-0.003939215,0.9990529,4.987584,0.6643565,0.7419194,-0.0905334,False
1773055714745,5.485858,0.0658924,0.8751897,0.1793283,0.8957999,0.1014097,-0.2879488,-0.9287022,0.2105083,155.6957,0.1037341,-0.294549,-0.9499896,0.03570104,0.9910861,0.2292477,1.017881,0.01825071,1.002518,0.2601437,1.035881,0.007941544,0.9898914,0.2145784,1.012913,-0.03023423,-0.07163061,0.1133498,0.1374526,-0.02140616,-0.06790522,0.1516618,0.167543,-0.00242632,-0.08944257,0.1091877,0.1411659,-0.03044456,-0.0718811,0.1131867,0.1374954,-0.02110377,-0.06854199,0.1510441,0.1672055,-0.002016954,-0.08995184,0.1117262,0.1434508,-0.01649567,-0.07678582,0.1288443,0.1508941,0.13055,0.7103625,-0.259417,0.6411276,100.2481,0.1701123,0.9256331,-0.3380316,6.554871,-0.007484565,-0.03609122,0.09995876,0.106538,0.8954269,0.2563658,0.2377442,0.2756179,148.0023,0.9315065,0.2666956,0.2473237,0.7326952,False,True,False,-0.1043099,0.5910507,0.1260191,0.6132718,-0.0928986,-0.2290865,-0.3161839,-0.9159241,312.6746,-0.2314645,-0.5707878,-0.7877982,0.01404491,0.5825456,0.1813551,0.6102839,0.009071037,0.5429806,0.2159097,0.5844033,-0.03682159,0.554914,0.1701253,0.5815737,0.06039207,-0.05586826,0.1116651,0.1386995,0.01745822,-0.07431793,0.1423367,0.1615168,0.009029898,-0.05361283,0.07618482,0.09359489,0.06048749,-0.05576719,0.1116623,0.1386982,0.01746379,-0.07425702,0.1424068,0.1615512,0.009039439,-0.05346043,0.07617957,0.09350431,0.02581788,-0.06105672,0.1080019,0.1267237,-0.871891,-0.1532535,0.4540129,0.1009545,168.4117,-0.8763683,-0.1540404,0.4563444,16.66416,0,0,0,0,0,0,0,0,0,1,0,0,0.3628495,False,True,False,0.02084215,0.9798312,0.245348,1.010297,0.5262394,-0.5749563,0.1929423,0.596046,106.8255,0.6553822,-0.7160546,0.2402916,0.02915785,0.02016884,0.05465205,0.06514452,-0.07740224,0.3864209,0.7963918,0.4587463,125.3875,-0.08710902,0.4348807,0.8962649,0.009706516,1.102344,-0.03685468,1.103002,0.0288667,0.03231879,-0.003953997,0.9990529,4.987741,0.663411,0.7427466,-0.09087028,False
1773055714760,5.499866,0.06609981,0.8752372,0.179187,0.8958334,0.1002991,-0.2884386,-0.9282539,0.2123395,155.481,0.1026397,-0.2951697,-0.9499158,0.03566848,0.9910933,0.2290232,1.017836,0.01838535,1.002584,0.2600735,1.03593,0.008137316,0.9895973,0.2141476,1.012536,-0.03016549,-0.07156674,0.1133931,0.13744,-0.02147459,-0.06775957,0.1518031,0.1676207,-0.002496609,-0.08930803,0.1087959,0.1407789,-0.03038528,-0.07181519,0.1132301,0.1374836,-0.02118165,-0.06837752,0.1512027,0.1672914,-0.002118003,-0.08981665,0.1110918,0.1428737,-0.01647543,-0.07666212,0.1288587,0.1508412,0.1323272,0.7171669,-0.2567123,0.6342396,101.2728,0.1711564,0.9276072,-0.3320402,6.559609,-0.007484565,-0.03609122,0.09995876,0.106538,0.8954269,0.2563658,0.2377442,0.2756179,148.0023,0.9315065,0.2666956,0.2473237,0.6758918,False,True,False,-0.1043651,0.5910903,0.1260053,0.6133165,-0.09277304,-0.2291306,-0.3162377,-0.9159073,312.6698,-0.2311295,-0.5708429,-0.7878567,0.01398898,0.5825804,0.1813405,0.6103114,0.00902354,0.5430533,0.215901,0.5844669,-0.03684763,0.5549407,0.1701135,0.5815974,0.06036643,-0.05589977,0.1116622,0.1386987,0.01745519,-0.07432579,0.1423309,0.161515,0.009026287,-0.0536569,0.0761913,0.09362505,0.06046218,-0.05579492,0.1116623,0.1386983,0.017462,-0.0742714,0.1423909,0.1615436,0.009036692,-0.05350152,0.07618202,0.09352954,0.02580743,-0.06108421,0.1079935,0.1267277,-0.8719347,-0.1532433,0.4539625,0.1008196,168.4273,-0.8764001,-0.1540281,0.4562874,16.64994,0,0,0,0,0,0,0,0,0,1,0,0,0.3630294,False,True,False,0.02084215,0.9798312,0.245348,1.010297,0.5262394,-0.5749563,0.1929423,0.596046,106.8255,0.6553822,-0.7160546,0.2402916,0.02915785,0.02016884,0.05465205,0.06514452,-0.07740224,0.3864209,0.7963918,0.4587463,125.3875,-0.08710902,0.4348807,0.8962649,0.009694648,1.102391,-0.03685161,1.103049,0.02879597,0.03224263,-0.003909018,0.9990575,4.975482,0.6634166,0.7428223,-0.09005799,False
1773055714773,5.513857,0.06631055,0.8752832,0.1790424,0.895865,0.09918346,-0.2889019,-0.9278109,0.2141616,155.2673,0.1015394,-0.2957642,-0.9498491,0.03563954,0.9910949,0.2288035,1.017787,0.01852946,1.002643,0.2600262,1.035977,0.008359663,0.9892702,0.2136975,1.012123,-0.03009363,-0.07150256,0.1134371,0.1374272,-0.0215445,-0.06759911,0.1519583,0.1677054,-0.002570127,-0.08915656,0.1083614,0.1403485,-0.03032345,-0.0717497,0.1132736,0.1374716,-0.02125778,-0.06821425,0.1513604,0.167377,-0.002213142,-0.08967832,0.1105013,0.1423293,-0.01645851,-0.07653612,0.1288774,0.1507914,0.1339475,0.7235261,-0.2541245,0.6276852,102.2409,0.1720657,0.929424,-0.3264422,6.561797,-0.007484565,-0.03609122,0.09995876,0.106538,0.8954269,0.2563658,0.2377442,0.2756179,148.0023,0.9315065,0.2666956,0.2473237,0.6415693,False,True,False,-0.1044237,0.5911303,0.1259925,0.6133624,-0.09264868,-0.2291702,-0.3162974,-0.9158893,312.6647,-0.2307961,-0.5708834,-0.7879249,0.01392934,0.5826156,0.1813269,0.6103396,0.008972481,0.5431274,0.2158956,0.5845329,-0.03687643,0.5549673,0.1701033,0.5816216,0.06034065,-0.05593207,0.1116587,0.1386977,0.01745196,-0.07433257,0.1423267,0.1615141,0.009022444,-0.05370178,0.07619855,0.09365631,0.0604368,-0.05582357,0.1116615,0.1386981,0.0174599,-0.07428418,0.1423775,0.1615374,0.009033718,-0.05354337,0.07618547,0.09355601,0.02579672,-0.06111193,0.1079867,0.126733,-0.8719775,-0.1532053,0.4539252,0.1006744,168.444,-0.8764303,-0.1539877,0.4562432,16.6359,0,0,0,0,0,0,0,0,0,1,0,0,0.3632164,False,True,False,0.02084215,0.9798312,0.245348,1.010297,0.5262394,-0.5749563,0.1929423,0.596046,106.8255,0.6553822,-0.7160546,0.2402916,0.02915785,0.02016884,0.05465205,0.06514452,-0.07740224,0.3864209,0.7963918,0.4587463,125.3875,-0.08710902,0.4348807,0.8962649,0.009688121,1.102426,-0.03685803,1.103085,0.02861955,0.03209459,-0.003865988,0.9990675,4.948976,0.6628847,0.7433735,-0.08954383,False
1773055714787,5.527627,0.06642786,0.8754061,0.1789374,0.8959727,0.09834133,-0.2891499,-0.9274253,0.2158788,155.0658,0.1007162,-0.2961327,-0.949822,0.03549111,0.9911374,0.228687,1.017797,0.01852423,1.002748,0.2598936,1.036046,0.008449521,0.9890324,0.2133578,1.011819,-0.03001387,-0.07142804,0.1134886,0.1374135,-0.02159065,-0.06756569,0.1519771,0.167715,-0.002636884,-0.08901938,0.1079795,0.1399678,-0.03025871,-0.07168317,0.1133182,0.1374594,-0.02132674,-0.06808008,0.1514876,0.1674462,-0.002301166,-0.08954211,0.109963,0.1418272,-0.01644117,-0.07642492,0.1288793,0.1507347,0.1355953,0.7293329,-0.2516182,0.6215912,103.1351,0.1730986,0.9310533,-0.3212113,6.556809,-0.007484565,-0.03609122,0.09995876,0.106538,0.8954269,0.2563658,0.2377442,0.2756179,148.0023,0.9315065,0.2666956,0.2473237,0.6083114,False,True,False,-0.104447,0.5911884,0.125951,0.6134139,-0.09253043,-0.2293026,-0.316267,-0.9158786,312.6617,-0.2304876,-0.5711784,-0.7878014,0.01390953,0.5826334,0.1812692,0.6103389,0.008967564,0.5432122,0.2158452,0.5845931,-0.03685651,0.5549929,0.1700629,0.581633,0.06029464,-0.05597832,0.111659,0.1386966,0.0174509,-0.07433829,0.142324,0.1615142,0.009015126,-0.0537608,0.07621896,0.09370606,0.06040749,-0.0558555,0.111661,0.1386978,0.01745805,-0.07429534,0.1423665,0.1615326,0.009029887,-0.05358825,0.07619237,0.09358694,0.02578405,-0.06114133,0.1079821,0.1267408,-0.8720235,-0.15313,0.4538976,0.1005149,168.4624,-0.8764623,-0.1539095,0.4562081,16.61992,0,0,0,0,0,0,0,0,0,1,0,0,0.3641092,False,True,False,0.02084215,0.9798312,0.245348,1.010297,0.5262394,-0.5749563,0.1929423,0.596046,106.8255,0.6553822,-0.7160546,0.2402916,0.02915785,0.02016884,0.05465205,0.06514452,-0.07740224,0.3864209,0.7963918,0.4587463,125.3875,-0.08710902,0.4348807,0.8962649,0.009667207,1.102466,-0.0368555,1.103124,0.02858122,0.03187395,-0.003804203,0.9990759,4.92662,0.6649912,0.7416022,-0.08851132,False
1773055714802,5.541562,0.06654537,0.8755319,0.1788303,0.8960829,0.09746318,-0.289389,-0.9270269,0.2176602,154.8567,0.09985729,-0.2964976,-0.9497987,0.03533361,0.9911776,0.2285726,1.017805,0.01851575,1.00285,0.2597838,1.036117,0.008554578,0.9887596,0.212994,1.011477,-0.02993044,-0.07135163,0.1135416,0.1373993,-0.02163778,-0.06751577,0.1520127,0.1677332,-0.002707604,-0.08886477,0.1075504,0.1395398,-0.03018946,-0.07161394,0.113365,0.1374466,-0.02139178,-0.06796232,0.151597,0.1675056,-0.002386379,-0.08940089,0.1094433,0.1413367,-0.01642244,-0.07632014,0.128868,0.1506699,0.137293,0.7349453,-0.2490674,0.6156066,104.008,0.1742179,0.9326082,-0.3160539,6.54633,-0.007484565,-0.03609122,0.09995876,0.106538,0.8954269,0.2563658,0.2377442,0.2756179,148.0023,0.9315065,0.2666956,0.2473237,0.5904244,False,True,False,-0.1044708,0.5912479,0.1259082,0.6134665,-0.09241397,-0.2294439,-0.3162292,-0.915868,312.6586,-0.2301836,-0.571496,-0.7876597,0.01388959,0.5826476,0.1812083,0.610334,0.008963563,0.5432982,0.2157932,0.5846538,-0.03683458,0.5550168,0.1700217,0.5816423,0.0602457,-0.0560272,0.1116593,0.1386953,0.01745005,-0.074343,0.1423227,0.1615152,0.009007131,-0.05382252,0.07624187,0.09375935,0.0603738,-0.05589126,0.1116607,0.1386973,0.01745638,-0.07430527,0.1423574,0.161529,0.009025153,-0.05363706,0.07620267,0.09362283,0.02576927,-0.06117302,0.1079796,0.1267509,-0.8720734,-0.1530179,0.4538789,0.1003377,168.4828,-0.8764966,-0.153794,0.456181,16.60172,0,0,0,0,0,0,0,0,0,1,0,0,0.3649753,False,True,False,0.02084215,0.9798312,0.245348,1.010297,0.5262394,-0.5749563,0.1929423,0.596046,106.8255,0.6553822,-0.7160546,0.2402916,0.02915785,0.02016884,0.05465205,0.06514452,-0.07740224,0.3864209,0.7963918,0.4587463,125.3875,-0.08710902,0.4348807,0.8962649,0.009592765,1.102479,-0.03683909,1.103136,0.02861884,0.03170407,-0.003828574,0.9990802,4.915323,0.6673973,0.7393455,-0.08928312,False
1773055714815,5.555431,0.06666975,0.8756675,0.1787153,0.8962018,0.0965282,-0.2896264,-0.9266053,0.2195484,154.635,0.09894224,-0.2968695,-0.9497784,0.03516554,0.9912202,0.2284518,1.017813,0.0185084,1.002952,0.2597049,1.036196,0.008670472,0.9884624,0.2126075,1.011106,-0.02983973,-0.07127342,0.1135961,0.1373841,-0.02168776,-0.067438,0.1520775,0.1677672,-0.002780983,-0.08869464,0.1070863,0.1390753,-0.03011602,-0.0715431,0.1134132,0.1374334,-0.02145343,-0.06785341,0.1516967,0.1675597,-0.002468783,-0.08925433,0.1089377,0.140854,-0.01640256,-0.07621778,0.1288491,0.1505997,0.1389879,0.7404126,-0.2464847,0.6096858,104.8664,0.1753474,0.9341059,-0.3109656,6.532099,-0.007484565,-0.03609122,0.09995876,0.106538,0.8954269,0.2563658,0.2377442,0.2756179,148.0023,0.9315065,0.2666956,0.2473237,0.5831838,False,True,False,-0.104495,0.5913089,0.1258644,0.6135204,-0.09229923,-0.229594,-0.3161842,-0.9158576,312.6556,-0.2298841,-0.5718358,-0.7875008,0.01386961,0.5826588,0.1811446,0.6103253,0.00896053,0.5433857,0.2157398,0.5847153,-0.03681066,0.5550392,0.16998,0.58165,0.06019391,-0.05607848,0.1116598,0.138694,0.01744935,-0.07434674,0.142323,0.1615171,0.008998484,-0.05388681,0.07626738,0.09381618,0.06033648,-0.05593011,0.1116605,0.1386966,0.01745493,-0.07431387,0.1423502,0.1615265,0.009019625,-0.05368891,0.07621608,0.09366293,0.02575272,-0.06120643,0.107979,0.1267632,-0.8721259,-0.1528727,0.453869,0.1001464,168.5048,-0.8765325,-0.1536451,0.4561622,16.5817,0,0,0,0,0,0,0,0,0,1,0,0,0.3658541,False,True,False,0.02084215,0.9798312,0.245348,1.010297,0.5262394,-0.5749563,0.1929423,0.596046,106.8255,0.6553822,-0.7160546,0.2402916,0.02915785,0.02016884,0.05465205,0.06514452,-0.07740224,0.3864209,0.7963918,0.4587463,125.3875,-0.08710902,0.4348807,0.8962649,0.009524744,1.102481,-0.03682403,1.103137,0.0287077,0.03147433,-0.003789379,0.999085,4.902405,0.6712343,0.7359227,-0.08860205,False
1773055714828,5.569422,0.06679808,0.8758344,0.1783548,0.8963026,0.09560993,-0.2898031,-0.9263231,0.2209041,154.4757,0.09803175,-0.2971439,-0.949787,0.03511844,0.9913195,0.2281047,1.017831,0.0185973,1.003116,0.2593425,1.036266,0.008959673,0.9881593,0.2119038,1.010664,-0.02976426,-0.07120246,0.1136446,0.137371,-0.02172227,-0.06740851,0.1520957,0.1677763,-0.00286587,-0.08848863,0.1064794,0.1384786,-0.03004169,-0.07147174,0.1134618,0.1374201,-0.02150981,-0.0677604,0.1517802,0.1676048,-0.002552264,-0.08909446,0.108407,0.1403439,-0.01637875,-0.07612045,0.1288067,0.1505116,0.1406914,0.7461206,-0.2436198,0.6034563,105.7643,0.1764385,0.9356962,-0.3055192,6.513389,-0.007484565,-0.03609122,0.09995876,0.106538,0.8954269,0.2563658,0.2377442,0.2756179,148.0023,0.9315065,0.2666956,0.2473237,0.600185,False,True,False,-0.104479,0.5913626,0.1258346,0.6135633,-0.09230442,-0.2296326,-0.3161244,-0.915868,312.6586,-0.2299106,-0.5719657,-0.7873983,0.01388025,0.5826399,0.1811135,0.6102983,0.008980937,0.5434268,0.2156933,0.5847366,-0.03676251,0.555044,0.1699554,0.5816444,0.06014381,-0.05612217,0.1116641,0.1386934,0.01745244,-0.07435469,0.1423154,0.1615143,0.008990619,-0.05393833,0.07629342,0.09386618,0.06029622,-0.05597025,0.1116612,0.1386959,0.01745441,-0.0743224,0.142343,0.161524,0.009013571,-0.05374106,0.07623222,0.09370537,0.02573504,-0.06124021,0.1079793,0.1267761,-0.8721787,-0.1527236,0.4538582,0.09996276,168.5259,-0.8765693,-0.1534924,0.456143,16.55987,0,0,0,0,0,0,0,0,0,1,0,0,0.3664058,False,True,False,0.02084215,0.9798312,0.245348,1.010297,0.5262394,-0.5749563,0.1929423,0.596046,106.8255,0.6553822,-0.7160546,0.2402916,0.02915785,0.02016884,0.05465205,0.06514452,-0.07740224,0.3864209,0.7963918,0.4587463,125.3875,-0.08710902,0.4348807,0.8962649,0.009473964,1.102488,-0.0367666,1.103142,0.02875351,0.03136835,-0.003777069,0.9990871,4.896811,0.6730734,0.7342824,-0.08841511,False
1773055714843,5.583054,0.0669492,0.8760362,0.1779121,0.8964231,0.09468818,-0.2899693,-0.9260423,0.2222559,154.3168,0.09711724,-0.297408,-0.9497983,0.03509488,0.991452,0.227679,1.017864,0.01870914,1.003313,0.2589022,1.036348,0.009267561,0.9878947,0.2111366,1.010248,-0.02968748,-0.07113103,0.1136936,0.1373579,-0.02175476,-0.06737792,0.1521152,0.1677859,-0.002948271,-0.08827762,0.1058901,0.1378925,-0.02996841,-0.07140181,0.1135094,0.1374071,-0.02156013,-0.06768212,0.1518488,0.1676418,-0.002633802,-0.08892741,0.1078747,0.1398284,-0.0163526,-0.07602923,0.1287467,0.1504113,0.1423281,0.7518191,-0.2406194,0.5971709,106.6649,0.1774412,0.937297,-0.2999815,6.491545,-0.007484565,-0.03609122,0.09995876,0.106538,0.8954269,0.2563658,0.2377442,0.2756179,148.0023,0.9315065,0.2666956,0.2473237,0.6139417,False,True,False,-0.1044611,0.5914171,0.1258047,0.6136066,-0.09232537,-0.2296649,-0.3160569,-0.915881,312.6623,-0.2299799,-0.5720888,-0.7872889,0.01389202,0.5826154,0.181083,0.6102661,0.009002529,0.5434639,0.2156456,0.5847539,-0.03671239,0.5550461,0.1699315,0.5816362,0.06009157,-0.05616695,0.111669,0.1386928,0.01745609,-0.07436244,0.1423081,0.1615119,0.008982336,-0.05399027,0.07632155,0.09391811,0.06025434,-0.05601052,0.1116628,0.1386952,0.01745475,-0.07433059,0.1423358,0.1615215,0.009007185,-0.0537921,0.07625048,0.09374889,0.02571679,-0.06127343,0.1079804,0.1267894,-0.8722302,-0.1525741,0.4538473,0.09979097,168.5457,-0.8766059,-0.1533395,0.4561241,16.53697,0,0,0,0,0,0,0,0,0,1,0,0,0.3670303,False,True,False,0.02084215,0.9798312,0.245348,1.010297,0.5262394,-0.5749563,0.1929423,0.596046,106.8255,0.6553822,-0.7160546,0.2402916,0.02915785,0.02016884,0.05465205,0.06514452,-0.07740224,0.3864209,0.7963918,0.4587463,125.3875,-0.08710902,0.4348807,0.8962649,0.009426165,1.102504,-0.03669176,1.103155,0.02867153,0.03125427,-0.003675477,0.9990934,4.879835,0.67349,0.7341582,-0.0863364,False
1773055714857,5.597126,0.06696799,0.8761544,0.1776316,0.8964844,0.09409222,-0.2897983,-0.9259969,0.2229202,154.2388,0.09652101,-0.2972789,-0.9498996,0.03502478,0.9914871,0.2275004,1.017856,0.01876472,1.0034,0.258678,1.036378,0.00930329,0.987883,0.2109008,1.010187,-0.02960721,-0.07106875,0.1137369,0.1373442,-0.02178565,-0.06737515,0.1521037,0.1677783,-0.002972884,-0.08821034,0.1057968,0.1377783,-0.02989183,-0.07133172,0.1135574,0.1373936,-0.02160762,-0.06761772,0.1519024,0.1676704,-0.002705382,-0.08877692,0.1074245,0.1393868,-0.01632904,-0.07594949,0.1286913,0.1503211,0.1439917,0.7566571,-0.2380129,0.591681,107.4472,0.1786116,0.9385801,-0.2952383,6.467277,-0.007484565,-0.03609122,0.09995876,0.106538,0.8954269,0.2563658,0.2377442,0.2756179,148.0023,0.9315065,0.2666956,0.2473237,0.5417179,False,True,False,-0.1044763,0.591516,0.1257373,0.6136908,-0.09237805,-0.2296633,-0.3159694,-0.9159063,312.6696,-0.2301443,-0.5721671,-0.7871844,0.01387133,0.5826511,0.1810188,0.6102808,0.008985534,0.5435378,0.2155701,0.5847945,-0.03670293,0.5550907,0.1698702,0.5816602,0.0600604,-0.05619143,0.1116743,0.1386935,0.01746183,-0.07436361,0.1423089,0.1615137,0.008975438,-0.05403598,0.07634763,0.09396492,0.06021363,-0.05604851,0.1116652,0.1386948,0.01745623,-0.07433752,0.1423302,0.1615198,0.009000528,-0.05384333,0.07627085,0.09379423,0.02569954,-0.06130568,0.1079832,0.1268039,-0.8722729,-0.1524349,0.4538527,0.09960532,168.5671,-0.8766323,-0.1531968,0.456121,16.51423,0,0,0,0,0,0,0,0,0,1,0,0,0.3660885,False,True,False,0.02084215,0.9798312,0.245348,1.010297,0.5262394,-0.5749563,0.1929423,0.596046,106.8255,0.6553822,-0.7160546,0.2402916,0.02915785,0.02016884,0.05465205,0.06514452,-0.07740224,0.3864209,0.7963918,0.4587463,125.3875,-0.08710902,0.4348807,0.8962649,0.009368245,1.102544,-0.03662222,1.103192,0.02868259,0.03120779,-0.003418278,0.9990954,4.874376,0.6745043,0.7338875,-0.08038478,False
1773055714871,5.611047,0.06697953,0.8762609,0.1773738,0.8965383,0.0935478,-0.2896288,-0.9259613,0.2235169,154.1686,0.09597599,-0.2971466,-0.9499961,0.03495122,0.9915112,0.2273441,1.017842,0.01881345,1.003478,0.2584707,1.036402,0.009364877,0.9878302,0.2106572,1.010085,-0.02952541,-0.07100733,0.1137796,0.1373302,-0.02181467,-0.06737539,0.1520889,0.1677687,-0.00300395,-0.0881234,0.1056541,0.1376138,-0.02981485,-0.07126402,0.1136038,0.1373802,-0.02165085,-0.06756733,0.1519412,0.1676909,-0.00276786,-0.08864085,0.1070444,0.1390085,-0.01630766,-0.07588075,0.1286395,0.1502396,0.1456276,0.7607571,-0.2357334,0.5869165,108.123,0.1798655,0.9396154,-0.2911556,6.441424,-0.007484565,-0.03609122,0.09995876,0.106538,0.8954269,0.2563658,0.2377442,0.2756179,148.0023,0.9315065,0.2666956,0.2473237,0.5007489,False,True,False,-0.1044919,0.5916184,0.1256674,0.6137778,-0.09244762,-0.2296521,-0.3158732,-0.9159353,312.6778,-0.2303554,-0.5722334,-0.787074,0.01384956,0.5826873,0.1809532,0.6102953,0.008966647,0.5436103,0.2154923,0.5848328,-0.03669501,0.5551355,0.169807,0.5816841,0.0600304,-0.05621402,0.1116801,0.1386943,0.01746833,-0.07436371,0.1423108,0.1615162,0.008968365,-0.05408122,0.07637505,0.09401254,0.06017549,-0.05608296,0.1116683,0.1386946,0.01745875,-0.07434297,0.1423261,0.1615191,0.008993841,-0.05389288,0.07629251,0.09383965,0.02568383,-0.0613358,0.1079875,0.1268189,-0.8723058,-0.1523102,0.4538735,0.09941338,168.5892,-0.8766485,-0.1530684,0.4561331,16.49247,0,0,0,0,0,0,0,0,0,1,0,0,0.3659462,False,True,False,0.02084215,0.9798312,0.245348,1.010297,0.5262394,-0.5749563,0.1929423,0.596046,106.8255,0.6553822,-0.7160546,0.2402916,0.02915785,0.02016884,0.05465205,0.06514452,-0.07740224,0.3864209,0.7963918,0.4587463,125.3875,-0.08710902,0.4348807,0.8962649,0.009310078,1.102569,-0.03656292,1.103214,0.02873199,0.03109887,-0.003254398,0.9990979,4.867626,0.6766036,0.7323406,-0.07663712,False
1773055714885,5.624893,0.06698592,0.8763641,0.1771195,0.8965893,0.09298983,-0.2894436,-0.9259297,0.2241198,154.0978,0.09541709,-0.2969988,-0.9500987,0.03487273,0.9915304,0.2271945,1.017824,0.01885784,1.003549,0.2582673,1.036421,0.009460006,0.9877238,0.2103806,1.009925,-0.02944209,-0.07094677,0.113822,0.1373162,-0.02184188,-0.06737861,0.1520708,0.1677572,-0.003044034,-0.08800889,0.105438,0.1373754,-0.0297369,-0.0711981,0.1136492,0.1373666,-0.02169056,-0.06752826,0.1519681,0.1677046,-0.002825388,-0.08850977,0.1067014,0.138662,-0.01628691,-0.075819,0.128586,0.1501604,0.1472466,0.7644671,-0.2335868,0.582534,108.7421,0.1811582,0.9405279,-0.2873831,6.413626,-0.007484565,-0.03609122,0.09995876,0.106538,0.8954269,0.2563658,0.2377442,0.2756179,148.0023,0.9315065,0.2666956,0.2473237,0.4815111,False,True,False,-0.104508,0.5917239,0.1255952,0.6138675,-0.09253342,-0.229632,-0.3157686,-0.9159678,312.6871,-0.2306119,-0.5722892,-0.7869589,0.01382682,0.5827239,0.1808862,0.6103099,0.008945994,0.5436813,0.2154126,0.5848692,-0.03668854,0.5551807,0.1697421,0.5817079,0.06000159,-0.05623473,0.1116864,0.1386953,0.01747555,-0.07436277,0.1423141,0.1615194,0.008961163,-0.05412594,0.07640386,0.09406099,0.06013944,-0.05611442,0.1116721,0.1386947,0.01746223,-0.07434707,0.1423236,0.1615192,0.008987077,-0.05394122,0.07631557,0.09388551,0.02566945,-0.06136417,0.1079933,0.1268347,-0.8723299,-0.1521975,0.4539088,0.09921421,168.6122,-0.8766552,-0.1529521,0.4561594,16.47145,0,0,0,0,0,0,0,0,0,1,0,0,0.3658983,False,True,False,0.02084215,0.9798312,0.245348,1.010297,0.5262394,-0.5749563,0.1929423,0.596046,106.8255,0.6553822,-0.7160546,0.2402916,0.02915785,0.02016884,0.05465205,0.06514452,-0.07740224,0.3864209,0.7963918,0.4587463,125.3875,-0.08710902,0.4348807,0.8962649,0.009244421,1.102576,-0.03652722,1.10322,0.02860014,0.03106612,-0.003153651,0.9991032,4.853451,0.6754549,0.7336946,-0.07448039,False
1773055714899,5.639167,0.06698787,0.8764678,0.1768595,0.8966396,0.09238452,-0.2892324,-0.9258997,0.2247657,154.0218,0.09481045,-0.2968274,-0.950213,0.0347885,0.9915468,0.227045,1.017804,0.0188993,1.003617,0.2580628,1.036436,0.009574082,0.9875805,0.2100813,1.009723,-0.02935723,-0.07088687,0.113864,0.1373019,-0.02186733,-0.06738455,0.1520497,0.1677437,-0.003089856,-0.08787423,0.1051736,0.1370872,-0.02965562,-0.07113186,0.113695,0.1373526,-0.0217282,-0.06749778,0.1519854,0.167713,-0.002881804,-0.08837467,0.1063676,0.1383201,-0.01626538,-0.07576019,0.1285265,0.1500774,0.148892,0.7680794,-0.2314061,0.5782183,109.3494,0.1824921,0.9414098,-0.2836269,6.382949,-0.007484565,-0.03609122,0.09995876,0.106538,0.8954269,0.2563658,0.2377442,0.2756179,148.0023,0.9315065,0.2666956,0.2473237,0.4719855,False,True,False,-0.1045245,0.5918326,0.1255208,0.6139598,-0.09263496,-0.229603,-0.3156557,-0.9160037,312.6974,-0.2309121,-0.5723336,-0.7868381,0.01380306,0.5827609,0.1808181,0.6103244,0.00892356,0.5437511,0.2153309,0.5849036,-0.03668348,0.5552261,0.1696755,0.5817315,0.0599739,-0.05625365,0.1116931,0.1386964,0.01748354,-0.07436075,0.1423185,0.1615233,0.008953819,-0.05417023,0.07643392,0.09411019,0.06010429,-0.05614399,0.1116765,0.1386951,0.01746675,-0.07434998,0.1423226,0.16152,0.008980024,-0.05398988,0.07634067,0.0939332,0.02565587,-0.06139175,0.1080007,0.1268515,-0.872346,-0.1520924,0.4539593,0.09900196,168.6366,-0.8766527,-0.1528433,0.4562005,16.45049,0,0,0,0,0,0,0,0,0,1,0,0,0.3658026,False,True,False,0.02084215,0.9798312,0.245348,1.010297,0.5262394,-0.5749563,0.1929423,0.596046,106.8255,0.6553822,-0.7160546,0.2402916,0.02915785,0.02016884,0.05465205,0.06514452,-0.07740224,0.3864209,0.7963918,0.4587463,125.3875,-0.08710902,0.4348807,0.8962649,0.009184066,1.102593,-0.03649253,1.103235,0.02857397,0.03098059,-0.003036371,0.9991069,4.84344,0.6762323,0.7331873,-0.07185882,False
1773055714913,5.652628,0.06697315,0.8765469,0.1764828,0.8966416,0.09147685,-0.2892239,-0.9258537,0.2253363,153.9547,0.09389165,-0.2968588,-0.9502943,0.03474536,0.9915898,0.2267015,1.017768,0.01900133,1.00372,0.2576652,1.03644,0.009602316,0.9876048,0.2097751,1.009684,-0.02927522,-0.07085989,0.1138866,0.1372891,-0.02189225,-0.06741278,0.1520029,0.167716,-0.003105582,-0.08782002,0.1051521,0.1370364,-0.0295779,-0.07107659,0.1137339,0.1373395,-0.02176153,-0.06748058,0.151989,0.1677136,-0.002927364,-0.08826208,0.1061143,0.1380544,-0.01624807,-0.07571457,0.1284777,0.1500107,0.1503842,0.7708441,-0.2296487,0.5748438,109.8226,0.1837847,0.9420491,-0.2806538,6.352792,-0.007484565,-0.03609122,0.09995876,0.106538,0.8954269,0.2563658,0.2377442,0.2756179,148.0023,0.9315065,0.2666956,0.2473237,0.4413019,False,True,False,-0.104507,0.5919455,0.1255421,0.6140701,-0.09260124,-0.2296842,-0.3156715,-0.9159813,312.6909,-0.2307986,-0.5724632,-0.7867773,0.01383332,0.5828866,0.1808205,0.610446,0.008958966,0.5438938,0.215367,0.5850501,-0.03664207,0.5553312,0.1696989,0.581836,0.05997781,-0.05625878,0.1116919,0.1386992,0.01748361,-0.07434342,0.1423427,0.1615366,0.008950812,-0.05419076,0.07644899,0.09413397,0.06007865,-0.05616726,0.1116796,0.1386959,0.01747016,-0.07434865,0.1423266,0.1615234,0.00897411,-0.05403063,0.0763626,0.09397388,0.02564603,-0.06141344,0.1080098,0.1268679,-0.8723527,-0.1519698,0.4540321,0.09879771,168.6601,-0.8766416,-0.152717,0.4562643,16.435,0,0,0,0,0,0,0,0,0,1,0,0,0.3645804,False,True,False,0.02084215,0.9798312,0.245348,1.010297,0.5262394,-0.5749563,0.1929423,0.596046,106.8255,0.6553822,-0.7160546,0.2402916,0.02915785,0.02016884,0.05465205,0.06514452,-0.07740224,0.3864209,0.7963918,0.4587463,125.3875,-0.08710902,0.4348807,0.8962649,0.009277478,1.102474,-0.0365453,1.103118,0.02897766,0.0311909,-0.003159919,0.9990883,4.893613,0.6787639,0.7306061,-0.07401697,False
1773055714927,5.666524,0.06700265,0.8765982,0.176253,0.8966487,0.09087183,-0.2892873,-0.9258474,0.2255254,153.9324,0.09327485,-0.2969372,-0.9503305,0.03477426,0.9916316,0.2264671,1.017757,0.01915769,1.003817,0.2573457,1.036457,0.00962865,0.9877304,0.2097763,1.009807,-0.02920206,-0.07085579,0.1138949,0.1372784,-0.02192,-0.06746628,0.151919,0.167665,-0.003102464,-0.08775505,0.1053786,0.1371686,-0.02949918,-0.07103059,0.1137675,0.1373266,-0.02179455,-0.06747761,0.1519744,0.1677035,-0.002963915,-0.08815649,0.1059574,0.137867,-0.01623866,-0.0756745,0.1284482,0.1499642,0.1516801,0.7726747,-0.2282375,0.5726035,110.136,0.1850135,0.9424788,-0.2783954,6.319154,-0.007484565,-0.03609122,0.09995876,0.106538,0.8954269,0.2563658,0.2377442,0.2756179,148.0023,0.9315065,0.2666956,0.2473237,0.4039513,False,True,False,-0.1045247,0.5920446,0.1255387,0.6141679,-0.09262786,-0.2296279,-0.3156062,-0.9160153,312.7007,-0.2309096,-0.5724334,-0.7867665,0.01380544,0.582965,0.1808406,0.610526,0.008930065,0.543983,0.2154014,0.5851453,-0.03665815,0.5554056,0.1697091,0.581911,0.05997081,-0.05625114,0.1117023,0.1387014,0.0174842,-0.07432527,0.1423726,0.1615546,0.008948259,-0.05420373,0.07646374,0.09415317,0.06005624,-0.0561847,0.1116843,0.138697,0.01747307,-0.07434379,0.1423362,0.1615299,0.008968743,-0.05406664,0.07638361,0.09401114,0.02563703,-0.06143079,0.1080217,0.1268846,-0.8723608,-0.1518513,0.4541026,0.09858365,168.6848,-0.8766311,-0.1525946,0.4563254,16.42228,0,0,0,0,0,0,0,0,0,1,0,0,0.3632637,False,True,False,0.02084215,0.9798312,0.245348,1.010297,0.5262394,-0.5749563,0.1929423,0.596046,106.8255,0.6553822,-0.7160546,0.2402916,0.02915785,0.02016884,0.05465205,0.06514452,-0.07740224,0.3864209,0.7963918,0.4587463,125.3875,-0.08710902,0.4348807,0.8962649,0.009263925,1.102426,-0.03655497,1.10307,0.02919413,0.03123216,-0.003173647,0.9990807,4.913889,0.6810117,0.7285529,-0.0740317,False
1773055714940,5.680386,0.06702775,0.8766432,0.1760451,0.8966537,0.09029918,-0.2893491,-0.9258451,0.2256856,153.9136,0.09269058,-0.297012,-0.9503643,0.03479833,0.9916696,0.2262489,1.017747,0.0193089,1.003904,0.2570007,1.036458,0.009653613,0.9878507,0.2098246,1.009935,-0.02912927,-0.07085797,0.1138996,0.1372679,-0.02194549,-0.06754576,0.151793,0.1675862,-0.003101127,-0.08767307,0.1056277,0.1373077,-0.02942188,-0.0709947,0.113795,0.1373142,-0.02182593,-0.06749173,0.1519368,0.1676791,-0.002992489,-0.088056,0.1058873,0.1377495,-0.01623623,-0.07564145,0.1284317,0.1499331,0.1527531,0.7736672,-0.2271103,0.571425,110.3007,0.1861357,0.9427443,-0.276743,6.281835,-0.007484565,-0.03609122,0.09995876,0.106538,0.8954269,0.2563658,0.2377442,0.2756179,148.0023,0.9315065,0.2666956,0.2473237,0.3836993,False,True,False,-0.1045435,0.5921453,0.1255359,0.6142676,-0.09266222,-0.229557,-0.3155354,-0.9160539,312.7117,-0.231046,-0.5723826,-0.7867629,0.01377473,0.5830457,0.1808653,0.6106098,0.008897305,0.5440714,0.2154413,0.5852417,-0.03667872,0.5554821,0.1697212,0.5819888,0.05996575,-0.05623941,0.1117139,0.1387038,0.01748469,-0.07430497,0.1424056,0.1615744,0.008946017,-0.05421344,0.07647806,0.09417018,0.06003746,-0.05619605,0.1116905,0.1386984,0.01747548,-0.07433575,0.1423506,0.1615391,0.008964034,-0.05409712,0.07640319,0.09404413,0.02562906,-0.06144349,0.1080358,0.1269011,-0.8723699,-0.1517414,0.4541689,0.09836673,168.7097,-0.8766213,-0.1524809,0.4563823,16.41249,0,0,0,0,0,0,0,0,0,1,0,0,0.3621217,False,True,False,0.02084215,0.9798312,0.245348,1.010297,0.5262394,-0.5749563,0.1929423,0.596046,106.8255,0.6553822,-0.7160546,0.2402916,0.02915785,0.02016884,0.05465205,0.06514452,-0.07740224,0.3864209,0.7963918,0.4587463,125.3875,-0.08710902,0.4348807,0.8962649,0.009218894,1.102381,-0.0365573,1.103026,0.02941027,0.03139435,-0.003164875,0.9990693,4.944386,0.6818318,0.7278298,-0.07337276,False
1773055714954,5.694294,0.06697229,0.8768579,0.1756104,0.8967742,0.08950695,-0.2896075,-0.9257529,0.2260478,153.871,0.09188529,-0.2973028,-0.9503515,0.0347438,0.991916,0.2257252,1.017869,0.01939476,1.00416,0.2560084,1.036462,0.009640262,0.9880673,0.2095317,1.010086,-0.02907425,-0.07088875,0.1138862,0.137261,-0.02195363,-0.0678203,0.1513251,0.1672747,-0.003109974,-0.08755635,0.1057518,0.1373289,-0.02934908,-0.07097261,0.113814,0.137303,-0.02185255,-0.06756,0.1518096,0.1675949,-0.003017014,-0.08795183,0.1058585,0.1376613,-0.01623197,-0.07563914,0.1283619,0.1498717,0.1537048,0.7742264,-0.2258711,0.5709032,110.3735,0.1872126,0.9430085,-0.2751112,6.230899,-0.007484565,-0.03609122,0.09995876,0.106538,0.8954269,0.2563658,0.2377442,0.2756179,148.0023,0.9315065,0.2666956,0.2473237,0.3895233,False,True,False,-0.1045144,0.5922281,0.1255374,0.6143427,-0.09269855,-0.2294875,-0.315501,-0.9160795,312.719,-0.2311703,-0.5722925,-0.7867918,0.0137874,0.5831079,0.1809025,0.6106805,0.008917749,0.5441464,0.2154799,0.5853259,-0.0366485,0.5555408,0.1697311,0.5820459,0.05994814,-0.0562286,0.111731,0.1387056,0.01748674,-0.07428852,0.1424354,0.1615934,0.008943452,-0.05422824,0.07648748,0.0941861,0.06001888,-0.05620282,0.1116989,0.1386999,0.01747782,-0.07432593,0.1423682,0.1615504,0.008959758,-0.05412441,0.07642071,0.09407367,0.02562048,-0.06145322,0.1080506,0.1269167,-0.8723897,-0.1516518,0.4542096,0.09814097,168.7357,-0.8766215,-0.1523874,0.4564129,16.40413,0,0,0,0,0,0,0,0,0,1,0,0,0.3613038,False,True,False,0.02084215,0.9798312,0.245348,1.010297,0.5262394,-0.5749563,0.1929423,0.596046,106.8255,0.6553822,-0.7160546,0.2402916,0.02915785,0.02016884,0.05465205,0.06514452,-0.07740224,0.3864209,0.7963918,0.4587463,125.3875,-0.08710902,0.4348807,0.8962649,0.009189438,1.102359,-0.03656561,1.103004,0.02951829,0.03138753,-0.003068556,0.9990667,4.951348,0.6833735,0.726648,-0.07103967,False
1773055714968,5.708125,0.06690028,0.8771138,0.1750978,0.8969188,0.08857355,-0.2899279,-0.9256401,0.2264663,153.8218,0.09093616,-0.2976615,-0.9503307,0.03468391,0.9922178,0.2250998,1.018022,0.01948052,1.00447,0.2549596,1.036506,0.009638701,0.9883028,0.2091292,1.010233,-0.02902199,-0.07092869,0.1138672,0.1372548,-0.02196229,-0.06807283,0.1508869,0.1669823,-0.003123743,-0.08742438,0.1058334,0.137308,-0.02928089,-0.0709635,0.113825,0.1372928,-0.02187532,-0.06766614,0.1516188,0.1674679,-0.003039189,-0.08784233,0.1058532,0.1375878,-0.01622658,-0.07565743,0.1282533,0.1497874,0.1544854,0.7745367,-0.224498,0.5708134,110.3861,0.188149,0.9433147,-0.273418,6.170556,-0.007484565,-0.03609122,0.09995876,0.106538,0.8954269,0.2563658,0.2377442,0.2756179,148.0023,0.9315065,0.2666956,0.2473237,0.4136857,False,True,False,-0.1044832,0.5923108,0.1255397,0.6144177,-0.09274139,-0.2294064,-0.3154672,-0.9161071,312.7269,-0.2313135,-0.5721804,-0.7868313,0.01380036,0.5831705,0.1809448,0.6107531,0.008939058,0.54422,0.2155224,0.5854103,-0.03661826,0.5555999,0.1697421,0.5821035,0.05993027,-0.05621471,0.1117499,0.1387075,0.017489,-0.07427088,0.1424674,0.1616137,0.008941061,-0.05424117,0.07649595,0.09420019,0.06000053,-0.05620528,0.1117094,0.1387015,0.01748013,-0.07431455,0.1423887,0.1615635,0.00895589,-0.05414861,0.07643628,0.09409986,0.02561137,-0.06146012,0.1080661,0.1269314,-0.8724192,-0.1515824,0.4542263,0.09790853,168.7625,-0.8766311,-0.1523142,0.4564192,16.39709,0,0,0,0,0,0,0,0,0,1,0,0,0.3605804,False,True,False,0.02084215,0.9798312,0.245348,1.010297,0.5262394,-0.5749563,0.1929423,0.596046,106.8255,0.6553822,-0.7160546,0.2402916,0.02915785,0.02016884,0.05465205,0.06514452,-0.07740224,0.3864209,0.7963918,0.4587463,125.3875,-0.08710902,0.4348807,0.8962649,0.009123336,1.102317,-0.03661771,1.102963,0.02953723,0.03151412,-0.002985857,0.9990623,4.962878,0.682223,0.7278832,-0.06896449,False
1773055714982,5.72213,0.06681822,0.8773856,0.1745587,0.8970735,0.08753774,-0.2902991,-0.9255105,0.2269225,153.7681,0.08988252,-0.2980751,-0.9503012,0.03462259,0.9925476,0.2244269,1.018193,0.01956676,1.004808,0.2539169,1.036579,0.009641834,0.9885476,0.2086847,1.010381,-0.02897247,-0.07097739,0.1138428,0.1372494,-0.02197175,-0.06829944,0.1504878,0.1667157,-0.003139746,-0.08728496,0.1058985,0.1372699,-0.02921599,-0.07096641,0.1138288,0.1372836,-0.02189552,-0.06779859,0.1513822,0.16731,-0.003060283,-0.08772544,0.1058628,0.1375211,-0.01622108,-0.07568841,0.1281182,0.1496868,0.1550696,0.7746948,-0.2229829,0.5710342,110.3553,0.1888959,0.9436838,-0.2716235,6.103199,-0.007484565,-0.03609122,0.09995876,0.106538,0.8954269,0.2563658,0.2377442,0.2756179,148.0023,0.9315065,0.2666956,0.2473237,0.432708,False,True,False,-0.1044497,0.5923938,0.1255428,0.6144925,-0.09279047,-0.2293143,-0.3154339,-0.9161366,312.7353,-0.2314749,-0.5720471,-0.786881,0.01381351,0.5832338,0.180992,0.6108277,0.008961149,0.5442924,0.2155686,0.5854949,-0.03658809,0.5556594,0.1697539,0.5821618,0.05991225,-0.05619775,0.1117704,0.1387094,0.0174914,-0.0742522,0.1425013,0.1616353,0.008938858,-0.05425232,0.07650334,0.09421241,0.05998207,-0.05620371,0.1117222,0.1387031,0.01748248,-0.07430153,0.1424122,0.1615785,0.008952333,-0.05417031,0.0764503,0.0941234,0.02560162,-0.06146449,0.1080824,0.1269454,-0.8724582,-0.1515314,0.4542206,0.09766586,168.7905,-0.8766493,-0.1522593,0.4564026,16.39116,0,0,0,0,0,0,0,0,0,1,0,0,0.3600926,False,True,False,0.02084215,0.9798312,0.245348,1.010297,0.5262394,-0.5749563,0.1929423,0.596046,106.8255,0.6553822,-0.7160546,0.2402916,0.02915785,0.02016884,0.05465205,0.06514452,-0.07740224,0.3864209,0.7963918,0.4587463,125.3875,-0.08710902,0.4348807,0.8962649,0.009047512,1.102305,-0.03668115,1.102952,0.02964971,0.03173424,-0.002955623,0.9990521,4.989781,0.6811274,0.7290142,-0.06789798,False
1773055714995,5.73599,0.06681502,0.8775086,0.1743963,0.897162,0.08606213,-0.290581,-0.9252538,0.2281701,153.6213,0.08839384,-0.2984538,-0.950322,0.03454201,0.9926974,0.2241398,1.018273,0.01968924,1.004913,0.2529838,1.036455,0.009688694,0.9885,0.2085242,1.010301,-0.02890849,-0.07103302,0.1138182,0.1372442,-0.02197119,-0.06866673,0.1498039,0.16625,-0.003170686,-0.08714515,0.1057823,0.137092,-0.02915182,-0.07098024,0.1138266,0.1372753,-0.02191124,-0.06797881,0.1510544,0.1670887,-0.003083247,-0.08760471,0.1058458,0.1374316,-0.01620565,-0.07575139,0.1279051,0.1495347,0.1557233,0.7750584,-0.2211202,0.5710871,110.3479,0.1897007,0.9441692,-0.2693666,6.02229,-0.007484565,-0.03609122,0.09995876,0.106538,0.8954269,0.2563658,0.2377442,0.2756179,148.0023,0.9315065,0.2666956,0.2473237,0.4827892,False,True,False,-0.1044315,0.5924096,0.1255368,0.6145034,-0.09287053,-0.2292704,-0.3153042,-0.9161842,312.749,-0.2317376,-0.5720927,-0.7867708,0.01381694,0.5831828,0.1810103,0.6107845,0.008970141,0.5442722,0.2155764,0.5854792,-0.03658094,0.5556459,0.1697453,0.582146,0.05988043,-0.05620444,0.1117862,0.1387111,0.01749747,-0.07424414,0.1425198,0.1616486,0.008938133,-0.05425619,0.07650368,0.09421485,0.05996099,-0.05620386,0.1117355,0.1387047,0.01748559,-0.07428963,0.1424345,0.161593,0.008949391,-0.05418814,0.07646136,0.09414237,0.02559006,-0.06146813,0.1080962,0.1269566,-0.8725155,-0.1514752,0.4541729,0.09746305,168.8138,-0.8766893,-0.1521998,0.4563455,16.38461,0,0,0,0,0,0,0,0,0,1,0,0,0.3598393,False,True,False,0.02084215,0.9798312,0.245348,1.010297,0.5262394,-0.5749563,0.1929423,0.596046,106.8255,0.6553822,-0.7160546,0.2402916,0.02915785,0.02016884,0.05465205,0.06514452,-0.07740224,0.3864209,0.7963918,0.4587463,125.3875,-0.08710902,0.4348807,0.8962649,0.008970376,1.1023,-0.03672655,1.102948,0.02969387,0.03174125,-0.002899199,0.9990507,4.993389,0.6816488,0.7286482,-0.06655366,False
1773055715009,5.749866,0.06681073,0.877606,0.1742709,0.8972326,0.08441081,-0.290897,-0.9249542,0.2295941,153.4537,0.08672762,-0.2988813,-0.9503412,0.03445098,0.9928265,0.2238726,1.018337,0.01980552,1.004999,0.2521848,1.036345,0.00971701,0.9884264,0.208418,1.010208,-0.02884468,-0.07109635,0.113789,0.1372393,-0.02197381,-0.06897426,0.1492124,0.1658453,-0.003200169,-0.08700217,0.1056849,0.1369267,-0.02908769,-0.07100437,0.1138187,0.1372677,-0.02192425,-0.06818581,0.1506707,0.1668282,-0.003107585,-0.0874792,0.1058119,0.137326,-0.01618455,-0.07583132,0.1276463,0.1493516,0.1563364,0.7755638,-0.219013,0.5710457,110.3536,0.1904408,0.9447516,-0.2667903,5.933078,-0.007484565,-0.03609122,0.09995876,0.106538,0.8954269,0.2563658,0.2377442,0.2756179,148.0023,0.9315065,0.2666956,0.2473237,0.5179799,False,True,False,-0.1044124,0.5924215,0.125531,0.6145105,-0.09295943,-0.2292231,-0.3151631,-0.9162356,312.7636,-0.2320273,-0.5721424,-0.7866492,0.01382032,0.5831224,0.1810297,0.6107327,0.008979157,0.5442439,0.2155831,0.5854555,-0.03657574,0.5556282,0.1697355,0.582126,0.05984671,-0.05621167,0.1118027,0.1387127,0.0175041,-0.07423658,0.1425381,0.1616619,0.008937714,-0.05425766,0.07650221,0.09421446,0.05993726,-0.05620548,0.1117494,0.1387064,0.01748943,-0.07427863,0.142456,0.1616073,0.008946969,-0.05420258,0.07646984,0.09415734,0.02557672,-0.06147108,0.1081079,0.1269653,-0.8725902,-0.1514144,0.4540858,0.09729399,168.8333,-0.8767498,-0.1521362,0.4562504,16.3774,0,0,0,0,0,0,0,0,0,1,0,0,0.3602624,False,True,False,0.02084215,0.9798312,0.245348,1.010297,0.5262394,-0.5749563,0.1929423,0.596046,106.8255,0.6553822,-0.7160546,0.2402916,0.02915785,0.02016884,0.05465205,0.06514452,-0.07740224,0.3864209,0.7963918,0.4587463,125.3875,-0.08710902,0.4348807,0.8962649,0.008895304,1.102311,-0.03676857,1.10296,0.02951945,0.03167814,-0.002898452,0.9990579,4.974538,0.6802136,0.729956,-0.06678872,False
1773055715024,5.763884,0.06678896,0.8776678,0.1741373,0.8972654,0.08081317,-0.2904621,-0.9247136,0.2323916,153.1242,0.08308793,-0.2986382,-0.9507428,0.03436585,0.9928401,0.2237862,1.018328,0.02008566,1.00495,0.2516691,1.036178,0.009553656,0.9884512,0.2089182,1.010334,-0.02873723,-0.07116304,0.1137631,0.1372299,-0.02198381,-0.06925591,0.1486437,0.1654527,-0.00319056,-0.08691598,0.1060301,0.1371384,-0.02901394,-0.0710376,0.1138071,0.1372596,-0.02193673,-0.06841033,0.1502444,0.166537,-0.003124992,-0.08736092,0.1058582,0.1372868,-0.01616506,-0.07592097,0.1273876,0.1491741,0.1568988,0.7752891,-0.2171703,0.5719674,110.2249,0.1912756,0.9451559,-0.2647526,5.835676,-0.007484565,-0.03609122,0.09995876,0.106538,0.8954269,0.2563658,0.2377442,0.2756179,148.0023,0.9315065,0.2666956,0.2473237,0.5441527,False,True,False,-0.1043689,0.5924672,0.1255099,0.614543,-0.093059,-0.2292228,-0.3151718,-0.9162225,312.7599,-0.2322586,-0.572099,-0.7866123,0.01386004,0.5831249,0.181012,0.6107308,0.009032503,0.5442742,0.2155457,0.5854707,-0.03653181,0.5556641,0.1696995,0.5821469,0.0598166,-0.05622837,0.1118119,0.138714,0.01751021,-0.07423603,0.1425408,0.1616647,0.008937766,-0.05425801,0.07649816,0.09421138,0.05991201,-0.05621027,0.1117625,0.138708,0.01749377,-0.07426973,0.1424737,0.1616193,0.008945045,-0.05421418,0.07647576,0.09416865,0.02556251,-0.06147432,0.1081161,0.126971,-0.8726755,-0.1513454,0.4539714,0.09717033,168.8475,-0.8768249,-0.1520651,0.4561299,16.36931,0,0,0,0,0,0,0,0,0,1,0,0,0.3604617,False,True,False,0.02084215,0.9798312,0.245348,1.010297,0.5262394,-0.5749563,0.1929423,0.596046,106.8255,0.6553822,-0.7160546,0.2402916,0.02915785,0.02016884,0.05465205,0.06514452,-0.07740224,0.3864209,0.7963918,0.4587463,125.3875,-0.08710902,0.4348807,0.8962649,0.00880618,1.102354,-0.03680082,1.103004,0.02950806,0.03159049,-0.002702767,0.9990616,4.964771,0.6812893,0.7293689,-0.06240215,False
1773055715037,5.777566,0.06676449,0.8777305,0.1740015,0.8972986,0.07692885,-0.2899382,-0.9244417,0.2354263,152.7665,0.07915369,-0.2983234,-0.9511772,0.03427207,0.9928458,0.2237131,1.018315,0.02037235,1.004891,0.2512276,1.036019,0.009394757,0.9884518,0.2094434,1.010441,-0.02862387,-0.07123628,0.113734,0.1372201,-0.02199549,-0.06950811,0.1481185,0.1650886,-0.003183172,-0.08682664,0.1063574,0.137335,-0.02893343,-0.0710784,0.1137921,0.1372513,-0.02194881,-0.06863645,0.1498051,0.1662356,-0.003136962,-0.08725083,0.105962,0.1372971,-0.01614778,-0.07601182,0.127143,0.1490097,0.1573666,0.7744478,-0.2155777,0.5735789,109.9997,0.1921096,0.9454282,-0.2631723,5.735698,-0.007484565,-0.03609122,0.09995876,0.106538,0.8954269,0.2563658,0.2377442,0.2756179,148.0023,0.9315065,0.2666956,0.2473237,0.5605412,False,True,False,-0.1043232,0.592512,0.1254879,0.6145739,-0.09316708,-0.229226,-0.3151907,-0.9162042,312.7547,-0.232504,-0.5720472,-0.7865773,0.01390292,0.5831257,0.1809911,0.6107263,0.009090103,0.5443031,0.2155028,0.5854826,-0.03648593,0.5557011,0.1696601,0.5821679,0.05978544,-0.05624681,0.1118208,0.1387151,0.0175167,-0.07423683,0.1425414,0.1616663,0.008938188,-0.05425624,0.07649242,0.09420574,0.05988602,-0.05621777,0.1117744,0.1387094,0.01749847,-0.07426298,0.1424876,0.1616289,0.008943639,-0.05422282,0.07647918,0.09417626,0.0255479,-0.06147767,0.1081209,0.1269737,-0.8727683,-0.1512713,0.4538346,0.09709179,168.8566,-0.8769113,-0.1519894,0.4559889,16.36062,0,0,0,0,0,0,0,0,0,1,0,0,0.3607577,False,True,False,0.02084215,0.9798312,0.245348,1.010297,0.5262394,-0.5749563,0.1929423,0.596046,106.8255,0.6553822,-0.7160546,0.2402916,0.02915785,0.02016884,0.05465205,0.06514452,-0.07740224,0.3864209,0.7963918,0.4587463,125.3875,-0.08710902,0.4348807,0.8962649,0.008782975,1.102363,-0.03683379,1.103013,0.0293408,0.03137469,-0.002611019,0.9990736,4.932972,0.6817847,0.7290458,-0.06067159,False
1773055715051,5.791661,0.06673756,0.8777941,0.1738637,0.8973322,0.07314426,-0.2893782,-0.9241635,0.2383948,152.4164,0.07531574,-0.2979692,-0.9515997,0.03416596,0.992848,0.223641,1.018297,0.02064229,1.004825,0.2508143,1.035861,0.009253979,0.9884366,0.2099452,1.010529,-0.0285048,-0.07131594,0.1137018,0.13721,-0.02200802,-0.06974231,0.1476163,0.1647389,-0.003179561,-0.08673407,0.1066508,0.1375038,-0.02884286,-0.07112832,0.1137731,0.1372423,-0.02196127,-0.06886984,0.1493413,0.1659162,-0.003145933,-0.0871418,0.1061084,0.1373411,-0.01613124,-0.07610538,0.1269012,0.1488495,0.1577557,0.7731848,-0.2140872,0.5757302,109.6984,0.1929403,0.9456301,-0.2618356,5.630013,-0.007484565,-0.03609122,0.09995876,0.106538,0.8954269,0.2563658,0.2377442,0.2756179,148.0023,0.9315065,0.2666956,0.2473237,0.5675462,False,True,False,-0.1042753,0.5925558,0.1254651,0.6146033,-0.09328341,-0.2292325,-0.3152198,-0.9161808,312.748,-0.2327632,-0.571987,-0.7865449,0.01394884,0.5831248,0.1809675,0.6107195,0.009151675,0.5443308,0.2154543,0.5854915,-0.03643823,0.5557394,0.1696174,0.5821891,0.05975327,-0.05626694,0.1118293,0.1387163,0.01752357,-0.07423893,0.1425396,0.1616664,0.008938922,-0.05425249,0.07648496,0.09419759,0.05985811,-0.0562281,0.1117859,0.1387108,0.01750374,-0.07425793,0.1424985,0.1616368,0.008942649,-0.05422906,0.0764804,0.09418075,0.02553219,-0.06148126,0.1081228,0.1269739,-0.8728724,-0.1511891,0.4536702,0.09705159,168.8612,-0.8770124,-0.1519062,0.455822,16.35097,0,0,0,0,0,0,0,0,0,1,0,0,0.3610495,False,True,False,0.02084215,0.9798312,0.245348,1.010297,0.5262394,-0.5749563,0.1929423,0.596046,106.8255,0.6553822,-0.7160546,0.2402916,0.02915785,0.02016884,0.05465205,0.06514452,-0.07740224,0.3864209,0.7963918,0.4587463,125.3875,-0.08710902,0.4348807,0.8962649,0.008728225,1.102389,-0.03685996,1.10304,0.02933244,0.0312298,-0.002436084,0.9990788,4.918985,0.683529,0.7277429,-0.05676767,False
1773055715066,5.805718,0.06672738,0.8779788,0.1735222,0.897446,0.06603856,-0.2891054,-0.9235064,0.243296,151.8377,0.06808435,-0.2980615,-0.9521155,0.03419284,0.9930087,0.2233419,1.018389,0.0212371,1.005016,0.2502788,1.035929,0.009147834,0.9886069,0.2104511,1.0108,-0.02834036,-0.07135507,0.1137002,0.137195,-0.02202839,-0.06993213,0.1472054,0.1644542,-0.003163128,-0.08666381,0.1070745,0.1377881,-0.02873691,-0.07117587,0.1137578,0.1372321,-0.02197536,-0.06909368,0.1488891,0.1656044,-0.003149546,-0.08704115,0.1063128,0.1374354,-0.01611627,-0.07619251,0.1266921,0.1487142,0.1582711,0.771348,-0.2129017,0.5784855,109.3118,0.1940328,0.9456356,-0.2610073,5.523782,-0.007484565,-0.03609122,0.09995876,0.106538,0.8954269,0.2563658,0.2377442,0.2756179,148.0023,0.9315065,0.2666956,0.2473237,0.5585037,False,True,False,-0.1042652,0.5926129,0.1254731,0.6146582,-0.09346762,-0.2292497,-0.3152001,-0.9161645,312.7433,-0.2332012,-0.5719765,-0.7864224,0.01396154,0.5831194,0.18096,0.6107125,0.009175502,0.5443472,0.21542,0.5854945,-0.0364281,0.5557772,0.1696029,0.5822203,0.05972593,-0.05628842,0.1118334,0.1387166,0.01753055,-0.07424419,0.1425337,0.1616644,0.008938045,-0.05424893,0.0764834,0.09419419,0.05983039,-0.05624075,0.1117959,0.138712,0.01750936,-0.07425506,0.1425059,0.1616426,0.008941684,-0.05423323,0.07648102,0.09418356,0.02551679,-0.06148526,0.1081225,0.1269725,-0.8729734,-0.1511041,0.4535045,0.09705079,168.8613,-0.8771139,-0.1518208,0.4556555,16.34079,0,0,0,0,0,0,0,0,0,1,0,0,0.361098,False,True,False,0.02084215,0.9798312,0.245348,1.010297,0.5262394,-0.5749563,0.1929423,0.596046,106.8255,0.6553822,-0.7160546,0.2402916,0.02915785,0.02016884,0.05465205,0.06514452,-0.07740224,0.3864209,0.7963918,0.4587463,125.3875,-0.08710902,0.4348807,0.8962649,0.00865477,1.102416,-0.03689715,1.103067,0.02913059,0.03102246,-0.002331223,0.9990914,4.885286,0.6835093,0.7278996,-0.05469895,False
1773055715079,5.819408,0.06671199,0.8782341,0.1730512,0.8976037,0.05922053,-0.2887855,-0.9228191,0.2479937,151.2823,0.06113013,-0.2980975,-0.952576,0.03419691,0.9932299,0.2229233,1.018514,0.02179491,1.005264,0.2495888,1.036014,0.009056963,0.9888476,0.2108046,1.011108,-0.02816571,-0.07139431,0.1136997,0.137179,-0.02204803,-0.0701262,0.146776,0.1641554,-0.003148243,-0.08659574,0.1074805,0.1380608,-0.02861897,-0.0712207,0.1137459,0.1372208,-0.0219903,-0.06930687,0.1484504,0.1653014,-0.003149278,-0.08694931,0.1065543,0.1375642,-0.01610138,-0.07627428,0.126508,0.1485978,0.158912,0.7691188,-0.2119571,0.5816163,108.8714,0.1953524,0.9454868,-0.2605613,5.418447,-0.007484565,-0.03609122,0.09995876,0.106538,0.8954269,0.2563658,0.2377442,0.2756179,148.0023,0.9315065,0.2666956,0.2473237,0.5559739,False,True,False,-0.1042554,0.5926698,0.1254821,0.6147133,-0.09366647,-0.2292708,-0.3151831,-0.9161447,312.7376,-0.233671,-0.571965,-0.7862915,0.0139751,0.5831113,0.1809501,0.6107021,0.009200543,0.5443603,0.2153809,0.5854927,-0.0364185,0.5558151,0.1695872,0.5822513,0.05969835,-0.05631143,0.1118366,0.1387166,0.01753778,-0.074251,0.1425254,0.161661,0.008937292,-0.0542437,0.07648122,0.09418934,0.05980326,-0.05625526,0.1118043,0.1387129,0.01751519,-0.07425422,0.1425099,0.1616464,0.008940782,-0.05423538,0.07648107,0.09418475,0.02550191,-0.06148953,0.1081202,0.1269697,-0.8730698,-0.1510184,0.4533398,0.09708621,168.8572,-0.8772137,-0.1517352,0.4554915,16.3303,0,0,0,0,0,0,0,0,0,1,0,0,0.3612353,False,True,False,0.02084215,0.9798312,0.245348,1.010297,0.5262394,-0.5749563,0.1929423,0.596046,106.8255,0.6553822,-0.7160546,0.2402916,0.02915785,0.02016884,0.05465205,0.06514452,-0.07740224,0.3864209,0.7963918,0.4587463,125.3875,-0.08710902,0.4348807,0.8962649,0.008527026,1.102467,-0.03693489,1.103118,0.02883323,0.03077809,-0.001831264,0.9991086,4.83875,0.6830295,0.7291012,-0.04338074,False
1773055715093,5.833291,0.06679307,0.8784319,0.1727597,0.897747,0.0451023,-0.2859478,-0.9210835,0.2603939,149.8131,0.04671381,-0.2961648,-0.9539939,0.03366048,0.9928799,0.2232939,1.018236,0.02253506,1.005045,0.2499743,1.03591,0.008590247,0.9885069,0.2125639,1.01114,-0.02756443,-0.07144703,0.1137219,0.1371027,-0.02207846,-0.0702763,0.1464689,0.1639493,-0.003122445,-0.08650953,0.1080903,0.1384816,-0.02839868,-0.07126766,0.1137409,0.1371953,-0.02200862,-0.06950935,0.1480341,0.1650152,-0.003143698,-0.08685762,0.1068748,0.1377547,-0.01607662,-0.07634003,0.126401,0.1485377,0.1604963,0.766117,-0.2113734,0.5853435,108.3455,0.1979517,0.9449073,-0.260702,5.29579,-0.007484565,-0.03609122,0.09995876,0.106538,0.8954269,0.2563658,0.2377442,0.2756179,148.0023,0.9315065,0.2666956,0.2473237,0.5349955,False,True,False,-0.1042383,0.5927588,0.1254722,0.6147941,-0.0937551,-0.2293128,-0.3152471,-0.9161031,312.7258,-0.2338367,-0.5719341,-0.7862648,0.01399896,0.5831874,0.1809257,0.6107681,0.00924094,0.5444475,0.2153385,0.5855588,-0.03638607,0.5558953,0.1695627,0.5823187,0.05968469,-0.05632265,0.1118395,0.1387177,0.01754571,-0.07425582,0.1425205,0.1616598,0.00893492,-0.05425337,0.07648522,0.09419794,0.05977863,-0.05626925,0.1118116,0.1387139,0.01752152,-0.07425456,0.1425121,0.1616491,0.008939566,-0.05423912,0.07648193,0.09418749,0.02548883,-0.06149455,0.1081176,0.1269672,-0.8731517,-0.1509489,0.4531987,0.09711603,168.8538,-0.8772986,-0.1516659,0.4553512,16.32015,0,0,0,0,0,0,0,0,0,1,0,0,0.3606046,False,True,False,0.02084215,0.9798312,0.245348,1.010297,0.5262394,-0.5749563,0.1929423,0.596046,106.8255,0.6553822,-0.7160546,0.2402916,0.02915785,0.02016884,0.05465205,0.06514452,-0.07740224,0.3864209,0.7963918,0.4587463,125.3875,-0.08710902,0.4348807,0.8962649,0.008454982,1.102499,-0.03700427,1.103152,0.02871845,0.03023446,-0.001841283,0.9991285,4.784403,0.6880406,0.7243613,-0.04411371,False
1773055715107,5.847254,0.06687108,0.8786179,0.1724885,0.8978828,0.03265986,-0.2833459,-0.9192864,0.2712216,148.5261,0.03393172,-0.2943801,-0.9550859,0.03307121,0.9924845,0.223661,1.017911,0.02321424,1.00486,0.2502042,1.035801,0.008263443,0.9882303,0.214146,1.0112,-0.02684483,-0.07150089,0.1137458,0.1370078,-0.02210794,-0.07044402,0.1461187,0.1637125,-0.003100388,-0.08642901,0.1086555,0.1388726,-0.02807229,-0.07131626,0.1137419,0.1371542,-0.02202936,-0.06970553,0.1476295,0.164738,-0.003134654,-0.08676784,0.1072473,0.1379872,-0.0160378,-0.07639521,0.1263533,0.1485214,0.1631934,0.7625241,-0.2110622,0.5893875,107.7729,0.2020094,0.9438927,-0.2612639,5.155547,-0.007484565,-0.03609122,0.09995876,0.106538,0.8954269,0.2563658,0.2377442,0.2756179,148.0023,0.9315065,0.2666956,0.2473237,0.5249613,False,True,False,-0.1042211,0.5928496,0.1254619,0.6148767,-0.09384186,-0.2293606,-0.3153234,-0.916056,312.7123,-0.2339901,-0.5718997,-0.7862438,0.01402441,0.5832699,0.1808987,0.6108394,0.009283736,0.5445393,0.2152931,0.5856282,-0.03635163,0.5559787,0.1695372,0.5823888,0.05967271,-0.05633359,0.1118417,0.1387186,0.01755397,-0.0742616,0.1425141,0.1616577,0.008932394,-0.05426373,0.07648952,0.09420715,0.05975653,-0.05628267,0.1118178,0.1387149,0.01752828,-0.07425603,0.1425125,0.1616509,0.008938071,-0.05424425,0.07648351,0.09419159,0.02547757,-0.0615002,0.1081146,0.1269651,-0.8732195,-0.1508954,0.4530807,0.09714111,168.8509,-0.877369,-0.1516124,0.4552337,16.3104,0,0,0,0,0,0,0,0,0,1,0,0,0.3600326,False,True,False,0.02084215,0.9798312,0.245348,1.010297,0.5262394,-0.5749563,0.1929423,0.596046,106.8255,0.6553822,-0.7160546,0.2402916,0.02915785,0.02016884,0.05465205,0.06514452,-0.07740224,0.3864209,0.7963918,0.4587463,125.3875,-0.08710902,0.4348807,0.8962649,0.008405171,1.102488,-0.03709978,1.103144,0.02863025,0.03017611,-0.00149013,0.9991333,4.77113,0.6878362,0.7249752,-0.03580009,False
1773055715121,5.860983,0.06702837,0.8789493,0.1721926,0.898162,-0.002623677,-0.2832036,-0.9082779,0.3079288,144.1311,-0.002757674,-0.2976674,-0.9546657,0.03091983,0.9919969,0.2233434,1.017298,0.02320363,1.004835,0.2494297,1.035591,0.006221388,0.9866879,0.216335,1.010145,-0.02610442,-0.07150103,0.1137865,0.1368985,-0.02211652,-0.07075318,0.1453936,0.1632006,-0.003094931,-0.08632762,0.1090894,0.1391494,-0.02766388,-0.07135426,0.1137511,0.1370986,-0.02204731,-0.06992261,0.1471628,0.1644146,-0.003126471,-0.08667686,0.1076266,0.138225,-0.01597597,-0.07646108,0.1262832,0.148489,0.1672144,0.7586822,-0.2107333,0.593323,107.2137,0.207729,0.9425039,-0.261792,4.994002,-0.007484565,-0.03609122,0.09995876,0.106538,0.8954269,0.2563658,0.2377442,0.2756179,148.0023,0.9315065,0.2666956,0.2473237,0.5740758,False,True,False,-0.1042341,0.5928893,0.1254486,0.6149145,-0.09391969,-0.2293699,-0.3153829,-0.9160253,312.7035,-0.2341431,-0.5718224,-0.7862542,0.01401743,0.5832983,0.180871,0.6108581,0.009288326,0.5445793,0.2152662,0.5856555,-0.03634846,0.5560042,0.1695159,0.5824067,0.05966678,-0.0563467,0.1118384,0.1387188,0.01756119,-0.07426061,0.1425197,0.1616629,0.008929695,-0.05427905,0.07649758,0.09422226,0.05973805,-0.05629585,0.1118221,0.1387157,0.01753505,-0.07425696,0.142514,0.1616534,0.008936349,-0.05425141,0.0764864,0.0941979,0.02546843,-0.06150655,0.108113,0.126965,-0.8732704,-0.1508313,0.4530022,0.09714812,168.8501,-0.8774206,-0.1515481,0.4551551,16.30181,0,0,0,0,0,0,0,0,0,1,0,0,0.3594049,False,True,False,0.02084215,0.9798312,0.245348,1.010297,0.5262394,-0.5749563,0.1929423,0.596046,106.8255,0.6553822,-0.7160546,0.2402916,0.02915785,0.02016884,0.05465205,0.06514452,-0.07740224,0.3864209,0.7963918,0.4587463,125.3875,-0.08710902,0.4348807,0.8962649,0.008376751,1.102493,-0.03717171,1.103151,0.0285399,0.02987472,-0.001449497,0.9991451,4.738694,0.6903482,0.7226362,-0.03506171,False
1773055715134,5.874894,0.06720151,0.8793095,0.1718786,0.8984673,-0.02862513,-0.282392,-0.8987191,0.3342745,140.9432,-0.03037227,-0.2996278,-0.9535726,0.02938687,0.9915682,0.2232965,1.016825,0.0232605,1.004866,0.2487606,1.03546,0.005049761,0.9856685,0.2180939,1.009521,-0.02540282,-0.07148943,0.1138331,0.1367992,-0.02212936,-0.07100984,0.1447732,0.1627618,-0.0030951,-0.08623247,0.1094588,0.1393802,-0.02718902,-0.07138234,0.1137682,0.1370324,-0.02206438,-0.07015035,0.1466584,0.1640627,-0.003119942,-0.08658405,0.1080073,0.1384634,-0.01589735,-0.07653122,0.1262035,0.1484489,0.1724,0.7546187,-0.2103681,0.5971383,106.6696,0.2149256,0.9407588,-0.2622591,4.818743,-0.007484565,-0.03609122,0.09995876,0.106538,0.8954269,0.2563658,0.2377442,0.2756179,148.0023,0.9315065,0.2666956,0.2473237,0.5975031,False,True,False,-0.1042489,0.5929271,0.1254348,0.6149506,-0.09399479,-0.2293786,-0.3154499,-0.9159923,312.6941,-0.2342865,-0.5717371,-0.786274,0.01400923,0.5833278,0.1808416,0.6108775,0.009291656,0.5446194,0.2152396,0.5856832,-0.03634611,0.5560282,0.1694947,0.5824233,0.05966263,-0.0563598,0.1118341,0.1387188,0.01756847,-0.07425941,0.1425258,0.1616685,0.008926857,-0.0542952,0.07650623,0.09423832,0.05972236,-0.05630914,0.1118246,0.1387163,0.01754199,-0.07425747,0.1425164,0.1616565,0.008934377,-0.05426052,0.07649052,0.0942063,0.02546095,-0.06151365,0.1081126,0.1269666,-0.8733077,-0.1507561,0.4529571,0.09713969,168.851,-0.8774575,-0.1514725,0.4551094,16.29406,0,0,0,0,0,0,0,0,0,1,0,0,0.3588709,False,True,False,0.02084215,0.9798312,0.245348,1.010297,0.5262394,-0.5749563,0.1929423,0.596046,106.8255,0.6553822,-0.7160546,0.2402916,0.02915785,0.02016884,0.05465205,0.06514452,-0.07740224,0.3864209,0.7963918,0.4587463,125.3875,-0.08710902,0.4348807,0.8962649,0.008318961,1.10254,-0.0371982,1.103199,0.02814058,0.02997905,-0.001257876,0.9991536,4.715175,0.6840854,0.7287778,-0.03057842,False
1773055715149,5.888944,0.06738257,0.8796819,0.1715611,0.8987847,-0.04814869,-0.2813615,-0.8907608,0.3536421,138.5795,-0.05147496,-0.3007988,-0.9522975,0.02823055,0.9911773,0.2233961,1.016433,0.02335611,1.004927,0.2481132,1.035367,0.004395097,0.9850379,0.2195183,1.009211,-0.02466631,-0.07146911,0.1138856,0.1366974,-0.02214373,-0.07124577,0.1441847,0.1623439,-0.003097543,-0.08613337,0.1098245,0.1396065,-0.02665416,-0.07140052,0.1137928,0.1369572,-0.02208103,-0.07038171,0.1461314,0.1636935,-0.003115244,-0.08648919,0.1083886,0.1387018,-0.01580569,-0.07660085,0.1261245,0.1484079,0.1787162,0.7502971,-0.2099739,0.6008542,106.1378,0.2235745,0.938624,-0.2626779,4.634336,-0.007484565,-0.03609122,0.09995876,0.106538,0.8954269,0.2563658,0.2377442,0.2756179,148.0023,0.9315065,0.2666956,0.2473237,0.609839,False,True,False,-0.1042655,0.5929632,0.1254205,0.6149853,-0.09406733,-0.2293867,-0.3155243,-0.9159572,312.6841,-0.2344206,-0.5716434,-0.7863026,0.01400004,0.5833588,0.1808104,0.6108976,0.009293936,0.54466,0.2152135,0.5857113,-0.03634419,0.5560507,0.1694735,0.5824385,0.05966063,-0.0563729,0.1118284,0.1387187,0.01757586,-0.07425798,0.1425324,0.1616745,0.008923901,-0.05431259,0.07651561,0.09425567,0.05970942,-0.0563225,0.1118254,0.1387168,0.01754909,-0.07425757,0.1425198,0.1616603,0.008932183,-0.05427143,0.07649577,0.09421664,0.02545512,-0.06152145,0.1081134,0.1269699,-0.8733315,-0.1506707,0.4529445,0.0971166,168.8537,-0.8774794,-0.1513863,0.4550957,16.28715,0,0,0,0,0,0,0,0,0,1,0,0,0.3584192,False,True,False,0.02084215,0.9798312,0.245348,1.010297,0.5262394,-0.5749563,0.1929423,0.596046,106.8255,0.6553822,-0.7160546,0.2402916,0.02915785,0.02016884,0.05465205,0.06514452,-0.07740224,0.3864209,0.7963918,0.4587463,125.3875,-0.08710902,0.4348807,0.8962649,0.008282106,1.102574,-0.03722204,1.103233,0.02798378,0.03004123,-0.00122555,0.9991561,4.708029,0.6813063,0.731398,-0.02983782,False
1773055715162,5.902717,0.06732304,0.8803222,0.170915,0.8992839,-0.07551003,-0.2788448,-0.8783989,0.3807351,135.2415,-0.08166035,-0.3015568,-0.9499448,0.02592812,0.9902152,0.2238727,1.015538,0.02314845,1.005003,0.2473813,1.03526,0.003487997,0.9842325,0.2218726,1.008937,-0.02297253,-0.07148226,0.1139536,0.1364656,-0.02214197,-0.0714955,0.14351,0.1618549,-0.003122177,-0.08578514,0.1106133,0.1400148,-0.02588373,-0.07141737,0.113826,0.1368457,-0.02209361,-0.07061337,0.1455811,0.1633041,-0.003116675,-0.08634327,0.1088491,0.1389712,-0.01569027,-0.07663206,0.1261426,0.1484271,0.1877231,0.7447668,-0.2095582,0.605118,105.5253,0.2357929,0.9354773,-0.2632192,4.406802,-0.007484565,-0.03609122,0.09995876,0.106538,0.8954269,0.2563658,0.2377442,0.2756179,148.0023,0.9315065,0.2666956,0.2473237,0.7872757,False,True,False,-0.1042112,0.5928985,0.1254272,0.6149151,-0.09395036,-0.2294044,-0.3156104,-0.915935,312.6777,-0.2340995,-0.5716152,-0.786418,0.01405708,0.5833159,0.1808139,0.610859,0.009364247,0.5446486,0.2152503,0.5857154,-0.03627764,0.5560019,0.1694947,0.5823939,0.05965696,-0.05639095,0.1118206,0.1387182,0.01758385,-0.07424877,0.1425515,0.161688,0.008921538,-0.05432077,0.07652299,0.09426615,0.0596986,-0.05633662,0.1118244,0.1387171,0.01755625,-0.07425576,0.1425263,0.161666,0.008929988,-0.05428161,0.07650138,0.09422685,0.02545001,-0.0615288,0.1081158,0.1269745,-0.8733507,-0.150547,0.4529541,0.09709176,168.8566,-0.8774965,-0.1512617,0.4551043,16.28143,0,0,0,0,0,0,0,0,0,1,0,0,0.3583329,False,True,False,0.02084215,0.9798312,0.245348,1.010297,0.5262394,-0.5749563,0.1929423,0.596046,106.8255,0.6553822,-0.7160546,0.2402916,0.02915785,0.02016884,0.05465205,0.06514452,-0.07740224,0.3864209,0.7963918,0.4587463,125.3875,-0.08710902,0.4348807,0.8962649,0.008196842,1.102623,-0.03713904,1.103279,0.02796137,0.03002011,-0.001430469,0.9991571,4.705202,0.68117,0.7313231,-0.0348478,False
1773055715175,5.916498,0.06725733,0.8810066,0.1702311,0.8998193,-0.0961777,-0.2766444,-0.8681062,0.4007609,132.7485,-0.1049765,-0.3019533,-0.9475253,0.02421704,0.9894882,0.224286,1.014878,0.02296497,1.005208,0.2465441,1.035256,0.003072113,0.9838248,0.2234512,1.008886,-0.02148198,-0.07147708,0.1139921,0.1362521,-0.02214146,-0.07171757,0.1428808,0.1613957,-0.003180319,-0.08545769,0.1111417,0.1402341,-0.02495926,-0.07142968,0.1138603,0.1367089,-0.02210349,-0.07084324,0.1450132,0.1628992,-0.003129818,-0.08615955,0.1093247,0.1392306,-0.0155672,-0.07663452,0.1262149,0.1484769,0.1990386,0.7384095,-0.2089666,0.6094818,104.8959,0.2510578,0.9313944,-0.2635804,4.157518,-0.007484565,-0.03609122,0.09995876,0.106538,0.8954269,0.2563658,0.2377442,0.2756179,148.0023,0.9315065,0.2666956,0.2473237,0.9235359,False,True,False,-0.1041543,0.5928264,0.1254348,0.6148375,-0.09380858,-0.2294228,-0.315704,-0.9159127,312.6714,-0.2337166,-0.5715888,-0.7865514,0.01411694,0.5832714,0.1808187,0.6108193,0.009437509,0.5446373,0.2152937,0.585722,-0.03620812,0.5559493,0.1695196,0.5823466,0.0596548,-0.05640966,0.1118116,0.1387176,0.01759194,-0.07423843,0.1425728,0.1617029,0.008919087,-0.05432883,0.07653072,0.09427684,0.05968956,-0.0563517,0.1118217,0.1387172,0.01756361,-0.07425218,0.1425359,0.1616736,0.00892774,-0.05429136,0.07650743,0.09423716,0.0254455,-0.0615359,0.1081198,0.1269804,-0.8733656,-0.1503864,0.4529846,0.09706458,168.8597,-0.8775091,-0.1510999,0.4551337,16.27671,0,0,0,0,0,0,0,0,0,1,0,0,0.3583223,False,True,False,0.02084215,0.9798312,0.245348,1.010297,0.5262394,-0.5749563,0.1929423,0.596046,106.8255,0.6553822,-0.7160546,0.2402916,0.02915785,0.02016884,0.05465205,0.06514452,-0.07740224,0.3864209,0.7963918,0.4587463,125.3875,-0.08710902,0.4348807,0.8962649,0.00810971,1.102666,-0.03705513,1.103318,0.02785588,0.0300411,-0.001429139,0.9991595,4.698708,0.6795382,0.7328462,-0.03486353,False
1773055715190,5.930507,0.06687857,0.8814537,0.168453,0.8998943,-0.1236113,-0.2821529,-0.8527537,0.4218072,130.1025,-0.1363331,-0.3111915,-0.9405175,0.02241403,0.9895868,0.2216267,1.014349,0.0223965,1.00645,0.2420676,1.035393,0.002506763,0.9839349,0.2219963,1.008671,-0.02023092,-0.07148942,0.1139901,0.1360653,-0.02210511,-0.0720047,0.1419943,0.1607348,-0.003225422,-0.08508054,0.1113755,0.1401913,-0.02395011,-0.07144217,0.1138874,0.1365574,-0.02210383,-0.07108828,0.1443691,0.1624333,-0.003149819,-0.08593265,0.1097565,0.1394303,-0.01543562,-0.0766262,0.1262574,0.148495,0.2120359,0.7317501,-0.2077114,0.6135459,104.3073,0.2685157,0.9266658,-0.2630394,3.894517,-0.007484565,-0.03609122,0.09995876,0.106538,0.8954269,0.2563658,0.2377442,0.2756179,148.0023,0.9315065,0.2666956,0.2473237,0.9793658,False,True,False,-0.1041887,0.5926633,0.1254769,0.6146947,-0.09370694,-0.2294637,-0.3158489,-0.9158629,312.6572,-0.2333973,-0.5715287,-0.7866896,0.01409181,0.5831341,0.1808437,0.610695,0.009428576,0.5445337,0.2153511,0.5856466,-0.03622678,0.5558146,0.1695738,0.5822349,0.05965039,-0.05643806,0.1117986,0.1387168,0.01759908,-0.07423368,0.1425854,0.1617126,0.008917066,-0.05432903,0.07653905,0.09428354,0.05968136,-0.05636976,0.1118169,0.1387171,0.01757102,-0.07424831,0.1425463,0.1616818,0.00892551,-0.05429924,0.07651404,0.09424686,0.02544123,-0.06154316,0.1081243,0.1269869,-0.8733767,-0.1501842,0.4530304,0.09706392,168.8598,-0.8775202,-0.1508967,0.4551798,16.27221,0,0,0,0,0,0,0,0,0,1,0,0,0.3587813,False,True,False,0.02084215,0.9798312,0.245348,1.010297,0.5262394,-0.5749563,0.1929423,0.596046,106.8255,0.6553822,-0.7160546,0.2402916,0.02915785,0.02016884,0.05465205,0.06514452,-0.07740224,0.3864209,0.7963918,0.4587463,125.3875,-0.08710902,0.4348807,0.8962649,0.00805749,1.102691,-0.03700006,1.103341,0.0279915,0.03012629,-0.001380781,0.9991531,4.716337,0.6802935,0.7321766,-0.03355792,False
1773055715203,5.944483,0.06649147,0.881901,0.1666586,0.8999698,-0.1445118,-0.2850313,-0.8402098,0.4380878,128.0361,-0.1607594,-0.3170777,-0.9346755,0.0208358,0.9894308,0.2196264,1.013727,0.02171649,1.00718,0.2384342,1.035246,0.002062634,0.9839938,0.2207687,1.008458,-0.0190546,-0.07149725,0.1139682,0.1358811,-0.02206958,-0.07224365,0.1412033,0.1601392,-0.003269685,-0.08473667,0.1115802,0.1401469,-0.02290404,-0.07145366,0.1139043,0.136398,-0.02209668,-0.07133166,0.1436941,0.1619397,-0.003174849,-0.08568145,0.1101401,0.1395788,-0.01530963,-0.07660515,0.1262849,0.1484945,0.2263471,0.7247285,-0.2059922,0.6173353,103.7564,0.2877171,0.9212258,-0.2618433,3.634737,-0.007484565,-0.03609122,0.09995876,0.106538,0.8954269,0.2563658,0.2377442,0.2756179,148.0023,0.9315065,0.2666956,0.2473237,1.008968,False,True,False,-0.1042268,0.5924882,0.125522,0.6145415,-0.09359048,-0.2295081,-0.3160064,-0.9158094,312.6418,-0.2330364,-0.5714655,-0.7868426,0.01406392,0.5829892,0.1808699,0.6105637,0.009417325,0.5444242,0.2154133,0.5855675,-0.03624855,0.555672,0.1696328,0.5821174,0.05964685,-0.05646842,0.1117839,0.1387158,0.01760626,-0.07422872,0.1425985,0.1617226,0.008915034,-0.05432791,0.07654775,0.09428975,0.05967416,-0.05639035,0.11181,0.1387168,0.01757837,-0.07424423,0.1425572,0.1616903,0.008923325,-0.05430522,0.07652108,0.09425581,0.0254373,-0.06155045,0.1081291,0.1269938,-0.8733838,-0.1499457,0.4530904,0.09708852,168.8569,-0.8775295,-0.1506574,0.4552411,16.26801,0,0,0,0,0,0,0,0,0,1,0,0,0.3592805,False,True,False,0.02084215,0.9798312,0.245348,1.010297,0.5262394,-0.5749563,0.1929423,0.596046,106.8255,0.6553822,-0.7160546,0.2402916,0.02915785,0.02016884,0.05465205,0.06514452,-0.07740224,0.3864209,0.7963918,0.4587463,125.3875,-0.08710902,0.4348807,0.8962649,0.00803519,1.102674,-0.03701321,1.103324,0.02800582,0.03014417,-0.00128379,0.9991523,4.718494,0.6803304,0.732276,-0.03118641,False
1773055715218,5.95829,0.06604059,0.8825626,0.1649372,0.900268,-0.1646675,-0.2908844,-0.8249749,0.4557274,125.7765,-0.1849948,-0.3267925,-0.9268136,0.01884584,0.9900187,0.2166065,1.013613,0.01993032,1.00812,0.2341518,1.035148,0.0006021634,0.9842473,0.218802,1.008275,-0.01878873,-0.07161407,0.1138956,0.1358447,-0.02200229,-0.0724749,0.1404178,0.1595427,-0.003277976,-0.08469075,0.1117228,0.1402328,-0.02203126,-0.07148681,0.1139025,0.13627,-0.02207717,-0.07157025,0.1430011,0.1614281,-0.003196177,-0.08547528,0.1104702,0.1397136,-0.01519969,-0.0766153,0.1262221,0.148435,0.2387335,0.7179025,-0.2043142,0.6211907,103.1937,0.3046394,0.9160901,-0.2607181,3.413714,-0.007484565,-0.03609122,0.09995876,0.106538,0.8954269,0.2563658,0.2377442,0.2756179,148.0023,0.9315065,0.2666956,0.2473237,0.8771924,False,True,False,-0.1042966,0.5923598,0.125559,0.6144371,-0.09341342,-0.2295979,-0.3161536,-0.9157541,312.6261,-0.2325226,-0.5715098,-0.7869624,0.01400249,0.5828875,0.180889,0.6104709,0.009377629,0.5443689,0.2154512,0.5855294,-0.03630368,0.5555877,0.1696837,0.5820552,0.0596291,-0.05650569,0.111772,0.1387138,0.01761407,-0.07423483,0.1425942,0.1617225,0.008913223,-0.05432178,0.07655213,0.09428961,0.05966484,-0.05641419,0.1118022,0.1387162,0.01758575,-0.07424229,0.1425648,0.161697,0.008921239,-0.05430864,0.07652749,0.09426279,0.0254323,-0.06155822,0.1081319,0.1269989,-0.8733957,-0.1496973,0.4531344,0.09715912,168.8488,-0.8775475,-0.1504089,0.4552885,16.26257,0,0,0,0,0,0,0,0,0,1,0,0,0.3601281,False,True,False,0.02084215,0.9798312,0.245348,1.010297,0.5262394,-0.5749563,0.1929423,0.596046,106.8255,0.6553822,-0.7160546,0.2402916,0.02915785,0.02016884,0.05465205,0.06514452,-0.07740224,0.3864209,0.7963918,0.4587463,125.3875,-0.08710902,0.4348807,0.8962649,0.008013643,1.102639,-0.03702625,1.103289,0.0281876,0.03007121,-0.0009856893,0.9991497,4.725789,0.6836891,0.7293757,-0.02390785,False
1773055715232,5.972284,0.0656355,0.8831476,0.1634026,0.9005321,-0.1816254,-0.2945731,-0.811852,0.4702504,123.8989,-0.2058001,-0.3337814,-0.9199111,0.01699647,0.9903152,0.214197,1.013358,0.018442,1.008681,0.2307316,1.034898,-0.0005041435,0.9844549,0.2174096,1.008176,-0.01842192,-0.07192627,0.1136938,0.1357904,-0.02193025,-0.07268194,0.1396708,0.1589702,-0.003282716,-0.08463418,0.111921,0.1403568,-0.02125653,-0.07157863,0.1138589,0.1361587,-0.02204647,-0.07180482,0.1422882,0.1608972,-0.003214266,-0.08529832,0.1107762,0.1398481,-0.01510652,-0.07664411,0.1261154,0.1483497,0.2489079,0.7109342,-0.2027519,0.625707,102.5318,0.3190889,0.9113861,-0.2599189,3.215217,-0.007484565,-0.03609122,0.09995876,0.106538,0.8954269,0.2563658,0.2377442,0.2756179,148.0023,0.9315065,0.2666956,0.2473237,0.7851508,False,True,False,-0.1043717,0.5922247,0.125598,0.6143276,-0.09321603,-0.2296969,-0.3163096,-0.9156956,312.6094,-0.2319542,-0.5715666,-0.7870893,0.01393618,0.5827819,0.1809089,0.6103745,0.009334192,0.5443127,0.2154899,0.5854907,-0.03636389,0.5555018,0.1697377,0.5819926,0.05960974,-0.05654551,0.1117593,0.1387114,0.01762193,-0.07424256,0.1425876,0.1617211,0.008911415,-0.05431388,0.07655608,0.09428809,0.05965333,-0.05644163,0.1117932,0.1387152,0.0175933,-0.07424235,0.1425696,0.161702,0.008919188,-0.05430974,0.07653346,0.09426808,0.02542618,-0.06156666,0.1081327,0.1270024,-0.8734123,-0.1494343,0.4531646,0.09727475,168.8355,-0.8775741,-0.1501463,0.4553239,16.25583,0,0,0,0,0,0,0,0,0,1,0,0,0.3609259,False,True,False,0.02084215,0.9798312,0.245348,1.010297,0.5262394,-0.5749563,0.1929423,0.596046,106.8255,0.6553822,-0.7160546,0.2402916,0.02915785,0.02016884,0.05465205,0.06514452,-0.07740224,0.3864209,0.7963918,0.4587463,125.3875,-0.08710902,0.4348807,0.8962649,0.008003525,1.102559,-0.03714824,1.103214,0.02824628,0.03018276,-0.0005730424,0.999145,4.738694,0.683246,0.7300872,-0.01386126,False
1773055715245,5.985984,0.06527302,0.8836635,0.162039,0.9007655,-0.1968622,-0.297107,-0.7997608,0.4830686,122.228,-0.2248356,-0.339325,-0.9134043,0.01524476,0.9903718,0.2122572,1.012977,0.01712731,1.009004,0.2278494,1.034552,-0.001380235,0.9846549,0.2164347,1.008162,-0.01794425,-0.07231322,0.1134288,0.1357103,-0.02185289,-0.0728723,0.1389397,0.158405,-0.003282246,-0.08455969,0.1122097,0.1405423,-0.02055665,-0.07172965,0.1137706,0.1360568,-0.02200672,-0.07202635,0.1415825,0.1603673,-0.003228238,-0.0851455,0.1110737,0.1399912,-0.01503264,-0.07667979,0.1259986,0.1482613,0.2567155,0.7036821,-0.2014778,0.6311382,101.7317,0.3309595,0.9071922,-0.2597467,3.036978,-0.007484565,-0.03609122,0.09995876,0.106538,0.8954269,0.2563658,0.2377442,0.2756179,148.0023,0.9315065,0.2666956,0.2473237,0.763242,False,True,False,-0.1044517,0.5920836,0.1256387,0.6142135,-0.0929989,-0.2298046,-0.3164737,-0.9156339,312.5918,-0.231333,-0.5716347,-0.7872224,0.0138654,0.5826729,0.1809296,0.6102749,0.009287246,0.5442559,0.2155293,0.5854516,-0.0364289,0.5554146,0.1697949,0.5819302,0.05958894,-0.05658786,0.1117458,0.1387089,0.01762987,-0.07425191,0.1425787,0.1617184,0.008909635,-0.05430428,0.07655973,0.09428535,0.0596401,-0.05647167,0.1117835,0.1387139,0.01760081,-0.07424431,0.1425714,0.1617053,0.008917227,-0.05430862,0.07653885,0.09427162,0.02541921,-0.06157549,0.1081316,0.1270044,-0.8734326,-0.149165,0.4531807,0.09742964,168.8176,-0.8776079,-0.1498781,0.455347,16.24808,0,0,0,0,0,0,0,0,0,1,0,0,0.361727,False,True,False,0.02084215,0.9798312,0.245348,1.010297,0.5262394,-0.5749563,0.1929423,0.596046,106.8255,0.6553822,-0.7160546,0.2402916,0.02915785,0.02016884,0.05465205,0.06514452,-0.07740224,0.3864209,0.7963918,0.4587463,125.3875,-0.08710902,0.4348807,0.8962649,0.008021306,1.102448,-0.03730063,1.103108,0.02868665,0.03023626,-0.0008174995,0.9991307,4.778345,0.6881503,0.7253232,-0.0196106,False
1773055715259,5.999887,0.06514357,0.884217,0.1610051,0.9011137,-0.2163688,-0.2989608,-0.7868001,0.4947246,120.6968,-0.2489717,-0.3440088,-0.9053569,0.01364999,0.9906084,0.2101625,1.012748,0.01688395,1.009682,0.2252546,1.034641,-0.001283698,0.9851912,0.2156207,1.008512,-0.01728616,-0.07356343,0.1126045,0.1356103,-0.0216573,-0.07305743,0.1382217,0.1578343,-0.003287108,-0.08453991,0.1121766,0.1405041,-0.01985693,-0.0721117,0.1135282,0.1359524,-0.02193415,-0.07224286,0.140865,0.159822,-0.003240478,-0.08501874,0.1113053,0.1400984,-0.01499826,-0.07672637,0.1259161,0.1482118,0.2588456,0.6968019,-0.200704,0.6381097,100.698,0.3361869,0.9050016,-0.260673,2.862256,-0.007484565,-0.03609122,0.09995876,0.106538,0.8954269,0.2563658,0.2377442,0.2756179,148.0023,0.9315065,0.2666956,0.2473237,0.8362198,False,True,False,-0.1044535,0.5921105,0.1256294,0.6142378,-0.09296115,-0.2297968,-0.3165468,-0.9156144,312.5863,-0.2312136,-0.5715522,-0.7873173,0.01386029,0.5826828,0.1809161,0.6102803,0.009291649,0.5443012,0.2155212,0.5854909,-0.03642624,0.5554549,0.1697964,0.581969,0.05956594,-0.05662092,0.1117367,0.1387051,0.01763187,-0.07425692,0.1425753,0.1617179,0.008908104,-0.05430123,0.07656627,0.09428877,0.05962468,-0.0565027,0.1117738,0.1387121,0.01760726,-0.07424693,0.1425722,0.161708,0.008915333,-0.05430708,0.07654455,0.09427518,0.02541109,-0.06158468,0.1081304,0.1270062,-0.8734568,-0.1488946,0.4531873,0.09759547,168.7986,-0.8776466,-0.1496088,0.4553612,16.23946,0,0,0,0,0,0,0,0,0,1,0,0,0.3619847,False,True,False,0.02084215,0.9798312,0.245348,1.010297,0.5262394,-0.5749563,0.1929423,0.596046,106.8255,0.6553822,-0.7160546,0.2402916,0.02915785,0.02016884,0.05465205,0.06514452,-0.07740224,0.3864209,0.7963918,0.4587463,125.3875,-0.08710902,0.4348807,0.8962649,0.008002616,1.102366,-0.03738845,1.103029,0.02878047,0.03051931,-0.0007110821,0.9991195,4.809049,0.6859915,0.7274373,-0.01694887,False
1773055715274,6.013838,0.06501487,0.8847179,0.1600492,0.9014258,-0.2338066,-0.3003542,-0.7742095,0.5056891,119.2458,-0.2710123,-0.3481497,-0.8974097,0.01215013,0.990643,0.2085102,1.012422,0.01637071,1.010021,0.2229732,1.034469,-0.00131917,0.9855599,0.2149255,1.008723,-0.01668595,-0.07455647,0.1119208,0.1355114,-0.021371,-0.07325024,0.1374642,0.1572219,-0.003289973,-0.08452036,0.1121387,0.1404621,-0.01917623,-0.07262353,0.1131928,0.1358474,-0.02181685,-0.07245497,0.1401363,0.1592604,-0.003250797,-0.08491416,0.1114807,0.1401747,-0.0149781,-0.07678141,0.1258323,0.1481671,0.2569369,0.6902051,-0.2004996,0.6460652,99.50882,0.3366211,0.9042594,-0.2626808,2.69543,-0.007484565,-0.03609122,0.09995876,0.106538,0.8954269,0.2563658,0.2377442,0.2756179,148.0023,0.9315065,0.2666956,0.2473237,0.9055887,False,True,False,-0.1044547,0.5921426,0.1256186,0.6142668,-0.09292971,-0.2297818,-0.3166154,-0.9155977,312.5815,-0.2311134,-0.5714607,-0.7874132,0.01385465,0.5826939,0.1809023,0.6102867,0.009294614,0.5443479,0.2155112,0.5855306,-0.03642396,0.5554992,0.1697966,0.5820111,0.05954143,-0.05665482,0.1117275,0.1387011,0.0176331,-0.07426268,0.1425709,0.1617168,0.008906612,-0.0542978,0.07657291,0.09429204,0.05960733,-0.05653441,0.1117641,0.1387098,0.01761264,-0.07425021,0.1425719,0.1617098,0.008913517,-0.05430515,0.07655045,0.09427869,0.02540195,-0.06159417,0.108129,0.1270078,-0.8734846,-0.1486257,0.4531843,0.09777089,168.7784,-0.8776897,-0.1493412,0.455366,16.23009,0,0,0,0,0,0,0,0,0,1,0,0,0.3622563,False,True,False,0.02084215,0.9798312,0.245348,1.010297,0.5262394,-0.5749563,0.1929423,0.596046,106.8255,0.6553822,-0.7160546,0.2402916,0.02915785,0.02016884,0.05465205,0.06514452,-0.07740224,0.3864209,0.7963918,0.4587463,125.3875,-0.08710902,0.4348807,0.8962649,0.007975332,1.102317,-0.03744997,1.102982,0.02890055,0.03044987,-0.0007323917,0.9991181,4.812792,0.688318,0.7252178,-0.01744321,False
1773055715286,6.027631,0.06506971,0.8849884,0.1596871,0.9016311,-0.2493059,-0.3004721,-0.764799,0.5124897,118.3404,-0.2903318,-0.3499178,-0.8906544,0.01126866,0.9906465,0.2074315,1.012193,0.01637634,1.009875,0.22104,1.033912,-0.0005550534,0.9860293,0.2147614,1.009146,-0.01613729,-0.0758185,0.1110216,0.1354055,-0.02101183,-0.0738159,0.1360064,0.1561667,-0.003294378,-0.08449054,0.1120025,0.1403355,-0.01852929,-0.07328829,0.1127428,0.1357404,-0.02165055,-0.07273912,0.1392576,0.1585951,-0.003259801,-0.08482607,0.1115896,0.1402081,-0.01495696,-0.07689383,0.125636,0.1480567,0.2503071,0.6836816,-0.2000412,0.6556747,98.05834,0.3315136,0.9054865,-0.2649401,2.524782,-0.007484565,-0.03609122,0.09995876,0.106538,0.8954269,0.2563658,0.2377442,0.2756179,148.0023,0.9315065,0.2666956,0.2473237,1.007737,False,True,False,-0.1044616,0.5921741,0.1255962,0.6142937,-0.0929409,-0.2297674,-0.316644,-0.9155902,312.5794,-0.2311315,-0.5714006,-0.7874512,0.01384307,0.5826699,0.1808731,0.6102548,0.009294122,0.5443825,0.2154871,0.5855539,-0.03643116,0.5555377,0.1697856,0.5820451,0.05950313,-0.05670427,0.1117188,0.1386978,0.01763928,-0.0742655,0.142572,0.1617198,0.008905105,-0.05428858,0.07658289,0.0942947,0.05958581,-0.05656951,0.1117548,0.1387073,0.01761814,-0.07425337,0.142572,0.1617119,0.008911781,-0.05430173,0.07655715,0.09428199,0.02539054,-0.06160401,0.1081276,0.1270091,-0.8735244,-0.1483264,0.453162,0.09797246,168.7552,-0.8777472,-0.1490434,0.4553526,16.21898,0,0,0,0,0,0,0,0,0,1,0,0,0.3633704,False,True,False,0.02084215,0.9798312,0.245348,1.010297,0.5262394,-0.5749563,0.1929423,0.596046,106.8255,0.6553822,-0.7160546,0.2402916,0.02915785,0.02016884,0.05465205,0.06514452,-0.07740224,0.3864209,0.7963918,0.4587463,125.3875,-0.08710902,0.4348807,0.8962649,0.007919181,1.102285,-0.03749961,1.102951,0.02886797,0.03042218,-0.0005277239,0.9991201,4.807584,0.6882868,0.7253434,-0.0125823,False
1773055715301,6.041615,0.06510708,0.8852203,0.1593622,0.9018039,-0.2642633,-0.3006239,-0.7546915,0.5198374,117.3573,-0.3093458,-0.3519093,-0.8834394,0.01037385,0.9905128,0.2065973,1.011882,0.01614367,1.009562,0.2193064,1.033233,4.172325E-07,0.9862782,0.2145966,1.009354,-0.01565162,-0.0768464,0.1102589,0.1353047,-0.0206558,-0.0742951,0.1346369,0.1551564,-0.003300794,-0.08444729,0.111801,0.1401489,-0.01790985,-0.07403883,0.1122213,0.1356323,-0.02144261,-0.07306772,0.1382619,0.157845,-0.003268362,-0.08474647,0.1116341,0.1401957,-0.01492559,-0.07704517,0.1253346,0.1478766,0.2401434,0.6771317,-0.1993208,0.6664045,96.41966,0.3220848,0.9081819,-0.2673329,2.354676,-0.007484565,-0.03609122,0.09995876,0.106538,0.8954269,0.2563658,0.2377442,0.2756179,148.0023,0.9315065,0.2666956,0.2473237,1.049227,False,True,False,-0.1044683,0.5922097,0.1255717,0.6143242,-0.09296287,-0.2297472,-0.3166635,-0.9155864,312.5783,-0.2311811,-0.5713379,-0.7874823,0.01383059,0.5826421,0.1808424,0.6102188,0.009292506,0.5444167,0.2154604,0.5855759,-0.03643961,0.5555788,0.1697727,0.5820811,0.05946157,-0.05675664,0.1117101,0.1386945,0.01764556,-0.0742685,0.1425733,0.1617229,0.008903673,-0.05427815,0.07659335,0.09429705,0.05955986,-0.05660859,0.1117455,0.1387046,0.01762386,-0.07425652,0.1425722,0.1617142,0.00891009,-0.05429681,0.07656471,0.09428514,0.0253767,-0.06161442,0.1081263,0.1270103,-0.8735767,-0.1479916,0.4531207,0.09820357,168.7285,-0.8778197,-0.1487104,0.4553215,16.20599,0,0,0,0,0,0,0,0,0,1,0,0,0.364444,False,True,False,0.02084215,0.9798312,0.245348,1.010297,0.5262394,-0.5749563,0.1929423,0.596046,106.8255,0.6553822,-0.7160546,0.2402916,0.02915785,0.02016884,0.05465205,0.06514452,-0.07740224,0.3864209,0.7963918,0.4587463,125.3875,-0.08710902,0.4348807,0.8962649,0.007794201,1.102281,-0.03748396,1.102946,0.02864892,0.03014416,-0.0004318081,0.9991348,4.767026,0.6888775,0.7248312,-0.01038304,False
1773055715315,6.055595,0.06513688,0.8854526,0.1590254,0.9019746,-0.279141,-0.3007489,-0.7438415,0.5275701,116.3172,-0.32859,-0.3540257,-0.8756109,0.009466816,0.9903007,0.2058974,1.011523,0.01580275,1.009189,0.217695,1.032523,0.0004435033,0.9864265,0.2144098,1.00946,-0.01519385,-0.07774635,0.109567,0.1352046,-0.02031272,-0.07469205,0.13336,0.154196,-0.003307247,-0.0843979,0.1115668,0.1399324,-0.01732527,-0.07482287,0.1116629,0.1355258,-0.02120625,-0.0734109,0.1372036,0.1570468,-0.003276481,-0.08467325,0.1116199,0.1401403,-0.01488343,-0.07721692,0.1249528,0.1476386,0.2272294,0.670537,-0.1984026,0.6777784,94.65945,0.3090436,0.9119647,-0.2698377,2.192207,-0.007484565,-0.03609122,0.09995876,0.106538,0.8954269,0.2563658,0.2377442,0.2756179,148.0023,0.9315065,0.2666956,0.2473237,1.071121,False,True,False,-0.1044749,0.5922493,0.1255452,0.6143581,-0.09299535,-0.2297215,-0.3166743,-0.9155858,312.5781,-0.2312611,-0.5712721,-0.7875065,0.0138172,0.5826105,0.1808101,0.6101789,0.009289749,0.5444506,0.2154312,0.5855966,-0.03644922,0.5556224,0.1697583,0.5821191,0.05941688,-0.05681175,0.1117015,0.1386909,0.01765198,-0.07427154,0.1425745,0.1617262,0.008902268,-0.05426656,0.07660439,0.09429922,0.05953001,-0.05665103,0.1117363,0.1387017,0.01762973,-0.07425965,0.1425727,0.1617167,0.008908458,-0.0542905,0.07657298,0.09428807,0.02536073,-0.06162525,0.108125,0.1270113,-0.8736402,-0.1476267,0.4530617,0.09846035,168.699,-0.877906,-0.1483475,0.4552739,16.19137,0,0,0,0,0,0,0,0,0,1,0,0,0.3655002,False,True,False,0.02084215,0.9798312,0.245348,1.010297,0.5262394,-0.5749563,0.1929423,0.596046,106.8255,0.6553822,-0.7160546,0.2402916,0.02915785,0.02016884,0.05465205,0.06514452,-0.07740224,0.3864209,0.7963918,0.4587463,125.3875,-0.08710902,0.4348807,0.8962649,0.00767862,1.102306,-0.03748341,1.10297,0.02844351,0.03003421,-0.0002414575,0.9991441,4.741502,0.6876093,0.7260637,-0.005837128,False
1773055715329,6.069383,0.06485605,0.8855835,0.1590805,0.9020926,-0.2990334,-0.3007272,-0.7304047,0.5353982,115.2582,-0.3540534,-0.3560589,-0.8647938,0.009349585,0.9905678,0.2057188,1.011747,0.0159429,1.00963,0.2166041,1.032727,0.001203217,0.9864121,0.2141363,1.009388,-0.01491445,-0.07801978,0.1093521,0.135157,-0.02005669,-0.07489137,0.1328746,0.1538396,-0.003357386,-0.08417721,0.1107272,0.1391315,-0.01681207,-0.07549296,0.1111814,0.1354368,-0.02096818,-0.07372041,0.1362777,0.1563521,-0.003293188,-0.0845702,0.1114344,0.1399306,-0.01483232,-0.07736269,0.1245817,0.147396,0.215658,0.6676257,-0.196147,0.6850502,93.52087,0.2960319,0.9164443,-0.2692493,2.050066,-0.007484565,-0.03609122,0.09995876,0.106538,0.8954269,0.2563658,0.2377442,0.2756179,148.0023,0.9315065,0.2666956,0.2473237,0.988138,False,True,False,-0.1044922,0.592273,0.1255992,0.6143949,-0.09312651,-0.2296425,-0.3167483,-0.9155667,312.5727,-0.2315623,-0.5710139,-0.7876055,0.01379143,0.5825719,0.1808648,0.6101576,0.009273127,0.5444603,0.2155018,0.5856313,-0.03647821,0.555656,0.1698105,0.5821683,0.05937961,-0.05685372,0.1116963,0.1386879,0.01764967,-0.07425919,0.1425988,0.1617416,0.008904564,-0.05424201,0.07660337,0.09428448,0.05949895,-0.0566929,0.111728,0.1386988,0.01763384,-0.07425956,0.1425781,0.1617218,0.008907654,-0.05428049,0.07657926,0.09428733,0.02534295,-0.06163374,0.1081253,0.1270121,-0.873723,-0.1472232,0.4529766,0.0987201,168.6691,-0.8780119,-0.1479459,0.4552001,16.17788,0,0,0,0,0,0,0,0,0,1,0,0,0.3656838,False,True,False,0.02084215,0.9798312,0.245348,1.010297,0.5262394,-0.5749563,0.1929423,0.596046,106.8255,0.6553822,-0.7160546,0.2402916,0.02915785,0.02016884,0.05465205,0.06514452,-0.07740224,0.3864209,0.7963918,0.4587463,125.3875,-0.08710902,0.4348807,0.8962649,0.007591352,1.102369,-0.0374779,1.103032,0.02811472,0.02970989,-0.0002298845,0.9991631,4.688533,0.6873414,0.7263396,-0.005620156,False
1773055715342,6.083239,0.06440133,0.8858001,0.1591513,0.9022851,-0.3176177,-0.3005753,-0.7167478,0.5431817,114.199,-0.3782896,-0.3579918,-0.8536622,0.008774247,0.9907467,0.2055856,1.01189,0.01563332,1.009929,0.2155817,1.0328,0.001579449,0.9864503,0.2139825,1.009393,-0.01461463,-0.07839788,0.1090527,0.1351011,-0.01979068,-0.07510174,0.132295,0.1534077,-0.003398645,-0.08398121,0.1100329,0.1384616,-0.01634262,-0.07610521,0.1107354,0.1353566,-0.02072315,-0.07401042,0.1354217,0.1557114,-0.003315052,-0.08444735,0.1111425,0.1396245,-0.01477652,-0.07749237,0.1242161,0.1471498,0.204086,0.6672306,-0.1929522,0.6898708,92.76024,0.281913,0.9216751,-0.2665335,1.919802,-0.007484565,-0.03609122,0.09995876,0.106538,0.8954269,0.2563658,0.2377442,0.2756179,148.0023,0.9315065,0.2666956,0.2473237,0.9287448,False,True,False,-0.10451,0.592299,0.1256563,0.6144347,-0.09327802,-0.2295524,-0.3168227,-0.9155481,312.5674,-0.2319146,-0.5707299,-0.7877074,0.01376411,0.5825306,0.1809237,0.610135,0.00925447,0.5444679,0.2155775,0.5856659,-0.03650996,0.5556916,0.1698644,0.58222,0.05934076,-0.05689618,0.1116915,0.1386849,0.01764632,-0.07424484,0.142626,0.1617586,0.008907386,-0.05421479,0.07660118,0.09426731,0.05946615,-0.05673507,0.1117205,0.1386959,0.01763643,-0.07425651,0.142588,0.1617294,0.008907598,-0.05426688,0.0765838,0.09428319,0.02532315,-0.06164024,0.1081271,0.1270128,-0.8738256,-0.1467767,0.4528652,0.09898776,168.6382,-0.8781384,-0.1475012,0.4551004,16.16517,0,0,0,0,0,0,0,0,0,1,0,0,0.3658835,False,True,False,0.02084215,0.9798312,0.245348,1.010297,0.5262394,-0.5749563,0.1929423,0.596046,106.8255,0.6553822,-0.7160546,0.2402916,0.02915785,0.02016884,0.05465205,0.06514452,-0.07740224,0.3864209,0.7963918,0.4587463,125.3875,-0.08710902,0.4348807,0.8962649,0.00753668,1.10239,-0.03751541,1.103054,0.02794891,0.0294385,-0.0004030714,0.9991758,4.65283,0.6885199,0.725216,-0.009929643,False
1773055715356,6.097245,0.06379202,0.8860955,0.1592249,0.9025449,-0.335018,-0.3002937,-0.7030724,0.550705,113.1692,-0.4013633,-0.3597625,-0.8423055,0.007814918,0.9908563,0.2054874,1.01197,0.01496569,1.010093,0.2145937,1.032745,0.001661062,0.986553,0.2138983,1.009476,-0.01429247,-0.07889002,0.1086582,0.1350353,-0.01951762,-0.07532855,0.1315872,0.1528742,-0.00343367,-0.08380388,0.1094394,0.1378835,-0.01590115,-0.07669792,0.1102961,0.1352799,-0.02046994,-0.07428958,0.13459,0.1550885,-0.003339855,-0.08431199,0.1107855,0.1392591,-0.01471906,-0.07761366,0.1238446,0.1468945,0.1913154,0.6683912,-0.1890561,0.6934764,92.18813,0.2655391,0.9277035,-0.2624032,1.797,-0.007484565,-0.03609122,0.09995876,0.106538,0.8954269,0.2563658,0.2377442,0.2756179,148.0023,0.9315065,0.2666956,0.2473237,0.900575,False,True,False,-0.1045282,0.5923274,0.1257163,0.6144774,-0.09344931,-0.2294519,-0.3168975,-0.9155299,312.5622,-0.2323166,-0.5704213,-0.7878125,0.01373525,0.5824867,0.1809865,0.6101111,0.009233899,0.5444734,0.2156582,0.5857004,-0.03654436,0.555729,0.1699198,0.582274,0.05930037,-0.05693915,0.1116872,0.1386817,0.01764192,-0.07422858,0.1426561,0.1617773,0.008910662,-0.05418501,0.07659787,0.0942478,0.05943148,-0.05677776,0.1117135,0.1386929,0.01763758,-0.07425068,0.1426022,0.1617394,0.008908238,-0.05424978,0.07658674,0.09427579,0.02530132,-0.0616449,0.1081303,0.1270134,-0.873947,-0.1462868,0.4527287,0.09926479,168.6063,-0.8782849,-0.1470129,0.4549759,16.15309,0,0,0,0,0,0,0,0,0,1,0,0,0.3660811,False,True,False,0.02084215,0.9798312,0.245348,1.010297,0.5262394,-0.5749563,0.1929423,0.596046,106.8255,0.6553822,-0.7160546,0.2402916,0.02915785,0.02016884,0.05465205,0.06514452,-0.07740224,0.3864209,0.7963918,0.4587463,125.3875,-0.08710902,0.4348807,0.8962649,0.007481355,1.102407,-0.03756408,1.103072,0.0280376,0.02937094,-0.0002974968,0.9991753,4.654344,0.6904801,0.7233163,-0.007326433,False
1773055715371,6.111275,0.06310429,0.8864342,0.1592869,0.90284,-0.3515779,-0.2998828,-0.689322,0.5579414,112.1729,-0.4236489,-0.3613567,-0.8306282,0.00658375,0.9908664,0.2054234,1.011958,0.01405957,1.010085,0.2136101,1.032521,0.001590393,0.986643,0.2138031,1.009544,-0.01392927,-0.07950421,0.1081572,0.1349553,-0.01922201,-0.07558132,0.130719,0.1522152,-0.003469306,-0.08361727,0.1088443,0.1372988,-0.01547618,-0.07729675,0.1098426,0.1352024,-0.02020727,-0.07456356,0.1337487,0.1544563,-0.003366961,-0.08416563,0.110379,0.1388478,-0.01466146,-0.07773103,0.1234537,0.1466216,0.176305,0.6705698,-0.1844747,0.6965786,91.6937,0.245728,0.9346176,-0.2571146,1.67873,-0.007484565,-0.03609122,0.09995876,0.106538,0.8954269,0.2563658,0.2377442,0.2756179,148.0023,0.9315065,0.2666956,0.2473237,0.9076442,False,True,False,-0.1045469,0.5923578,0.1257791,0.6145228,-0.09363952,-0.2293412,-0.3169726,-0.9155122,312.5571,-0.2327661,-0.5700889,-0.7879204,0.01370482,0.5824395,0.1810533,0.6100852,0.009211481,0.544477,0.2157445,0.5857352,-0.03658163,0.5557688,0.1699766,0.5823308,0.05925796,-0.056983,0.1116832,0.1386784,0.01763634,-0.07421005,0.1426899,0.1617979,0.008914549,-0.05415208,0.07659333,0.09422556,0.05939514,-0.05682077,0.1117072,0.1386899,0.01763732,-0.07424217,0.1426206,0.1617517,0.008909558,-0.05422935,0.07658812,0.09426527,0.02527764,-0.06164773,0.1081347,0.1270138,-0.8740861,-0.145757,0.4525684,0.09954976,168.5735,-0.8784498,-0.1464847,0.4548277,16.14168,0,0,0,0,0,0,0,0,0,1,0,0,0.3663282,False,True,False,0.02084215,0.9798312,0.245348,1.010297,0.5262394,-0.5749563,0.1929423,0.596046,106.8255,0.6553822,-0.7160546,0.2402916,0.02915785,0.02016884,0.05465205,0.06514452,-0.07740224,0.3864209,0.7963918,0.4587463,125.3875,-0.08710902,0.4348807,0.8962649,0.007428476,1.102412,-0.03760869,1.103078,0.02790746,0.02929279,-0.000307985,0.9991812,4.637493,0.6897731,0.7240136,-0.007612294,False
1773055715384,6.125006,0.06263731,0.8862416,0.1597603,0.902702,-0.371857,-0.2989752,-0.6696013,0.5691839,110.6133,-0.4522651,-0.3636238,-0.8143919,0.005815834,0.9904718,0.2060481,1.011694,0.01285039,1.009605,0.213173,1.031944,0.001572512,0.9854125,0.2141298,1.008411,-0.01396119,-0.07952502,0.1081685,0.1349799,-0.01913917,-0.07587294,0.1301494,0.1518614,-0.003550818,-0.08321848,0.1077083,0.136158,-0.01515544,-0.07776452,0.1094934,0.1351511,-0.01998612,-0.07483665,0.1329791,0.1538942,-0.003404812,-0.08396938,0.1098291,0.1382927,-0.01459903,-0.07784241,0.1230374,0.1463242,0.1631355,0.6787938,-0.1771174,0.6937256,92.14849,0.2265019,0.9424559,-0.2459146,1.570042,-0.007484565,-0.03609122,0.09995876,0.106538,0.8954269,0.2563658,0.2377442,0.2756179,148.0023,0.9315065,0.2666956,0.2473237,0.8569666,False,True,False,-0.1045443,0.5923938,0.1257965,0.6145605,-0.0936164,-0.2294793,-0.3170854,-0.9154409,312.5368,-0.2326148,-0.5702023,-0.787883,0.01372189,0.5824839,0.1810375,0.6101232,0.009255834,0.5445642,0.2157677,0.5858255,-0.03655528,0.5558297,0.1699911,0.5823916,0.05923872,-0.05700744,0.111679,0.1386768,0.0176369,-0.0741923,0.1427212,0.1618175,0.008913396,-0.05414734,0.07660524,0.0942324,0.05936293,-0.05685922,0.1117014,0.1386871,0.01763723,-0.07423192,0.1426413,0.1617652,0.008910347,-0.05421248,0.07659164,0.09425851,0.0252565,-0.06165016,0.1081418,0.1270169,-0.8742064,-0.145253,0.4524473,0.09978101,168.5469,-0.8785911,-0.1459815,0.4547166,16.13181,0,0,0,0,0,0,0,0,0,1,0,0,0.3652211,False,True,False,0.02084215,0.9798312,0.245348,1.010297,0.5262394,-0.5749563,0.1929423,0.596046,106.8255,0.6553822,-0.7160546,0.2402916,0.02915785,0.02016884,0.05465205,0.06514452,-0.07740224,0.3864209,0.7963918,0.4587463,125.3875,-0.08710902,0.4348807,0.8962649,0.007675591,1.102346,-0.03791787,1.103024,0.02807134,0.02925991,-3.848014E-05,0.9991776,4.647611,0.6923129,0.7216261,-0.0009490211,False
1773055715399,6.139143,0.06212229,0.8860444,0.160255,0.9025605,-0.3896954,-0.2979761,-0.6517707,0.5783966,109.3243,-0.4777109,-0.3652762,-0.7989778,0.005074859,0.9902321,0.2065397,1.011555,0.01171152,1.009139,0.212867,1.031412,0.001516763,0.9844751,0.2145498,1.007584,-0.01413179,-0.07958169,0.1081907,0.1350488,-0.01905731,-0.07613737,0.1296244,0.151534,-0.003612071,-0.0828931,0.1068586,0.1352888,-0.014934,-0.07815488,0.1092153,0.1351266,-0.01978926,-0.07511427,0.1322453,0.1533707,-0.00344848,-0.08374109,0.1092013,0.1376568,-0.01452383,-0.07796019,0.122578,0.1459935,0.1496162,0.6914942,-0.1677159,0.6865291,93.28803,0.2057705,0.9510273,-0.2306634,1.470804,-0.007484565,-0.03609122,0.09995876,0.106538,0.8954269,0.2563658,0.2377442,0.2756179,148.0023,0.9315065,0.2666956,0.2473237,0.802492,False,True,False,-0.1045413,0.5924317,0.1258145,0.6146002,-0.09359031,-0.2296309,-0.3172019,-0.9153652,312.5153,-0.2324506,-0.570335,-0.7878355,0.01374087,0.582534,0.1810197,0.6101663,0.009303547,0.5446569,0.2157913,0.5859211,-0.03652634,0.5558936,0.1700053,0.5824549,0.05922041,-0.05703048,0.1116748,0.1386752,0.01763729,-0.07417309,0.1427546,0.1618382,0.008912212,-0.05414313,0.07661781,0.09424008,0.0593329,-0.05689532,0.1116958,0.1386846,0.01763724,-0.07421954,0.1426651,0.1617806,0.008910739,-0.05419789,0.07659715,0.09425463,0.02523663,-0.06165225,0.1081517,0.1270224,-0.8743157,-0.1447481,0.4523551,0.09997509,168.5245,-0.8787181,-0.1454769,0.4546328,16.12292,0,0,0,0,0,0,0,0,0,1,0,0,0.3642181,False,True,False,0.02084215,0.9798312,0.245348,1.010297,0.5262394,-0.5749563,0.1929423,0.596046,106.8255,0.6553822,-0.7160546,0.2402916,0.02915785,0.02016884,0.05465205,0.06514452,-0.07740224,0.3864209,0.7963918,0.4587463,125.3875,-0.08710902,0.4348807,0.8962649,0.007651749,1.10238,-0.0379406,1.103059,0.02783128,0.02912504,0.000284127,0.9991882,4.617529,0.690865,0.7229806,0.007052978,False
1773055715412,6.15252,0.06157789,0.88585,0.1607523,0.9024208,-0.4057373,-0.2969075,-0.6352903,0.5861993,108.2245,-0.500807,-0.3664769,-0.7841474,0.004340008,0.990059,0.2069709,1.011471,0.010618,1.008684,0.2126527,1.030911,0.001431435,0.9837083,0.2149942,1.006929,-0.01434198,-0.07965208,0.1082155,0.1351323,-0.01897575,-0.07638063,0.1291336,0.1512269,-0.003662643,-0.08260819,0.106164,0.1345672,-0.01481158,-0.07846273,0.1090111,0.1351266,-0.01962418,-0.07537305,0.1315935,0.1529152,-0.003491672,-0.08351096,0.1085853,0.1370293,-0.01443823,-0.07807696,0.1221102,0.145655,0.136169,0.706134,-0.1577295,0.6767232,94.82378,0.1849525,0.9591116,-0.2142372,1.388485,-0.007484565,-0.03609122,0.09995876,0.106538,0.8954269,0.2563658,0.2377442,0.2756179,148.0023,0.9315065,0.2666956,0.2473237,0.7605601,False,True,False,-0.1045378,0.5924716,0.1258329,0.6146419,-0.09356131,-0.2297958,-0.3173219,-0.9152853,312.4926,-0.2322738,-0.5704871,-0.787778,0.01376184,0.5825899,0.1810001,0.6102142,0.009354569,0.5447549,0.2158156,0.586022,-0.0364949,0.5559604,0.1700191,0.5825207,0.05920302,-0.05705218,0.111671,0.1386736,0.01763737,-0.07415248,0.1427902,0.1618601,0.008910907,-0.05413947,0.07663107,0.09424865,0.05930671,-0.05692697,0.1116908,0.1386824,0.01763727,-0.07420603,0.1426903,0.1617966,0.008910772,-0.05418612,0.07660398,0.09425342,0.02521909,-0.06165383,0.1081634,0.1270296,-0.8744088,-0.1442749,0.4522933,0.100124,168.5074,-0.8788249,-0.1450035,0.4545775,16.1155,0,0,0,0,0,0,0,0,0,1,0,0,0.3634675,False,True,False,0.02084215,0.9798312,0.245348,1.010297,0.5262394,-0.5749563,0.1929423,0.596046,106.8255,0.6553822,-0.7160546,0.2402916,0.02915785,0.02016884,0.05465205,0.06514452,-0.07740224,0.3864209,0.7963918,0.4587463,125.3875,-0.08710902,0.4348807,0.8962649,0.007625226,1.102419,-0.03794665,1.103098,0.02754129,0.02912633,0.0001253749,0.9991962,4.594754,0.6870564,0.7265974,0.003127653,False
1773055715427,6.166628,0.0609906,0.8856179,0.1629358,0.9025447,-0.4326922,-0.3055078,-0.6121126,0.5871632,108.0881,-0.5345386,-0.3774177,-0.7561907,0.003420599,0.9916156,0.2052125,1.012633,0.009213805,1.009517,0.209985,1.031166,0.00124171,0.9852191,0.2142926,1.008256,-0.01513822,-0.07987116,0.1082841,0.1354031,-0.01887163,-0.07686313,0.1282807,0.1507316,-0.003660181,-0.08259169,0.1061338,0.1345331,-0.01488185,-0.07876468,0.1088562,0.1351852,-0.01946487,-0.07569072,0.1308699,0.15243,-0.003527125,-0.08331614,0.1080657,0.1364998,-0.01429824,-0.0782771,0.1214707,0.1452132,0.1191751,0.7197522,-0.1473455,0.6678647,96.19503,0.1601208,0.9670417,-0.1979698,1.326992,-0.007484565,-0.03609122,0.09995876,0.106538,0.8954269,0.2563658,0.2377442,0.2756179,148.0023,0.9315065,0.2666956,0.2473237,0.8014647,False,True,False,-0.1045505,0.5924852,0.1258623,0.6146632,-0.09347861,-0.2299445,-0.3174684,-0.9152055,312.4699,-0.2319641,-0.5705997,-0.7877874,0.01376797,0.5826373,0.1809931,0.6102576,0.009388655,0.5448387,0.2158497,0.586113,-0.03646966,0.5559971,0.1700576,0.5825654,0.05919528,-0.05707427,0.1116627,0.1386727,0.01764203,-0.07413954,0.1428152,0.1618768,0.008907011,-0.05414958,0.07665569,0.0942741,0.05928327,-0.05695797,0.1116849,0.1386803,0.01763827,-0.07419206,0.1427166,0.1618134,0.008909982,-0.05417845,0.07661485,0.09425777,0.02520379,-0.06165674,0.1081777,0.1270401,-0.8744783,-0.1438048,0.4522824,0.100242,168.4938,-0.8789052,-0.1445328,0.4545721,16.10826,0,0,0,0,0,0,0,0,0,1,0,0,0.3625625,False,True,False,0.02084215,0.9798312,0.245348,1.010297,0.5262394,-0.5749563,0.1929423,0.596046,106.8255,0.6553822,-0.7160546,0.2402916,0.02915785,0.02016884,0.05465205,0.06514452,-0.07740224,0.3864209,0.7963918,0.4587463,125.3875,-0.08710902,0.4348807,0.8962649,0.00759431,1.102464,-0.03796829,1.103144,0.02732277,0.02917109,7.442653E-05,0.9992009,4.581274,0.6836112,0.7298558,0.00186214,False
1773055715440,6.180384,0.06037444,0.8853938,0.1651814,0.9026916,-0.4540781,-0.3108564,-0.5921422,0.5886842,107.8726,-0.5617254,-0.3845504,-0.7325201,0.002347864,0.9923885,0.2048059,1.013304,0.007766888,1.009808,0.2088189,1.031202,0.0008656196,0.9860991,0.2145341,1.009166,-0.01556998,-0.08007739,0.1083188,0.1356016,-0.01877807,-0.07725926,0.1276402,0.1503783,-0.003657825,-0.08257385,0.1060984,0.1344942,-0.0150266,-0.07904048,0.1087441,0.1352718,-0.01932235,-0.07601865,0.1301782,0.1519821,-0.003554079,-0.08316194,0.1076564,0.1360825,-0.01414074,-0.07850447,0.1208084,0.1447673,0.1023796,0.7307213,-0.1378521,0.6607281,97.28915,0.1363924,0.9734833,-0.1836497,1.281741,-0.007484565,-0.03609122,0.09995876,0.106538,0.8954269,0.2563658,0.2377442,0.2756179,148.0023,0.9315065,0.2666956,0.2473237,0.7947118,False,True,False,-0.1045637,0.5924987,0.1258928,0.6146846,-0.09338686,-0.230102,-0.3176209,-0.9151224,312.4462,-0.231628,-0.5707234,-0.7877969,0.01377502,0.5826898,0.1809855,0.6103056,0.009424374,0.5449265,0.2158848,0.5862081,-0.03644201,0.5560338,0.1700983,0.5826106,0.0591896,-0.05709545,0.1116541,0.138672,0.01764703,-0.07412653,0.1428406,0.1618938,0.008902733,-0.0541619,0.07668246,0.09430255,0.05926395,-0.05698633,0.1116785,0.1386786,0.01764007,-0.07417856,0.1427421,0.16183,0.008908489,-0.05417504,0.07662877,0.09426699,0.02519157,-0.06166065,0.1081935,0.1270531,-0.8745214,-0.1433681,0.4523197,0.1003236,168.4844,-0.878956,-0.1440951,0.4546134,16.10169,0,0,0,0,0,0,0,0,0,1,0,0,0.3618355,False,True,False,0.02084215,0.9798312,0.245348,1.010297,0.5262394,-0.5749563,0.1929423,0.596046,106.8255,0.6553822,-0.7160546,0.2402916,0.02915785,0.02016884,0.05465205,0.06514452,-0.07740224,0.3864209,0.7963918,0.4587463,125.3875,-0.08710902,0.4348807,0.8962649,0.007581256,1.102479,-0.03803194,1.103161,0.02722638,0.02933635,8.077332E-05,0.9991987,4.587592,0.6802611,0.7329794,0.002018151,False
1773055715454,6.194214,0.05951804,0.8842329,0.1686353,0.9021353,-0.4857424,-0.3073181,-0.5620887,0.5946985,107.0177,-0.6041957,-0.3822608,-0.6991597,0.002074469,0.991856,0.2076198,1.013355,0.006442651,1.008068,0.2100639,1.029743,0.001587089,0.9860852,0.2175843,1.009807,-0.01544252,-0.0802749,0.1082801,0.1356728,-0.01860732,-0.07818339,0.1258496,0.1493218,-0.00365054,-0.08259153,0.1061238,0.1345249,-0.01511428,-0.07930084,0.1086469,0.1353559,-0.01917332,-0.07647358,0.1292463,0.151395,-0.003574056,-0.08304295,0.107336,0.1357569,-0.01393385,-0.07882369,0.1199733,0.1442253,0.08971654,0.7386919,-0.1279421,0.6556798,98.05756,0.1188237,0.9783493,-0.1694509,1.221667,-0.007484565,-0.03609122,0.09995876,0.106538,0.8954269,0.2563658,0.2377442,0.2756179,148.0023,0.9315065,0.2666956,0.2473237,1.018028,False,True,False,-0.1045723,0.5924975,0.1259009,0.6146866,-0.09340037,-0.2301777,-0.317685,-0.9150798,312.4341,-0.2316059,-0.570774,-0.7877668,0.01377385,0.5826746,0.1809709,0.6102867,0.009447038,0.5449585,0.2159073,0.5862466,-0.0364183,0.5560277,0.170124,0.5826107,0.05916864,-0.05712134,0.1116496,0.1386701,0.01765321,-0.07410716,0.1428757,0.1619165,0.008896648,-0.05417582,0.07671951,0.09434009,0.05924422,-0.0570143,0.1116726,0.1386768,0.01764279,-0.07416379,0.1427698,0.1618479,0.00890604,-0.0541752,0.07664754,0.09428211,0.02517982,-0.06166552,0.1082126,0.1270694,-0.8745497,-0.1429293,0.4523922,0.1003757,168.4784,-0.878989,-0.1436548,0.4546886,16.09422,0,0,0,0,0,0,0,0,0,1,0,0,0.3617663,False,True,False,0.02084215,0.9798312,0.245348,1.010297,0.5262394,-0.5749563,0.1929423,0.596046,106.8255,0.6553822,-0.7160546,0.2402916,0.02915785,0.02016884,0.05465205,0.06514452,-0.07740224,0.3864209,0.7963918,0.4587463,125.3875,-0.08710902,0.4348807,0.8962649,0.007576909,1.102483,-0.03807189,1.103166,0.02720785,0.02950736,0.0001011597,0.9991942,4.600543,0.6778838,0.7351761,0.002520395,False
1773055715467,6.208214,0.05877142,0.8832563,0.1715975,0.9016881,-0.5083231,-0.304773,-0.5389559,0.5985379,106.4695,-0.6345357,-0.3804457,-0.6727745,0.00154911,0.9912561,0.2100768,1.013274,0.005182896,1.006605,0.2114941,1.028596,0.001839451,0.985926,0.2200989,1.010197,-0.01529841,-0.08048631,0.1082304,0.135742,-0.01848237,-0.07881947,0.1246176,0.1486057,-0.003642564,-0.08261327,0.1061538,0.1345617,-0.01515341,-0.07955317,0.1085589,0.1354377,-0.01902791,-0.07697184,0.128239,0.1507713,-0.003588381,-0.08295248,0.1070864,0.1355045,-0.01371076,-0.07917038,0.1191069,0.1436746,0.07964764,0.7445021,-0.1182154,0.6522254,98.5808,0.1050726,0.9821604,-0.1559518,1.156478,-0.007484565,-0.03609122,0.09995876,0.106538,0.8954269,0.2563658,0.2377442,0.2756179,148.0023,0.9315065,0.2666956,0.2473237,1.067412,False,True,False,-0.1045811,0.5924953,0.1259084,0.6146876,-0.09342085,-0.2302492,-0.317742,-0.9150398,312.4228,-0.2316046,-0.570823,-0.7877313,0.01377179,0.5826553,0.1809564,0.6102639,0.009468861,0.5449873,0.2159305,0.5862822,-0.03639355,0.556017,0.170151,0.5826069,0.05914704,-0.05714702,0.1116453,0.1386681,0.01765978,-0.0740868,0.1429123,0.1619403,0.008889986,-0.05419169,0.07675967,0.09438124,0.0592239,-0.05704206,0.1116669,0.138675,0.01764634,-0.07414771,0.1427996,0.1618672,0.008902689,-0.05417864,0.07667097,0.09430281,0.0251684,-0.06167129,0.108235,0.127089,-0.8745646,-0.1424856,0.4524978,0.1004009,168.4755,-0.8790061,-0.1432092,0.4547958,16.08585,0,0,0,0,0,0,0,0,0,1,0,0,0.3617021,False,True,False,0.02084215,0.9798312,0.245348,1.010297,0.5262394,-0.5749563,0.1929423,0.596046,106.8255,0.6553822,-0.7160546,0.2402916,0.02915785,0.02016884,0.05465205,0.06514452,-0.07740224,0.3864209,0.7963918,0.4587463,125.3875,-0.08710902,0.4348807,0.8962649,0.007578711,1.102473,-0.03807929,1.103156,0.0272618,0.02971275,0.0002969931,0.9991866,4.622105,0.6760585,0.7368389,0.007365057,False
1773055715482,6.222172,0.05814794,0.8824687,0.1740321,0.9013431,-0.5259197,-0.3027894,-0.5198329,0.6012493,106.0811,-0.6581718,-0.3789313,-0.6505544,0.0009209551,0.9906936,0.2120944,1.013143,0.004028261,1.005363,0.2127602,1.027637,0.001903951,0.9857728,0.2220927,1.010484,-0.01516776,-0.08074543,0.1081452,0.1358134,-0.01838079,-0.07931849,0.1236518,0.1480508,-0.003634009,-0.08263886,0.1061883,0.1346044,-0.01515645,-0.07980625,0.1084717,0.135517,-0.01889205,-0.07746954,0.127242,0.1501632,-0.003597898,-0.08288662,0.1068972,0.135315,-0.01349099,-0.07951313,0.1182794,0.1431585,0.07087273,0.7484836,-0.1089777,0.6502871,98.8735,0.09329183,0.9852506,-0.1434505,1.092296,-0.007484565,-0.03609122,0.09995876,0.106538,0.8954269,0.2563658,0.2377442,0.2756179,148.0023,0.9315065,0.2666956,0.2473237,1.062814,False,True,False,-0.10459,0.5924921,0.1259154,0.6146874,-0.09344804,-0.2303168,-0.3177923,-0.9150026,312.4122,-0.2316236,-0.5708714,-0.7876911,0.01376902,0.5826319,0.1809421,0.6102373,0.009490013,0.5450129,0.2159545,0.5863152,-0.03636774,0.5560017,0.1701793,0.5825989,0.05912493,-0.05717263,0.1116415,0.1386661,0.01766677,-0.07406552,0.1429507,0.1619652,0.008882776,-0.05420947,0.07680283,0.09442587,0.05920326,-0.05706931,0.1116616,0.1386731,0.01765059,-0.07413058,0.1428311,0.1618876,0.00889854,-0.05418507,0.07669845,0.09432846,0.02515738,-0.0616778,0.1082602,0.1271115,-0.8745671,-0.142042,0.4526325,0.1004007,168.4755,-0.8790087,-0.1427634,0.4549312,16.07677,0,0,0,0,0,0,0,0,0,1,0,0,0.361984,False,True,False,0.02084215,0.9798312,0.245348,1.010297,0.5262394,-0.5749563,0.1929423,0.596046,106.8255,0.6553822,-0.7160546,0.2402916,0.02915785,0.02016884,0.05465205,0.06514452,-0.07740224,0.3864209,0.7963918,0.4587463,125.3875,-0.08710902,0.4348807,0.8962649,0.007581338,1.102451,-0.03808427,1.103135,0.02738995,0.02990905,0.0006299928,0.9991771,4.649127,0.6752875,0.7373949,0.01553221,False
1773055715495,6.235949,0.05794019,0.8824943,0.1744679,0.9014391,-0.5457987,-0.3018201,-0.4927134,0.6068294,105.2788,-0.6866843,-0.3797281,-0.6198962,-6.726757E-05,0.9904606,0.2120854,1.012913,0.002632517,1.005148,0.2120415,1.027274,0.001629572,0.9860033,0.2221168,1.010713,-0.01509975,-0.08083878,0.1080868,0.1358149,-0.01836938,-0.07943466,0.1235014,0.1479861,-0.003626252,-0.08266634,0.1062223,0.1346479,-0.01514458,-0.08002309,0.1083915,0.1355794,-0.01878345,-0.07788227,0.1264371,0.1496823,-0.003603751,-0.08284086,0.1067565,0.135176,-0.01331252,-0.07979231,0.1176237,0.1427563,0.06375561,0.7510692,-0.1013115,0.6492813,99.02512,0.08382849,0.9875365,-0.1332085,1.041403,-0.007484565,-0.03609122,0.09995876,0.106538,0.8954269,0.2563658,0.2377442,0.2756179,148.0023,0.9315065,0.2666956,0.2473237,0.9117076,False,True,False,-0.1045437,0.5925328,0.1259472,0.6147253,-0.09357793,-0.2303903,-0.3178602,-0.9149473,312.3965,-0.2318734,-0.5708759,-0.7876142,0.01381706,0.5826409,0.1809616,0.6102528,0.009567305,0.5450561,0.2159656,0.5863607,-0.03627859,0.5560158,0.1702198,0.5826187,0.05908821,-0.05718663,0.1116522,0.1386649,0.01767103,-0.07405404,0.1429684,0.161976,0.008875239,-0.05423452,0.07684856,0.09447674,0.0591795,-0.05709353,0.1116596,0.1386714,0.01765481,-0.07411479,0.1428594,0.1619059,0.008893736,-0.05419526,0.07672942,0.09435904,0.02514585,-0.06168511,0.1082859,0.1271345,-0.8745643,-0.1416644,0.4527625,0.1003723,168.4788,-0.8790033,-0.1423835,0.4550606,16.06539,0,0,0,0,0,0,0,0,0,1,0,0,0.3616331,False,True,False,0.02084215,0.9798312,0.245348,1.010297,0.5262394,-0.5749563,0.1929423,0.596046,106.8255,0.6553822,-0.7160546,0.2402916,0.02915785,0.02016884,0.05465205,0.06514452,-0.07740224,0.3864209,0.7963918,0.4587463,125.3875,-0.08710902,0.4348807,0.8962649,0.00753813,1.102439,-0.03804189,1.103121,0.02760118,0.0300217,0.0007801811,0.9991678,4.675323,0.6766937,0.736037,0.01912758,False
1773055715510,6.249874,0.05778404,0.8824904,0.1748249,0.9014943,-0.5619037,-0.3006082,-0.4703064,0.6105006,104.7486,-0.7094602,-0.3795482,-0.5938094,-0.0007849112,0.990281,0.2120827,1.012737,0.001503594,1.004854,0.2114711,1.026866,0.001495536,0.9862438,0.222089,1.010942,-0.01503307,-0.08094116,0.1080228,0.1358175,-0.01834933,-0.07960871,0.1232491,0.1478668,-0.003618089,-0.08269738,0.1062601,0.1346965,-0.01512107,-0.08021741,0.108314,0.1356297,-0.0186925,-0.07824802,0.1257455,0.1492786,-0.003606735,-0.08281081,0.1066522,0.1350753,-0.01316002,-0.08003639,0.1170729,0.1424257,0.05792898,0.7525658,-0.09459497,0.6491076,99.05128,0.07615255,0.9893114,-0.1243531,0.9984562,-0.007484565,-0.03609122,0.09995876,0.106538,0.8954269,0.2563658,0.2377442,0.2756179,148.0023,0.9315065,0.2666956,0.2473237,0.7942103,False,True,False,-0.1044944,0.5925752,0.12598,0.6147645,-0.09372558,-0.2304614,-0.3179246,-0.9148918,312.3808,-0.232167,-0.5708742,-0.7875287,0.01386707,0.5826479,0.1809839,0.6102672,0.009647302,0.5450962,0.2159741,0.5864024,-0.03618431,0.5560271,0.1702613,0.5826356,0.05904912,-0.05719907,0.111665,0.1386637,0.01767534,-0.07404296,0.1429847,0.1619858,0.008867231,-0.05426206,0.07689708,0.09453127,0.05915236,-0.05711551,0.1116608,0.1386698,0.01765908,-0.07409985,0.1428855,0.1619225,0.008888224,-0.05420915,0.0767643,0.09439486,0.02513358,-0.0616933,0.1083125,0.1271588,-0.8745567,-0.1413389,0.4528911,0.1003171,168.4851,-0.8789908,-0.1420555,0.4551873,16.05166,0,0,0,0,0,0,0,0,0,1,0,0,0.3623836,False,True,False,0.02084215,0.9798312,0.245348,1.010297,0.5262394,-0.5749563,0.1929423,0.596046,106.8255,0.6553822,-0.7160546,0.2402916,0.02915785,0.02016884,0.05465205,0.06514452,-0.07740224,0.3864209,0.7963918,0.4587463,125.3875,-0.08710902,0.4348807,0.8962649,0.00747275,1.102439,-0.03800269,1.103119,0.02773572,0.0302218,0.0008578614,0.999158,4.702872,0.6760077,0.7366014,0.02090881,False
1773055715524,6.263752,0.05760092,0.8825902,0.1749531,0.9016052,-0.5846081,-0.2964045,-0.4424541,0.6120558,104.5234,-0.739248,-0.3748092,-0.5594916,-0.001242585,0.9902475,0.2119256,1.012672,0.001347497,1.005758,0.2102145,1.027492,0.002277546,0.9872938,0.2214851,1.011835,-0.01474847,-0.08168187,0.107411,0.1357445,-0.01836136,-0.07965653,0.1236479,0.1482265,-0.003611123,-0.08272582,0.1063527,0.1347869,-0.01504279,-0.08052657,0.1081248,0.1356532,-0.01862333,-0.07854561,0.1252923,0.1490449,-0.003607646,-0.08279307,0.1065895,0.1350149,-0.01311548,-0.08022987,0.1167746,0.1422855,0.04519241,0.7504957,-0.08908216,0.6532827,98.42088,0.05969035,0.9912585,-0.1176602,0.9735038,-0.007484565,-0.03609122,0.09995876,0.106538,0.8954269,0.2563658,0.2377442,0.2756179,148.0023,0.9315065,0.2666956,0.2473237,0.5931119,False,True,False,-0.1044442,0.5925637,0.1260024,0.6147496,-0.09380824,-0.2303827,-0.3178726,-0.9149213,312.3891,-0.2324101,-0.5707737,-0.78753,0.01389626,0.5825694,0.1810349,0.610208,0.009687334,0.5450611,0.2160127,0.5863847,-0.0361039,0.555958,0.1703167,0.5825809,0.05900645,-0.05721602,0.1116765,0.1386617,0.01768202,-0.07403313,0.1430002,0.1619957,0.008858853,-0.05430614,0.07694916,0.09459814,0.05912206,-0.05713639,0.111664,0.1386681,0.01766383,-0.07408601,0.1429093,0.1619377,0.008882133,-0.05422926,0.07680267,0.09443705,0.02512086,-0.06170378,0.1083397,0.1271846,-0.874544,-0.141059,0.4530246,0.1002199,168.4963,-0.8789693,-0.1417728,0.455317,16.03551,0,0,0,0,0,0,0,0,0,1,0,0,0.3636417,False,True,False,0.02084215,0.9798312,0.245348,1.010297,0.5262394,-0.5749563,0.1929423,0.596046,106.8255,0.6553822,-0.7160546,0.2402916,0.02915785,0.02016884,0.05465205,0.06514452,-0.07740224,0.3864209,0.7963918,0.4587463,125.3875,-0.08710902,0.4348807,0.8962649,0.007390719,1.102442,-0.03795643,1.10312,0.02787578,0.03030188,0.0009076535,0.9991516,4.720651,0.6768618,0.7357708,0.02203907,False
1773055715538,6.277794,0.05741259,0.8826782,0.1751124,0.9017102,-0.6020278,-0.2929982,-0.4196303,0.6128826,104.4035,-0.7618927,-0.3708022,-0.5310606,-0.001776926,0.990109,0.2119676,1.012546,0.0009480081,1.006354,0.2092375,1.027876,0.002733737,0.9881154,0.2210036,1.012532,-0.01449475,-0.08235282,0.1068454,0.1356762,-0.01840091,-0.07975259,0.1238989,0.1484924,-0.003604036,-0.08275647,0.1064558,0.1348869,-0.01492664,-0.08091581,0.1078541,0.1356565,-0.01857645,-0.07880289,0.124989,0.1489202,-0.00360689,-0.08278537,0.1065613,0.1349879,-0.01314799,-0.08039811,0.1166344,0.1422684,0.02761525,0.745134,-0.08415866,0.6610069,97.24659,0.0368017,0.9930091,-0.1121547,0.961306,-0.007484565,-0.03609122,0.09995876,0.106538,0.8954269,0.2563658,0.2377442,0.2756179,148.0023,0.9315065,0.2666956,0.2473237,0.5476863,False,True,False,-0.1043915,0.5925504,0.126025,0.6147323,-0.09389681,-0.2302827,-0.3178026,-0.9149617,312.4006,-0.2326824,-0.5706555,-0.7875356,0.01392431,0.5824817,0.1810925,0.610142,0.009724393,0.5450174,0.2160538,0.5863597,-0.03602114,0.5558797,0.1703754,0.5825183,0.05896139,-0.05723229,0.1116894,0.1386597,0.01768906,-0.07402382,0.1430145,0.1620048,0.008850025,-0.05435444,0.077004,0.09466965,0.05908838,-0.05715649,0.1116693,0.1386663,0.01766912,-0.07407299,0.1429313,0.1619518,0.008875412,-0.05425547,0.07684485,0.09448576,0.02510756,-0.06171656,0.108368,0.1272122,-0.874526,-0.140818,0.4531647,0.1000819,168.5122,-0.878939,-0.1415286,0.4554514,16.0169,0,0,0,0,0,0,0,0,0,1,0,0,0.364891,False,True,False,0.02084215,0.9798312,0.245348,1.010297,0.5262394,-0.5749563,0.1929423,0.596046,106.8255,0.6553822,-0.7160546,0.2402916,0.02915785,0.02016884,0.05465205,0.06514452,-0.07740224,0.3864209,0.7963918,0.4587463,125.3875,-0.08710902,0.4348807,0.8962649,0.007308294,1.102433,-0.03791615,1.103109,0.02789055,0.03030864,0.0008709358,0.999151,4.722143,0.6770065,0.7357025,0.02114082,False
1773055715551,6.291619,0.05752243,0.8828794,0.1752502,0.9019409,-0.6302401,-0.2900349,-0.3930691,0.6034682,105.7626,-0.7903817,-0.3637317,-0.4929464,-0.001282822,0.9911028,0.2098148,1.013069,0.00217082,1.008497,0.2049185,1.029107,0.005196095,0.9922022,0.2177454,1.015827,-0.01408244,-0.08368728,0.1056574,0.1355188,-0.01856069,-0.07975677,0.1242132,0.1487768,-0.003517896,-0.08251746,0.1081207,0.1360573,-0.01474994,-0.08150006,0.1073944,0.1356221,-0.01857317,-0.07900364,0.1248226,0.1488866,-0.003588477,-0.08272965,0.1068859,0.1352097,-0.01332183,-0.08052643,0.1167323,0.1424374,-0.003418285,0.7229137,-0.07890441,0.6864096,93.30688,-0.004700515,0.9940851,-0.1085022,0.9750677,-0.007484565,-0.03609122,0.09995876,0.106538,0.8954269,0.2563658,0.2377442,0.2756179,148.0023,0.9315065,0.2666956,0.2473237,0.7781726,False,True,False,-0.1044049,0.5924842,0.1260299,0.6146718,-0.09395543,-0.230159,-0.3177342,-0.9150105,312.4144,-0.2328915,-0.5705053,-0.7875819,0.01388599,0.5823447,0.181134,0.6100227,0.009689927,0.5449203,0.2160772,0.5862775,-0.03601381,0.5557534,0.1704127,0.5824082,0.05892169,-0.05725233,0.111698,0.138658,0.01769665,-0.07402188,0.1430203,0.16201,0.008841852,-0.05440014,0.07704639,0.09472962,0.05905387,-0.05717634,0.1116753,0.1386645,0.01767481,-0.07406241,0.1429498,0.1619638,0.008868473,-0.05428538,0.07688656,0.09453622,0.02509441,-0.06173128,0.1083943,0.1272391,-0.8745067,-0.1406172,0.4532985,0.09992664,168.5301,-0.8789058,-0.1413245,0.4555788,15.99735,0,0,0,0,0,0,0,0,0,1,0,0,0.3654338,False,True,False,0.02084215,0.9798312,0.245348,1.010297,0.5262394,-0.5749563,0.1929423,0.596046,106.8255,0.6553822,-0.7160546,0.2402916,0.02915785,0.02016884,0.05465205,0.06514452,-0.07740224,0.3864209,0.7963918,0.4587463,125.3875,-0.08710902,0.4348807,0.8962649,0.007200934,1.102434,-0.0378677,1.103108,0.02775774,0.03004158,0.0009823833,0.9991627,4.689702,0.6784449,0.7342657,0.02401107,False
1773055715565,6.305416,0.05767302,0.8831552,0.175472,0.9022637,-0.6506927,-0.2873029,-0.3714389,0.5967321,106.7276,-0.8108922,-0.3580364,-0.4628865,-0.001080658,0.9917529,0.2084933,1.013432,0.002767526,1.01001,0.2018458,1.029985,0.006939016,0.9953774,0.2152879,1.018417,-0.01387231,-0.08468218,0.1047333,0.1353978,-0.01875467,-0.0797589,0.1245375,0.1490732,-0.003442508,-0.08226433,0.1096426,0.1371159,-0.01456656,-0.08217085,0.1068374,0.1355672,-0.01861085,-0.07916223,0.1247617,0.1489245,-0.003558331,-0.08263304,0.107457,0.135602,-0.01355156,-0.08064941,0.1168954,0.1426622,-0.0388703,0.6858684,-0.07151626,0.7231591,87.36816,-0.0562782,0.9930314,-0.1035445,1.012518,-0.007484565,-0.03609122,0.09995876,0.106538,0.8954269,0.2563658,0.2377442,0.2756179,148.0023,0.9315065,0.2666956,0.2473237,0.8931425,False,True,False,-0.1044208,0.5924127,0.1260336,0.6146063,-0.09401457,-0.2300148,-0.3176519,-0.9150693,312.4311,-0.2331152,-0.5703366,-0.7876382,0.01384218,0.5821972,0.1811795,0.6098944,0.00964772,0.5448124,0.2161012,0.5861855,-0.03601061,0.5556167,0.1704507,0.5822887,0.05888105,-0.05727237,0.1117069,0.1386562,0.01770467,-0.07402149,0.1430239,0.1620138,0.008833415,-0.05444882,0.07708911,0.09479152,0.05901814,-0.05719619,0.1116818,0.1386628,0.01768097,-0.07405397,0.1429651,0.1619741,0.008861235,-0.05431913,0.07692842,0.09458897,0.02508124,-0.06174797,0.1084191,0.1272658,-0.8744857,-0.140451,0.4534288,0.09975329,168.5501,-0.8788692,-0.141155,0.4557017,15.97668,0,0,0,0,0,0,0,0,0,1,0,0,0.3660016,False,True,False,0.02084215,0.9798312,0.245348,1.010297,0.5262394,-0.5749563,0.1929423,0.596046,106.8255,0.6553822,-0.7160546,0.2402916,0.02915785,0.02016884,0.05465205,0.06514452,-0.07740224,0.3864209,0.7963918,0.4587463,125.3875,-0.08710902,0.4348807,0.8962649,0.007114869,1.102456,-0.03784736,1.103128,0.02767317,0.02972881,0.001402096,0.9991739,4.658211,0.6809394,0.7315214,0.03450064,False
1773055715579,6.319332,0.05787413,0.8835231,0.1758075,0.9027019,-0.6668487,-0.2847423,-0.3527245,0.5914559,107.4792,-0.8270096,-0.3531305,-0.4374404,-0.001121938,0.9923017,0.2074817,1.013762,0.003073703,1.011269,0.1995474,1.030774,0.008271556,0.9979733,0.2133577,1.020559,-0.01404461,-0.08546484,0.1039684,0.1353179,-0.01896492,-0.07975751,0.1248816,0.1493866,-0.003383507,-0.0820241,0.1109235,0.1379979,-0.01445681,-0.08287101,0.1062318,0.1355058,-0.01868479,-0.07928797,0.1247874,0.1490221,-0.003521988,-0.08250573,0.1081773,0.1360953,-0.01376888,-0.08079927,0.1169757,0.1428335,-0.07272726,0.6381022,-0.06132553,0.764052,80.35454,-0.1127284,0.9890687,-0.09505555,1.075095,-0.007484565,-0.03609122,0.09995876,0.106538,0.8954269,0.2563658,0.2377442,0.2756179,148.0023,0.9315065,0.2666956,0.2473237,0.9218493,False,True,False,-0.1044391,0.5923361,0.1260362,0.6145362,-0.09407423,-0.229851,-0.3175559,-0.9151376,312.4506,-0.2333528,-0.5701495,-0.7877032,0.01379307,0.5820395,0.1812291,0.6097575,0.009598106,0.5446942,0.216126,0.5860839,-0.03601134,0.5554701,0.1704895,0.5821602,0.05883931,-0.05729248,0.1117164,0.1386544,0.01771301,-0.07402253,0.1430255,0.1620166,0.008824728,-0.05450031,0.07713219,0.09485533,0.05898092,-0.05721623,0.111689,0.138661,0.01768763,-0.07404743,0.1429777,0.161983,0.008853648,-0.0543568,0.07697082,0.09464437,0.02506792,-0.06176668,0.1084427,0.1272923,-0.8744628,-0.1403159,0.4535568,0.09956118,168.5722,-0.8788294,-0.1410165,0.4558216,15.95477,0,0,0,0,0,0,0,0,0,1,0,0,0.3665573,False,True,False,0.02084215,0.9798312,0.245348,1.010297,0.5262394,-0.5749563,0.1929423,0.596046,106.8255,0.6553822,-0.7160546,0.2402916,0.02915785,0.02016884,0.05465205,0.06514452,-0.07740224,0.3864209,0.7963918,0.4587463,125.3875,-0.08710902,0.4348807,0.8962649,0.007013754,1.102457,-0.03782077,1.103128,0.0276306,0.02922649,0.001479012,0.9991897,4.613119,0.6865394,0.7261927,0.03674911,False
1773055715593,6.333297,0.05841808,0.8835107,0.1757393,0.9027116,-0.6858756,-0.2795023,-0.3417298,0.57851,109.3084,-0.8408685,-0.3426637,-0.4189533,-0.002078541,0.9933304,0.2010301,1.013471,0.007440992,1.016994,0.1936257,1.035289,0.01488288,1.007885,0.2076462,1.02916,-0.01927639,-0.08634454,0.102628,0.1354971,-0.01963671,-0.07813668,0.1295383,0.1525487,-0.002944906,-0.07926319,0.1197403,0.1436282,-0.01546731,-0.08361261,0.1054672,0.1354756,-0.01888387,-0.07904468,0.1258019,0.1497691,-0.003401706,-0.08182403,0.1106149,0.1376314,-0.01404116,-0.08085855,0.1169953,0.1429096,-0.1086295,0.5420225,-0.0421715,0.8322456,67.33978,-0.1959382,0.9776617,-0.07606596,1.351388,-0.007484565,-0.03609122,0.09995876,0.106538,0.8954269,0.2563658,0.2377442,0.2756179,148.0023,0.9315065,0.2666956,0.2473237,1.297994,False,True,False,-0.1044313,0.5923769,0.1260221,0.6145713,-0.09409991,-0.2296658,-0.3175561,-0.9151814,312.463,-0.2334741,-0.5698306,-0.7878978,0.01377184,0.582041,0.1812657,0.6097693,0.009574525,0.5447043,0.2161176,0.5860898,-0.03599155,0.5554615,0.1705037,0.582155,0.05881343,-0.05730138,0.1117231,0.1386525,0.01771962,-0.07403986,0.1430032,0.1620056,0.008817906,-0.05454477,0.0771583,0.09490148,0.05894596,-0.057234,0.1116961,0.1386592,0.0176943,-0.07404585,0.142983,0.1619877,0.008846197,-0.054396,0.07700995,0.09469801,0.02505631,-0.06178659,0.1084615,0.1273158,-0.8744333,-0.1402595,0.4536729,0.09937139,168.5941,-0.8787829,-0.1409572,0.4559296,15.9332,0,0,0,0,0,0,0,0,0,1,0,0,0.3662157,False,True,False,0.02084215,0.9798312,0.245348,1.010297,0.5262394,-0.5749563,0.1929423,0.596046,106.8255,0.6553822,-0.7160546,0.2402916,0.02915785,0.02016884,0.05465205,0.06514452,-0.07740224,0.3864209,0.7963918,0.4587463,125.3875,-0.08710902,0.4348807,0.8962649,0.006902941,1.102436,-0.03777872,1.103104,0.02759493,0.02842343,0.001743933,0.9992135,4.545073,0.6959081,0.7168019,0.04397972,False
1773055715607,6.347174,0.05918913,0.8834803,0.1756677,0.902718,-0.7023745,-0.2749327,-0.3293517,0.5679872,110.78,-0.8533932,-0.3340465,-0.4001662,-0.002171502,0.993732,0.1968249,1.013039,0.01070533,1.020534,0.1884298,1.037839,0.01921925,1.011832,0.2027962,1.032134,-0.02229387,-0.0870285,0.1014786,0.1355318,-0.02022358,-0.07695221,0.1325513,0.1545978,-0.002841463,-0.07760431,0.1227846,0.145281,-0.01688441,-0.08433923,0.1046232,0.1354408,-0.01916218,-0.07860614,0.1272237,0.1507713,-0.003285464,-0.0809383,0.1131958,0.1391944,-0.01448273,-0.08094878,0.1167765,0.1428258,-0.1318251,0.4709143,-0.0243216,0.8719348,58.63147,-0.2692386,0.9617918,-0.04967425,1.695275,-0.007484565,-0.03609122,0.09995876,0.106538,0.8954269,0.2563658,0.2377442,0.2756179,148.0023,0.9315065,0.2666956,0.2473237,1.299068,False,True,False,-0.1044239,0.5924208,0.1260061,0.6146091,-0.09412176,-0.2294618,-0.3175572,-0.91523,312.4768,-0.2335922,-0.5694805,-0.7881162,0.01374823,0.5820467,0.1813049,0.6097859,0.009546429,0.5447143,0.2161066,0.5860946,-0.0359741,0.5554545,0.1705165,0.5821509,0.05878883,-0.05730887,0.11173,0.1386508,0.01772628,-0.07406043,0.1429761,0.1619918,0.008811082,-0.05459069,0.07718254,0.09494695,0.05891333,-0.05724954,0.1117031,0.1386574,0.01770093,-0.07404888,0.1429816,0.1619885,0.008838915,-0.0544364,0.07704579,0.09474968,0.02504635,-0.06180748,0.1084758,0.1273361,-0.8743976,-0.1402768,0.453777,0.0991847,168.6156,-0.8787307,-0.1409719,0.4560257,15.91211,0,0,0,0,0,0,0,0,0,1,0,0,0.3659858,False,True,False,0.02084215,0.9798312,0.245348,1.010297,0.5262394,-0.5749563,0.1929423,0.596046,106.8255,0.6553822,-0.7160546,0.2402916,0.02915785,0.02016884,0.05465205,0.06514452,-0.07740224,0.3864209,0.7963918,0.4587463,125.3875,-0.08710902,0.4348807,0.8962649,0.006752972,1.102417,-0.0377276,1.103083,0.02794147,0.0280303,0.001892714,0.9992147,4.541626,0.7051821,0.707424,0.04776799,False
1773055715621,6.36087,0.06009227,0.883431,0.1756103,0.9027183,-0.7173907,-0.2706844,-0.3161127,0.5587069,112.0672,-0.8649877,-0.3263755,-0.3811502,-0.002010174,0.9938127,0.1936161,1.012499,0.01330127,1.022952,0.1836484,1.039391,0.02269675,1.014254,0.1983507,1.033717,-0.02446941,-0.08761069,0.1004537,0.1355188,-0.02076598,-0.07599783,0.1347885,0.1561244,-0.00280943,-0.07632507,0.1245911,0.1461382,-0.01845446,-0.08502881,0.1037478,0.1354033,-0.01949133,-0.07806697,0.1287871,0.1518568,-0.003187672,-0.07997648,0.11561,0.1406132,-0.015143,-0.08107074,0.1164472,0.1426945,-0.1465623,0.4262739,-0.01032697,0.8925825,53.60085,-0.3250554,0.9454178,-0.02290383,2.061873,-0.007484565,-0.03609122,0.09995876,0.106538,0.8954269,0.2563658,0.2377442,0.2756179,148.0023,0.9315065,0.2666956,0.2473237,1.298683,False,True,False,-0.1044168,0.5924675,0.1259883,0.6146492,-0.09413993,-0.2292398,-0.3175592,-0.9152831,312.4919,-0.2337073,-0.5690999,-0.7883573,0.01372217,0.5820563,0.1813468,0.609807,0.009513959,0.5447242,0.2160929,0.5860982,-0.03595901,0.555449,0.1705278,0.5821481,0.05876543,-0.05731497,0.1117369,0.1386489,0.01773296,-0.07408427,0.1429443,0.1619753,0.008804287,-0.05463792,0.07720482,0.09499159,0.05888293,-0.05726299,0.1117101,0.1386556,0.01770751,-0.07405614,0.1429739,0.1619858,0.008831807,-0.0544778,0.07707848,0.09479938,0.02503793,-0.0618292,0.1084858,0.1273535,-0.8743566,-0.1403622,0.4538697,0.09900144,168.6367,-0.8786733,-0.1410551,0.4561104,15.89149,0,0,0,0,0,0,0,0,0,1,0,0,0.3658583,False,True,False,0.02084215,0.9798312,0.245348,1.010297,0.5262394,-0.5749563,0.1929423,0.596046,106.8255,0.6553822,-0.7160546,0.2402916,0.02915785,0.02016884,0.05465205,0.06514452,-0.07740224,0.3864209,0.7963918,0.4587463,125.3875,-0.08710902,0.4348807,0.8962649,0.006597854,1.102353,-0.03768757,1.103017,0.02786289,0.02748807,0.001840456,0.9992321,4.491184,0.7110988,0.7015329,0.04697095,False
1773055715635,6.375085,0.06296431,0.8819876,0.1737204,0.9011357,-0.7129461,-0.2756042,-0.3417667,0.5467593,113.7101,-0.8514926,-0.3291622,-0.4081821,0.0001126975,0.9934079,0.182988,1.010121,0.02607679,1.031698,0.172286,1.04631,0.0315625,1.019166,0.1919186,1.037559,-0.03089726,-0.08638483,0.100222,0.1358729,-0.02215676,-0.06874193,0.1465119,0.1633466,-0.002438118,-0.07326137,0.1312373,0.150321,-0.02113754,-0.08532289,0.1029843,0.1353978,-0.02005602,-0.07609124,0.1325746,0.1541692,-0.003028982,-0.07852715,0.1190609,0.1426575,-0.0166364,-0.0805437,0.1170041,0.1430175,-0.1556035,0.3951998,-0.01455559,0.9052032,50.29866,-0.366144,0.9299278,-0.03425015,2.725381,-0.007484565,-0.03609122,0.09995876,0.106538,0.8954269,0.2563658,0.2377442,0.2756179,148.0023,0.9315065,0.2666956,0.2473237,1.299995,False,True,False,-0.1043931,0.5926032,0.1259251,0.6147631,-0.09424264,-0.2290932,-0.3175961,-0.9152963,312.4957,-0.2339798,-0.5687784,-0.788508,0.01372757,0.582181,0.1813138,0.6099163,0.009519495,0.5448239,0.2160214,0.5861646,-0.03592941,0.5555466,0.1704683,0.582222,0.05876281,-0.05730292,0.1117407,0.1386459,0.01773671,-0.07409807,0.1429281,0.1619678,0.00880049,-0.05466689,0.07721354,0.09501499,0.0588575,-0.05727144,0.1117165,0.1386536,0.01771368,-0.07406501,0.1429642,0.161982,0.008825188,-0.0545178,0.07710706,0.094845,0.02503185,-0.06184947,0.1084935,0.1273687,-0.8743087,-0.1405036,0.4539598,0.09881102,168.6586,-0.8786084,-0.1411946,0.4561923,15.87349,0,0,0,0,0,0,0,0,0,1,0,0,0.3646542,False,True,False,0.02084215,0.9798312,0.245348,1.010297,0.5262394,-0.5749563,0.1929423,0.596046,106.8255,0.6553822,-0.7160546,0.2402916,0.02915785,0.02016884,0.05465205,0.06514452,-0.07740224,0.3864209,0.7963918,0.4587463,125.3875,-0.08710902,0.4348807,0.8962649,0.006458964,1.102307,-0.03768741,1.10297,0.02798794,0.0266853,0.001932585,0.9992502,4.437699,0.7228871,0.6892418,0.04991583,False
1773055715649,6.389059,0.06579071,0.8805458,0.1719049,0.899578,-0.7109813,-0.2797171,-0.3648425,0.5321221,115.7021,-0.8397408,-0.3303742,-0.4309159,0.004070926,0.9931412,0.1738635,1.008253,0.03657192,1.034479,0.1644769,1.048111,0.0396109,1.021098,0.1861695,1.038686,-0.03492224,-0.08560447,0.09979415,0.1360388,-0.02275024,-0.0651864,0.1511452,0.1661678,-0.002263097,-0.07142399,0.134389,0.1522068,-0.02410478,-0.08538303,0.1023019,0.1354141,-0.02062053,-0.07378751,0.1365576,0.1565815,-0.002868916,-0.07700666,0.1224372,0.144669,-0.0184435,-0.07987565,0.1175852,0.1433407,-0.1612922,0.3784721,-0.02474317,0.9111155,48.68007,-0.3913423,0.9182851,-0.06003424,3.471325,-0.007484565,-0.03609122,0.09995876,0.106538,0.8954269,0.2563658,0.2377442,0.2756179,148.0023,0.9315065,0.2666956,0.2473237,1.299999,False,True,False,-0.1043689,0.5927459,0.125858,0.6148828,-0.09435163,-0.22894,-0.3176378,-0.915309,312.4993,-0.2342671,-0.5684386,-0.7886676,0.01373357,0.5823168,0.1812772,0.6100351,0.00952471,0.5449283,0.2159442,0.5862333,-0.03590114,0.5556519,0.1704023,0.5823014,0.0587636,-0.05728762,0.1117443,0.1386428,0.0177401,-0.07411337,0.1429099,0.1619591,0.008797096,-0.05469484,0.07721903,0.09503523,0.05883789,-0.05727481,0.1117223,0.1386513,0.01771919,-0.0740751,0.1429529,0.1619772,0.00881933,-0.05455476,0.07713044,0.09488471,0.02502826,-0.0618675,0.1084984,0.127381,-0.8742566,-0.1406927,0.4540425,0.09862269,168.6803,-0.8785396,-0.1413819,0.4562669,15.85873,0,0,0,0,0,0,0,0,0,1,0,0,0.363657,False,True,False,0.02084215,0.9798312,0.245348,1.010297,0.5262394,-0.5749563,0.1929423,0.596046,106.8255,0.6553822,-0.7160546,0.2402916,0.02915785,0.02016884,0.05465205,0.06514452,-0.07740224,0.3864209,0.7963918,0.4587463,125.3875,-0.08710902,0.4348807,0.8962649,0.006348539,1.102272,-0.03768993,1.102935,0.02814157,0.02629221,0.00191416,0.9992563,4.419669,0.7298214,0.6818601,0.04964167,False
1773055715663,6.402526,0.06801996,0.8775725,0.1697609,0.8964257,-0.6850001,-0.2918723,-0.4203665,0.5185341,117.5321,-0.8011162,-0.3413484,-0.4916239,0.01021029,0.9922763,0.1672646,1.006327,0.05167106,1.036876,0.1597661,1.050384,0.04767012,1.019843,0.1842982,1.037457,-0.03587122,-0.08542141,0.09969444,0.1360976,-0.02363948,-0.058807,0.1577159,0.1699747,-0.002173696,-0.06916783,0.1364839,0.1530254,-0.02658685,-0.08539098,0.1017599,0.1354753,-0.02123644,-0.07067145,0.141046,0.1591836,-0.002727747,-0.07536776,0.1254699,0.1463914,-0.02019977,-0.0788202,0.1186956,0.1439072,-0.172179,0.3641264,-0.04024494,0.9144106,47.75568,-0.4253561,0.8995485,-0.09942228,4.322665,-0.007484565,-0.03609122,0.09995876,0.106538,0.8954269,0.2563658,0.2377442,0.2756179,148.0023,0.9315065,0.2666956,0.2473237,1.3,False,True,False,-0.1043269,0.5927746,0.1257957,0.6148906,-0.09458708,-0.2288383,-0.3176446,-0.9153078,312.499,-0.2348502,-0.5681823,-0.7886794,0.01376285,0.5823022,0.1812258,0.6100066,0.009555228,0.5448884,0.2158407,0.5861586,-0.03586246,0.555641,0.1703155,0.5822632,0.0587507,-0.05728013,0.1117504,0.1386391,0.01773916,-0.07412799,0.1428889,0.1619471,0.008795853,-0.05470715,0.07721262,0.09503698,0.05882021,-0.05727589,0.111728,0.1386488,0.01772323,-0.0740858,0.1429399,0.1619711,0.008814575,-0.05458565,0.0771471,0.09491557,0.02502453,-0.06188266,0.1084996,0.1273886,-0.8742206,-0.1408969,0.4540823,0.09846666,168.6982,-0.8784898,-0.1415849,0.4562998,15.84614,0,0,0,0,0,0,0,0,0,1,0,0,0.3621058,False,True,False,0.02084215,0.9798312,0.245348,1.010297,0.5262394,-0.5749563,0.1929423,0.596046,106.8255,0.6553822,-0.7160546,0.2402916,0.02915785,0.02016884,0.05465205,0.06514452,-0.07740224,0.3864209,0.7963918,0.4587463,125.3875,-0.08710902,0.4348807,0.8962649,0.006280094,1.102243,-0.03767702,1.102904,0.02817038,0.0260739,0.001933145,0.9992611,4.405297,0.7329524,0.6784049,0.05029763,False
1773055715675,6.416431,0.06987348,0.8751621,0.1680451,0.8938849,-0.6697059,-0.2987151,-0.4537829,0.5063047,119.164,-0.7766015,-0.3463947,-0.5262138,0.01501296,0.9912567,0.1613945,1.004422,0.06232693,1.03691,0.1569937,1.050578,0.05402401,1.018422,0.1823275,1.036023,-0.0375293,-0.08507364,0.09953168,0.1362077,-0.02411086,-0.05502759,0.161096,0.171934,-0.002121329,-0.06746336,0.1377926,0.153436,-0.02897093,-0.08532372,0.1012848,0.1355657,-0.02183931,-0.06729084,0.1454738,0.1617641,-0.00260139,-0.07366431,0.1282152,0.147893,-0.0218973,-0.07759696,0.119916,0.1445013,-0.1827606,0.3539799,-0.05526906,0.9155557,47.43048,-0.454412,0.8801281,-0.1374198,5.24861,-0.007484565,-0.03609122,0.09995876,0.106538,0.8954269,0.2563658,0.2377442,0.2756179,148.0023,0.9315065,0.2666956,0.2473237,1.3,False,True,False,-0.1042833,0.5928026,0.1257304,0.6148968,-0.09484285,-0.2287371,-0.317651,-0.9153043,312.498,-0.2354807,-0.56792,-0.78868,0.01379427,0.5822856,0.1811694,0.6099747,0.009587355,0.5448423,0.2157291,0.5860751,-0.03582481,0.5556297,0.1702204,0.5822223,0.05873884,-0.05727098,0.1117566,0.1386353,0.01773749,-0.07414362,0.1428659,0.1619338,0.008795221,-0.05471657,0.07720211,0.09503381,0.05880328,-0.05727487,0.111734,0.138646,0.0177262,-0.07409781,0.1429245,0.1619633,0.008810555,-0.05461287,0.07715855,0.09494016,0.02502049,-0.0618961,0.1084974,0.1273925,-0.8741974,-0.1411289,0.4540846,0.09833088,168.7139,-0.8784546,-0.1418162,0.4562959,15.83478,0,0,0,0,0,0,0,0,0,1,0,0,0.3607063,False,True,False,0.02084215,0.9798312,0.245348,1.010297,0.5262394,-0.5749563,0.1929423,0.596046,106.8255,0.6553822,-0.7160546,0.2402916,0.02915785,0.02016884,0.05465205,0.06514452,-0.07740224,0.3864209,0.7963918,0.4587463,125.3875,-0.08710902,0.4348807,0.8962649,0.006244383,1.102211,-0.03768963,1.102873,0.02848187,0.02604739,0.001971425,0.999253,4.4294,0.7370232,0.6740264,0.05101442,False
1773055715691,6.430472,0.06873065,0.8722026,0.1669609,0.8906949,-0.6118867,-0.3270485,-0.5262433,0.4916319,121.1042,-0.7026695,-0.3755711,-0.6043196,0.01702504,0.9894357,0.1535283,1.001421,0.07115317,1.036352,0.1620658,1.051358,0.05366269,1.015061,0.1859431,1.033346,-0.04101507,-0.08419117,0.09927636,0.1364778,-0.02479184,-0.04894271,0.1651116,0.1739881,-0.002027229,-0.06563079,0.1387468,0.1534998,-0.03163477,-0.08508252,0.1008534,0.1356879,-0.02246465,-0.06323904,0.1499008,0.1642379,-0.002480796,-0.07191161,0.1305889,0.1491003,-0.02368972,-0.07597518,0.1213312,0.1451023,-0.1939622,0.3492444,-0.0756697,0.9136088,47.98214,-0.4770412,0.8589509,-0.1861062,6.335491,-0.007484565,-0.03609122,0.09995876,0.106538,0.8954269,0.2563658,0.2377442,0.2756179,148.0023,0.9315065,0.2666956,0.2473237,1.3,False,True,False,-0.1042578,0.5928105,0.12577,0.6149082,-0.09492545,-0.2286782,-0.317686,-0.9152984,312.4963,-0.2356778,-0.5677546,-0.7887403,0.01381098,0.5823207,0.1812278,0.6100259,0.009603776,0.544823,0.2157349,0.5860596,-0.03580894,0.5556301,0.1702409,0.5822277,0.05875342,-0.05723286,0.1117656,0.1386331,0.01773854,-0.07416025,0.1428353,0.1619146,0.008795715,-0.05471708,0.07718377,0.09501924,0.05879283,-0.05726607,0.1117406,0.1386433,0.01772878,-0.07411088,0.1429059,0.1619531,0.008807448,-0.05463471,0.07716383,0.09495673,0.02501933,-0.06190536,0.1084912,0.1273915,-0.8741716,-0.1414362,0.4540657,0.09820499,168.7284,-0.8784177,-0.1421232,0.4562712,15.82683,0,0,0,0,0,0,0,0,0,1,0,0,0.3592715,False,True,False,0.02084215,0.9798312,0.245348,1.010297,0.5262394,-0.5749563,0.1929423,0.596046,106.8255,0.6553822,-0.7160546,0.2402916,0.02915785,0.02016884,0.05465205,0.06514452,-0.07740224,0.3864209,0.7963918,0.4587463,125.3875,-0.08710902,0.4348807,0.8962649,0.00623294,1.102115,-0.03774747,1.102779,0.02861924,0.02609637,0.001714016,0.9992482,4.443517,0.7382246,0.6731481,0.04421254,False
1773055715703,6.444253,0.06790382,0.869579,0.1659675,0.887876,-0.5810296,-0.3402237,-0.5621609,0.4802371,122.5982,-0.6624147,-0.387879,-0.6409031,0.01923664,0.9876664,0.1475885,0.998818,0.07581207,1.034475,0.1650135,1.050293,0.05420796,1.012353,0.187217,1.030945,-0.04420234,-0.08323701,0.09901473,0.1366973,-0.02510315,-0.04565669,0.1669451,0.1748867,-0.001785917,-0.06399126,0.1396253,0.1536011,-0.03439442,-0.08469646,0.1004643,0.1358291,-0.02301621,-0.05936599,0.1537245,0.1663889,-0.00233693,-0.07020144,0.1326013,0.150056,-0.02543445,-0.07432827,0.1225441,0.1455632,-0.2028129,0.3487855,-0.09321017,0.9102348,48.92434,-0.489777,0.8422892,-0.2250951,7.451072,-0.007484565,-0.03609122,0.09995876,0.106538,0.8954269,0.2563658,0.2377442,0.2756179,148.0023,0.9315065,0.2666956,0.2473237,1.3,False,True,False,-0.1042322,0.5928165,0.1258138,0.6149186,-0.09500201,-0.2286253,-0.3177244,-0.9152904,312.494,-0.2358572,-0.5675976,-0.7887999,0.01382876,0.5823624,0.1812904,0.6100847,0.009620748,0.5448035,0.2157424,0.5860445,-0.03579552,0.5556331,0.1702629,0.5822361,0.05877229,-0.05718958,0.1117752,0.1386309,0.01773931,-0.07417787,0.1428023,0.1618936,0.008796777,-0.05471415,0.07716107,0.09499922,0.05878859,-0.05725029,0.1117477,0.1386407,0.01773095,-0.07412469,0.1428845,0.1619409,0.008805247,-0.05465111,0.07716326,0.09496549,0.02502086,-0.06191059,0.1084815,0.127386,-0.8741443,-0.1418068,0.4540273,0.09809119,168.7415,-0.8783804,-0.142494,0.4562275,15.82221,0,0,0,0,0,0,0,0,0,1,0,0,0.3598828,False,True,False,0.02084215,0.9798312,0.245348,1.010297,0.5262394,-0.5749563,0.1929423,0.596046,106.8255,0.6553822,-0.7160546,0.2402916,0.02915785,0.02016884,0.05465205,0.06514452,-0.07740224,0.3864209,0.7963918,0.4587463,125.3875,-0.08710902,0.4348807,0.8962649,0.006240086,1.101961,-0.03786987,1.102629,0.02892692,0.02657122,0.00191172,0.9992265,4.507366,0.7356035,0.6756986,0.04861448,False
1773055715717,6.458251,0.06519723,0.863557,0.1628653,0.8811961,-0.5099325,-0.334325,-0.6420398,0.4647372,124.6136,-0.575903,-0.377577,-0.7251011,0.03548216,0.9880397,0.1375693,0.9982017,0.08131444,1.025319,0.181719,1.044467,0.05398028,1.003625,0.1985419,1.024498,-0.05809543,-0.07374999,0.1014143,0.1381991,-0.02536803,-0.04391471,0.1657815,0.1733653,-0.0008929277,-0.06394707,0.1396298,0.153579,-0.03975049,-0.08240589,0.1006672,0.1360321,-0.02351455,-0.05588996,0.1564739,0.1678115,-0.002033915,-0.06883129,0.1341863,0.1508239,-0.02820799,-0.07201553,0.1234072,0.1456409,-0.1965214,0.3750182,-0.1239162,0.8974327,52.35472,-0.4454739,0.8500897,-0.2808927,8.74741,-0.007484565,-0.03609122,0.09995876,0.106538,0.8954269,0.2563658,0.2377442,0.2756179,148.0023,0.9315065,0.2666956,0.2473237,1.3,False,True,False,-0.1042223,0.5927789,0.1258934,0.614897,-0.09519009,-0.2286218,-0.3177032,-0.915279,312.4908,-0.2363089,-0.5675525,-0.7886968,0.0138413,0.582339,0.1813627,0.6100842,0.009633593,0.5447196,0.2157805,0.5859808,-0.0357939,0.5555764,0.1703083,0.5821953,0.05879728,-0.05714545,0.1117822,0.138629,0.0177403,-0.07418232,0.1427907,0.1618855,0.00879768,-0.05470989,0.077144,0.094983,0.05879041,-0.05722839,0.1117549,0.1386382,0.0177329,-0.07413673,0.1428649,0.1619293,0.008803667,-0.0546634,0.07715923,0.09496915,0.02502489,-0.06191197,0.1084715,0.1273789,-0.874112,-0.1422032,0.4539915,0.09797037,168.7554,-0.8783374,-0.1428906,0.456186,15.82106,0,0,0,0,0,0,0,0,0,1,0,0,0.3593235,False,True,False,0.02084215,0.9798312,0.245348,1.010297,0.5262394,-0.5749563,0.1929423,0.596046,106.8255,0.6553822,-0.7160546,0.2402916,0.02915785,0.02016884,0.05465205,0.06514452,-0.07740224,0.3864209,0.7963918,0.4587463,125.3875,-0.08710902,0.4348807,0.8962649,0.006296546,1.101811,-0.03797935,1.102484,0.02902287,0.02644774,0.002225948,0.9992263,4.507887,0.7379579,0.6724806,0.05659869,False
1773055715732,6.472083,0.06317754,0.85858,0.1603048,0.8756989,-0.4747565,-0.3311561,-0.6770872,0.4544172,125.9451,-0.5329618,-0.3717559,-0.7600983,0.04516537,0.9854385,0.1332289,0.995429,0.08235789,1.017825,0.1885892,1.03842,0.05257218,0.9969981,0.2027845,1.018769,-0.06491399,-0.06764034,0.1022638,0.1387333,-0.02525125,-0.04262595,0.1652715,0.1725377,-0.0001198689,-0.06359699,0.1400291,0.1537945,-0.04547714,-0.07931351,0.1010039,0.1362373,-0.0238793,-0.052915,0.1584639,0.1687632,-0.001635435,-0.0676939,0.135491,0.1514693,-0.03109867,-0.06958098,0.1239064,0.1454697,-0.1856639,0.4035996,-0.1534035,0.8826685,56.06809,-0.395033,0.8587297,-0.3263932,10.0357,-0.007484565,-0.03609122,0.09995876,0.106538,0.8954269,0.2563658,0.2377442,0.2756179,148.0023,0.9315065,0.2666956,0.2473237,1.3,False,True,False,-0.1042134,0.5927366,0.125979,0.6148722,-0.09538903,-0.2286304,-0.3176764,-0.9152655,312.4869,-0.2367848,-0.5675306,-0.7885701,0.01385505,0.5823148,0.181437,0.6100835,0.009647474,0.5446294,0.2158221,0.5859125,-0.03579477,0.5555164,0.1703558,0.5821519,0.05882657,-0.05709701,0.1117892,0.1386271,0.01774103,-0.07418562,0.1427804,0.161878,0.008799003,-0.05470271,0.07712429,0.09496296,0.0587979,-0.05720121,0.111762,0.1386359,0.01773459,-0.07414684,0.1428474,0.1619187,0.008802702,-0.05467154,0.077152,0.09496786,0.02503116,-0.06190972,0.1084614,0.1273705,-0.8740759,-0.1426149,0.4539587,0.09784555,168.7698,-0.8782904,-0.1433025,0.4561475,15.82325,0,0,0,0,0,0,0,0,0,1,0,0,0.3605883,False,True,False,0.02084215,0.9798312,0.245348,1.010297,0.5262394,-0.5749563,0.1929423,0.596046,106.8255,0.6553822,-0.7160546,0.2402916,0.02915785,0.02016884,0.05465205,0.06514452,-0.07740224,0.3864209,0.7963918,0.4587463,125.3875,-0.08710902,0.4348807,0.8962649,0.006383655,1.101683,-0.03805723,1.102358,0.02885661,0.02626644,0.002178906,0.999236,4.479489,0.7383832,0.6721058,0.05575386,False
1773055715745,6.485942,0.06173776,0.85463,0.1582752,0.8713524,-0.4533616,-0.3294886,-0.6972502,0.4469258,126.9068,-0.5067922,-0.3683202,-0.7794241,0.05225498,0.982434,0.1301629,0.9923958,0.08277039,1.011966,0.1922048,1.033378,0.05187775,0.9922264,0.2050593,1.014521,-0.06962724,-0.062784,0.1026077,0.1389897,-0.02499438,-0.04140908,0.1650135,0.171956,0.0006105254,-0.06282657,0.1409423,0.1543123,-0.05105773,-0.07579318,0.1013416,0.1364611,-0.02411383,-0.05031966,0.1599463,0.1694,-0.001166307,-0.06663381,0.1367091,0.1520882,-0.0339603,-0.06712947,0.1240945,0.1451176,-0.1736502,0.4288073,-0.1789194,0.8683075,59.4749,-0.3500826,0.864485,-0.3607055,11.25389,-0.007484565,-0.03609122,0.09995876,0.106538,0.8954269,0.2563658,0.2377442,0.2756179,148.0023,0.9315065,0.2666956,0.2473237,1.3,False,True,False,-0.1042055,0.59269,0.1260703,0.6148446,-0.09559848,-0.2286502,-0.317644,-0.9152498,312.4825,-0.2372837,-0.5675298,-0.7884201,0.01387006,0.5822899,0.1815134,0.6100828,0.009662248,0.5445335,0.2158668,0.58584,-0.03579801,0.5554532,0.1704053,0.5821063,0.05886014,-0.0570444,0.1117963,0.1386254,0.01774163,-0.07418775,0.1427711,0.1618708,0.008800758,-0.0546927,0.07710212,0.09493936,0.0588108,-0.05716872,0.1117691,0.1386337,0.01773605,-0.07415532,0.1428316,0.1619088,0.008802299,-0.05467593,0.07714166,0.09496196,0.02503965,-0.06190404,0.108451,0.1273606,-0.8740357,-0.1430469,0.4539284,0.09771538,168.7848,-0.8782386,-0.1437347,0.4561112,15.82857,0,0,0,0,0,0,0,0,0,1,0,0,0.3619427,False,True,False,0.02084215,0.9798312,0.245348,1.010297,0.5262394,-0.5749563,0.1929423,0.596046,106.8255,0.6553822,-0.7160546,0.2402916,0.02915785,0.02016884,0.05465205,0.06514452,-0.07740224,0.3864209,0.7963918,0.4587463,125.3875,-0.08710902,0.4348807,0.8962649,0.006477213,1.101581,-0.03810926,1.102259,0.02872017,0.02603825,0.002144119,0.999246,4.450207,0.7397289,0.6706522,0.05522483,False
1773055715759,6.500102,0.05605875,0.851465,0.1554727,0.8673563,-0.3935486,-0.2817427,-0.750339,0.4502576,126.4796,-0.4407539,-0.3155371,-0.8403406,0.06392933,0.9821448,0.1459412,0.9949846,0.081025,0.9990291,0.2159762,1.025315,0.04743851,0.9803908,0.2229248,1.006535,-0.07374022,-0.05353549,0.105035,0.139054,-0.02437648,-0.0400015,0.1644688,0.1710097,0.0009334355,-0.06282493,0.1410495,0.1544112,-0.05644424,-0.07088073,0.1021287,0.1365295,-0.02416996,-0.04794738,0.1609841,0.1697027,-0.0007196237,-0.0657906,0.1376933,0.1526052,-0.03663613,-0.06403664,0.1244085,0.1446387,-0.1553927,0.455689,-0.2062517,0.8518574,63.17147,-0.296679,0.870011,-0.3937801,12.29983,-0.007484565,-0.03609122,0.09995876,0.106538,0.8954269,0.2563658,0.2377442,0.2756179,148.0023,0.9315065,0.2666956,0.2473237,1.3,False,True,False,-0.1042795,0.5926428,0.1261364,0.6148252,-0.09576219,-0.2286853,-0.3176289,-0.9152292,312.4766,-0.2376624,-0.567551,-0.7882908,0.01380286,0.5822608,0.1815618,0.6100679,0.00960768,0.5444667,0.2159126,0.5857939,-0.03588437,0.5554065,0.1704414,0.5820776,0.05888446,-0.05700529,0.1117997,0.1386224,0.01775138,-0.07417533,0.1427868,0.1618801,0.008803067,-0.05467023,0.07708574,0.09491333,0.05882633,-0.05713429,0.1117756,0.1386313,0.01773928,-0.07415953,0.1428222,0.1619027,0.008802461,-0.05467473,0.07712987,0.0949517,0.02504869,-0.06189452,0.1084427,0.1273506,-0.8739998,-0.1434351,0.4539005,0.09759591,168.7985,-0.8781922,-0.1441231,0.4560778,15.83609,0,0,0,0,0,0,0,0,0,1,0,0,0.3623284,False,True,False,0.02084215,0.9798312,0.245348,1.010297,0.5262394,-0.5749563,0.1929423,0.596046,106.8255,0.6553822,-0.7160546,0.2402916,0.02915785,0.02016884,0.05465205,0.06514452,-0.07740224,0.3864209,0.7963918,0.4587463,125.3875,-0.08710902,0.4348807,0.8962649,0.006631047,1.10148,-0.03816098,1.102161,0.02839221,0.0255067,0.001549497,0.9992702,4.378201,0.7432969,0.6677554,0.04056524,False
1773055715773,6.51377,0.05174862,0.8485118,0.1530872,0.8637626,-0.3599784,-0.2576437,-0.7762972,0.4487737,126.6699,-0.4028202,-0.2883064,-0.868686,0.06970377,0.9784427,0.1530516,0.9927908,0.0777494,0.9889287,0.2266304,1.017539,0.04275081,0.9718922,0.2306685,0.999805,-0.07683222,-0.04714891,0.1057407,0.1389507,-0.02380395,-0.03879302,0.1639626,0.1701624,0.001336354,-0.06279225,0.1413652,0.1546893,-0.06119613,-0.06569053,0.1028738,0.1365402,-0.02409401,-0.04589617,0.1616466,0.1697545,-0.0002937501,-0.06514555,0.1385015,0.1530578,-0.03903711,-0.06090979,0.1245646,0.1440494,-0.1366911,0.4783849,-0.2308487,0.8361653,66.52525,-0.2492192,0.8722051,-0.4208901,13.18581,-0.007484565,-0.03609122,0.09995876,0.106538,0.8954269,0.2563658,0.2377442,0.2756179,148.0023,0.9315065,0.2666956,0.2473237,1.3,False,True,False,-0.1043594,0.5925919,0.1262058,0.614804,-0.09592876,-0.2287316,-0.3176114,-0.9152063,312.4701,-0.2380451,-0.5675926,-0.7881457,0.01373161,0.5822303,0.18161,0.6100516,0.009550519,0.5443988,0.215963,0.5857485,-0.03597786,0.5553593,0.170479,0.5820494,0.05891102,-0.05696463,0.1118028,0.1386194,0.01776224,-0.07416008,0.1428067,0.1618919,0.008805813,-0.05464387,0.07706811,0.09488408,0.05884369,-0.05709952,0.1117812,0.1386289,0.01774398,-0.07415964,0.142819,0.1619005,0.008803148,-0.0546684,0.07711721,0.09493784,0.02505788,-0.06188189,0.1084365,0.127341,-0.8739698,-0.1437662,0.4538761,0.09749154,168.8105,-0.878153,-0.1444544,0.4560486,15.84536,0,0,0,0,0,0,0,0,0,1,0,0,0.3628129,False,True,False,0.02084215,0.9798312,0.245348,1.010297,0.5262394,-0.5749563,0.1929423,0.596046,106.8255,0.6553822,-0.7160546,0.2402916,0.02915785,0.02016884,0.05465205,0.06514452,-0.07740224,0.3864209,0.7963918,0.4587463,125.3875,-0.08710902,0.4348807,0.8962649,0.006826325,1.101368,-0.03823274,1.102052,0.02875976,0.02557641,0.0009813487,0.9992586,4.412755,0.7470222,0.6643361,0.02549011,False
1773055715788,6.527573,0.05286153,0.8493721,0.1516724,0.8644258,-0.2715936,-0.2163826,-0.8281524,0.4399763,127.7953,-0.3024396,-0.240958,-0.9222091,0.07780331,0.9754554,0.1773975,0.9945031,0.0726101,0.9745921,0.2505262,1.008893,0.03973724,0.9629564,0.2551015,0.9969658,-0.07648239,-0.04373334,0.1073252,0.1388555,-0.02376402,-0.03866393,0.1641376,0.1702961,0.003077126,-0.06115589,0.1514174,0.1633301,-0.06479772,-0.06077883,0.1037946,0.1366241,-0.02402509,-0.04426378,0.1622027,0.1698417,0.0004116767,-0.06428063,0.1413842,0.1553115,-0.04126447,-0.05810881,0.1247011,0.1436307,-0.1219424,0.4854837,-0.2556129,0.827102,68.39563,-0.2169593,0.8637703,-0.4547852,13.55511,-0.007484565,-0.03609122,0.09995876,0.106538,0.8954269,0.2563658,0.2377442,0.2756179,148.0023,0.9315065,0.2666956,0.2473237,1.3,False,True,False,-0.1043542,0.5926281,0.1261785,0.6148324,-0.0961003,-0.2287322,-0.3176027,-0.9151912,312.4658,-0.2384505,-0.5675456,-0.7880569,0.0137415,0.582277,0.1815679,0.6100838,0.009573445,0.5444192,0.215934,0.5857571,-0.03597291,0.5553812,0.1704402,0.5820586,0.05893449,-0.05693206,0.1118032,0.1386164,0.01777485,-0.07413925,0.1428366,0.1619101,0.008804614,-0.05463534,0.07707437,0.09488414,0.05886245,-0.05706494,0.1117857,0.1386263,0.01775035,-0.07415543,0.1428226,0.1619025,0.008803451,-0.05466157,0.07710836,0.09492674,0.02506777,-0.06186806,0.1084352,0.1273351,-0.8739294,-0.1440421,0.4538916,0.09737321,168.8242,-0.8781022,-0.1447298,0.4560589,15.85528,0,0,0,0,0,0,0,0,0,1,0,0,0.3628064,False,True,False,0.02084215,0.9798312,0.245348,1.010297,0.5262394,-0.5749563,0.1929423,0.596046,106.8255,0.6553822,-0.7160546,0.2402916,0.02915785,0.02016884,0.05465205,0.06514452,-0.07740224,0.3864209,0.7963918,0.4587463,125.3875,-0.08710902,0.4348807,0.8962649,0.007076897,1.101192,-0.03832033,1.101882,0.02940233,0.02555605,-0.0002031313,0.9992409,4.465311,0.7547368,0.6560054,-0.005214235,False
1773055715800,6.541504,0.05357356,0.849749,0.1503711,0.8646126,-0.229367,-0.1964707,-0.8490478,0.4334834,128.6223,-0.2545238,-0.2180194,-0.9421706,0.08171137,0.9717571,0.1887005,0.9932756,0.06918991,0.9666908,0.2597825,1.003377,0.03770134,0.9563978,0.2653797,0.9932495,-0.0762293,-0.04059698,0.1085526,0.138718,-0.02372344,-0.03847239,0.1643523,0.1704541,0.003950938,-0.05926982,0.1560836,0.1670048,-0.06750964,-0.05617786,0.1047872,0.1367255,-0.0239617,-0.04294932,0.1626842,0.1699557,0.001159579,-0.06318545,0.1447124,0.1579096,-0.04315738,-0.0553809,0.1249961,0.1433654,-0.1094798,0.4875142,-0.2746212,0.8215396,69.52158,-0.1920187,0.8550609,-0.4816637,13.55486,-0.007484565,-0.03609122,0.09995876,0.106538,0.8954269,0.2563658,0.2377442,0.2756179,148.0023,0.9315065,0.2666956,0.2473237,1.3,False,True,False,-0.1043482,0.592667,0.1261474,0.6148625,-0.09627482,-0.2287356,-0.3175933,-0.9151752,312.4613,-0.2388621,-0.567503,-0.787963,0.01375324,0.5823269,0.18152,0.6101174,0.009599306,0.5444446,0.2159047,0.5857704,-0.03596605,0.5554059,0.1703992,0.5820697,0.05895931,-0.05689947,0.111803,0.1386134,0.01778864,-0.07411537,0.1428714,0.1619314,0.008803197,-0.05462629,0.07708313,0.09488591,0.0588826,-0.05703051,0.1117893,0.1386236,0.01775832,-0.0741471,0.1428328,0.1619085,0.008803397,-0.05465423,0.07710311,0.09491824,0.02507834,-0.06185307,0.1084384,0.1273327,-0.8738793,-0.144265,0.4539457,0.09724164,168.8393,-0.8780404,-0.1449519,0.4561073,15.86585,0,0,0,0,0,0,0,0,0,1,0,0,0.3628231,False,True,False,0.02084215,0.9798312,0.245348,1.010297,0.5262394,-0.5749563,0.1929423,0.596046,106.8255,0.6553822,-0.7160546,0.2402916,0.02915785,0.02016884,0.05465205,0.06514452,-0.07740224,0.3864209,0.7963918,0.4587463,125.3875,-0.08710902,0.4348807,0.8962649,0.007298775,1.100998,-0.03839904,1.101692,0.02986052,0.02589964,-0.001233018,0.9992178,4.532654,0.7551069,0.6549451,-0.03118032,False
1773055715815,6.555558,0.05415535,0.8498552,0.1488474,0.8644896,-0.2040857,-0.1845552,-0.8605152,0.4287212,129.2271,-0.2258992,-0.2042812,-0.9524907,0.08537848,0.9682509,0.1946837,0.9913127,0.06692755,0.9615672,0.2640056,0.9993947,0.03681609,0.9516718,0.2711142,0.990221,-0.07651725,-0.03695037,0.1093731,0.1385016,-0.02367919,-0.03837491,0.1644293,0.1705003,0.004617717,-0.05732485,0.1594994,0.1695509,-0.06965597,-0.05172155,0.1057546,0.1367886,-0.02390199,-0.04190674,0.1630761,0.1700626,0.001896962,-0.06189369,0.1481054,0.1605292,-0.04481629,-0.05260132,0.1253701,0.143154,-0.09730166,0.4875889,-0.2878602,0.81849,70.13215,-0.1693615,0.8486882,-0.5010442,13.26938,-0.007484565,-0.03609122,0.09995876,0.106538,0.8954269,0.2563658,0.2377442,0.2756179,148.0023,0.9315065,0.2666956,0.2473237,1.3,False,True,False,-0.1043413,0.5927087,0.1261126,0.6148944,-0.09645227,-0.2287416,-0.3175833,-0.9151585,312.4565,-0.2392798,-0.5674646,-0.7878639,0.01376659,0.5823801,0.1814664,0.6101526,0.009627841,0.5444751,0.2158749,0.5857882,-0.03595746,0.5554332,0.1703559,0.5820826,0.05898538,-0.05686668,0.111802,0.1386101,0.01780349,-0.07408847,0.1429107,0.1619553,0.008801555,-0.0546167,0.07709415,0.09488919,0.05890413,-0.05699618,0.111792,0.1386207,0.01776778,-0.07413482,0.1428491,0.1619183,0.008803012,-0.05464636,0.07710123,0.09491216,0.02508958,-0.06183694,0.1084459,0.1273335,-0.8738198,-0.1444378,0.4540361,0.09709749,168.8559,-0.8779683,-0.1451235,0.4561917,15.87708,0,0,0,0,0,0,0,0,0,1,0,0,0.3628651,False,True,False,0.02084215,0.9798312,0.245348,1.010297,0.5262394,-0.5749563,0.1929423,0.596046,106.8255,0.6553822,-0.7160546,0.2402916,0.02915785,0.02016884,0.05465205,0.06514452,-0.07740224,0.3864209,0.7963918,0.4587463,125.3875,-0.08710902,0.4348807,0.8962649,0.007562061,1.100866,-0.03842156,1.101562,0.0305236,0.02656643,-0.002235103,0.9991785,4.645083,0.7532017,0.6555542,-0.0551535,False
1773055715829,6.569243,0.05638522,0.8524923,0.1491372,0.8672741,-0.1384821,-0.181321,-0.8728753,0.4313168,128.8977,-0.1534937,-0.2009764,-0.9674959,0.0797459,0.967872,0.2060115,0.992762,0.05489069,0.9565404,0.2746056,0.9966899,0.02505452,0.9452078,0.2787487,0.985772,-0.07649662,-0.03696278,0.1093807,0.1384995,-0.02360372,-0.03704163,0.1670001,0.1726796,0.005215306,-0.05481408,0.1630005,0.1720493,-0.07124738,-0.04835257,0.106506,0.1369587,-0.02384033,-0.04082266,0.1639378,0.1706179,0.002591141,-0.0603612,0.1514747,0.163079,-0.04618604,-0.05021858,0.12591,0.1432075,-0.08999994,0.4840458,-0.2944125,0.8190976,70.01086,-0.1568889,0.8437939,-0.513223,13.01047,-0.007484565,-0.03609122,0.09995876,0.106538,0.8954269,0.2563658,0.2377442,0.2756179,148.0023,0.9315065,0.2666956,0.2473237,1.299984,False,True,False,-0.1043262,0.5928341,0.1260837,0.6150067,-0.09657285,-0.2287605,-0.3175578,-0.9151499,312.4541,-0.2395673,-0.5674838,-0.7877623,0.01378743,0.5824953,0.1814183,0.6102487,0.00966306,0.5445968,0.2158569,0.5858952,-0.03593835,0.5555463,0.1703266,0.5821807,0.05899439,-0.05685797,0.1117988,0.1386078,0.01781718,-0.07406423,0.1429485,0.1619792,0.008799345,-0.05461034,0.07710917,0.09489754,0.05892264,-0.05696782,0.1117934,0.1386181,0.01777791,-0.07412034,0.1428695,0.1619308,0.00880226,-0.05463897,0.07710286,0.09490916,0.02509915,-0.0618222,0.1084565,0.1273372,-0.873764,-0.1445281,0.4541428,0.09696615,168.871,-0.877901,-0.1452124,0.456293,15.88685,0,0,0,0,0,0,0,0,0,1,0,0,0.3616622,False,True,False,0.02084215,0.9798312,0.245348,1.010297,0.5262394,-0.5749563,0.1929423,0.596046,106.8255,0.6553822,-0.7160546,0.2402916,0.02915785,0.02016884,0.05465205,0.06514452,-0.07740224,0.3864209,0.7963918,0.4587463,125.3875,-0.08710902,0.4348807,0.8962649,0.007804193,1.100805,-0.03842825,1.101503,0.03082331,0.0271821,-0.002530991,0.9991519,4.71949,0.7486162,0.6601808,-0.06147104,False
1773055715843,6.583179,0.05864607,0.8550376,0.1492025,0.8699368,-0.09939247,-0.177214,-0.8793279,0.4306957,128.9766,-0.1101305,-0.1963596,-0.9743275,0.07732368,0.9679319,0.2124256,0.9939798,0.04825917,0.9536963,0.2795501,0.9949943,0.01970299,0.9413391,0.2837131,0.9833619,-0.0764972,-0.03689048,0.1093958,0.1384925,-0.02356307,-0.03668448,0.16796,0.1735268,0.005765592,-0.052255,0.1661355,0.1742551,-0.07247978,-0.04569439,0.1071146,0.1371672,-0.02378223,-0.03988991,0.1648323,0.1712497,0.003265824,-0.05857546,0.1548559,0.1655962,-0.04740462,-0.04813667,0.1264146,0.1433352,-0.08519854,0.4783862,-0.2953339,0.822597,69.30876,-0.1498326,0.8413039,-0.5193827,12.61948,-0.007484565,-0.03609122,0.09995876,0.106538,0.8954269,0.2563658,0.2377442,0.2756179,148.0023,0.9315065,0.2666956,0.2473237,1.299984,False,True,False,-0.1043098,0.5929666,0.1260521,0.6151252,-0.09668893,-0.2287831,-0.3175297,-0.9151418,312.4517,-0.2398442,-0.5675139,-0.7876566,0.01381005,0.5826153,0.1813657,0.6103481,0.009700872,0.5447283,0.2158395,0.5860117,-0.03591704,0.5556669,0.1702967,0.5822858,0.05900231,-0.05685223,0.1117946,0.1386055,0.01783154,-0.07403798,0.14299,0.1620054,0.00879693,-0.05460385,0.07712663,0.09490776,0.05893921,-0.05694375,0.1117936,0.1386154,0.01778908,-0.07410321,0.1428946,0.1619463,0.008801151,-0.05463166,0.07710781,0.09490886,0.02510762,-0.06180808,0.1084704,0.1273438,-0.8737092,-0.1445459,0.4542693,0.09684125,168.8854,-0.8778352,-0.1452285,0.4564146,15.89572,0,0,0,0,0,0,0,0,0,1,0,0,0.3612168,False,True,False,0.02084215,0.9798312,0.245348,1.010297,0.5262394,-0.5749563,0.1929423,0.596046,106.8255,0.6553822,-0.7160546,0.2402916,0.02915785,0.02016884,0.05465205,0.06514452,-0.07740224,0.3864209,0.7963918,0.4587463,125.3875,-0.08710902,0.4348807,0.8962649,0.00804631,1.100769,-0.03841646,1.101469,0.03100076,0.02764492,-0.003065549,0.9991323,4.774083,0.7443265,0.6637529,-0.07360366,False
1773055715857,6.597178,0.0604464,0.8569473,0.1490462,0.8719101,-0.07216977,-0.1730035,-0.8836223,0.429037,129.1871,-0.07989686,-0.1915266,-0.9782301,0.07610539,0.9676462,0.21677,0.9945453,0.04405105,0.9513982,0.2824754,0.9934241,0.01676592,0.9380369,0.2876404,0.9812906,-0.07649478,-0.03659353,0.1094707,0.1384715,-0.02356146,-0.03637204,0.1685658,0.1740474,0.006289563,-0.04957946,0.169053,0.1762856,-0.07342029,-0.04357727,0.1076133,0.1373686,-0.02373584,-0.03909659,0.165664,0.1718618,0.003911544,-0.05657912,0.158156,0.1680173,-0.04845525,-0.04629802,0.1268729,0.1434857,-0.08167934,0.4716468,-0.2911867,0.8283044,68.1501,-0.1457835,0.841808,-0.5197181,12.10396,-0.007484565,-0.03609122,0.09995876,0.106538,0.8954269,0.2563658,0.2377442,0.2756179,148.0023,0.9315065,0.2666956,0.2473237,1.299985,False,True,False,-0.1042924,0.5931058,0.126018,0.6152495,-0.09680072,-0.2288094,-0.3174994,-0.915134,312.4495,-0.240111,-0.5675542,-0.7875468,0.01383446,0.5827397,0.181309,0.6104506,0.009741068,0.5448691,0.2158228,0.5861371,-0.03589359,0.5557944,0.1702663,0.582397,0.05900918,-0.0568494,0.1117898,0.1386033,0.01784664,-0.07400969,0.1430348,0.1620336,0.00879427,-0.05459742,0.07714628,0.09491979,0.05895382,-0.05692404,0.1117928,0.1386129,0.0178011,-0.07408368,0.1429239,0.1619645,0.008799714,-0.05462451,0.07711584,0.09491114,0.02511495,-0.06179469,0.1084872,0.1273531,-0.8736558,-0.1444941,0.4544135,0.09672351,168.899,-0.8777714,-0.1451748,0.4565541,15.90368,0,0,0,0,0,0,0,0,0,1,0,0,0.3621868,False,True,False,0.02084215,0.9798312,0.245348,1.010297,0.5262394,-0.5749563,0.1929423,0.596046,106.8255,0.6553822,-0.7160546,0.2402916,0.02915785,0.02016884,0.05465205,0.06514452,-0.07740224,0.3864209,0.7963918,0.4587463,125.3875,-0.08710902,0.4348807,0.8962649,0.008245632,1.100666,-0.03843804,1.101368,0.03131739,0.02799055,-0.003669249,0.9991108,4.832922,0.7427716,0.6638671,-0.08702558,False
1773055715870,6.611019,0.06226835,0.857842,0.1556007,0.8740605,-0.01763293,-0.1867215,-0.8964369,0.4015285,132.6525,-0.01925315,-0.2038786,-0.9788069,0.07342581,0.9673372,0.2262424,0.9961517,0.03633132,0.9487722,0.2936095,0.9938285,0.006725341,0.9366198,0.294405,0.9818228,-0.07715317,-0.03792427,0.1086448,0.1385444,-0.02356677,-0.03163766,0.1727774,0.177224,0.006999729,-0.04632715,0.1727801,0.17902,-0.07428259,-0.04227769,0.1078297,0.1375956,-0.02370065,-0.03742773,0.1672372,0.1730053,0.004566004,-0.05431328,0.1615414,0.1704888,-0.04930522,-0.04474606,0.1275123,0.1438493,-0.08584418,0.4618982,-0.2904163,0.8336301,67.05308,-0.1554238,0.8362826,-0.5258087,12.04632,-0.007484565,-0.03609122,0.09995876,0.106538,0.8954269,0.2563658,0.2377442,0.2756179,148.0023,0.9315065,0.2666956,0.2473237,1.299994,False,True,False,-0.1042352,0.5932003,0.1258955,0.6153058,-0.09680046,-0.2288504,-0.3174494,-0.915141,312.4515,-0.2401199,-0.5676785,-0.7874539,0.01389281,0.5828055,0.1811747,0.6104748,0.00980892,0.5449747,0.2157195,0.5861984,-0.0358476,0.5559087,0.1701588,0.5824719,0.05899441,-0.05686649,0.1117866,0.1386015,0.01785331,-0.07399148,0.1430623,0.1620503,0.008794353,-0.05456504,0.07715689,0.0949098,0.05896222,-0.05691212,0.1117915,0.1386105,0.01781191,-0.0740646,0.1429525,0.1619823,0.008798605,-0.0546122,0.07712434,0.09491087,0.02511847,-0.06178166,0.1085034,0.1273613,-0.8736247,-0.1443679,0.4545222,0.09668212,168.9037,-0.8777366,-0.1450474,0.4566615,15.90915,0,0,0,0,0,0,0,0,0,1,0,0,0.3620388,False,True,False,0.02084215,0.9798312,0.245348,1.010297,0.5262394,-0.5749563,0.1929423,0.596046,106.8255,0.6553822,-0.7160546,0.2402916,0.02915785,0.02016884,0.05465205,0.06514452,-0.07740224,0.3864209,0.7963918,0.4587463,125.3875,-0.08710902,0.4348807,0.8962649,0.008423381,1.100832,-0.03826988,1.101529,0.03171323,0.02907018,-0.003730688,0.9990672,4.949925,0.7343994,0.6731929,-0.08639345,False
1773055715884,6.62489,0.06387725,0.8585151,0.1611188,0.8758354,0.01781517,-0.1925763,-0.9025719,0.384657,134.7551,0.01930013,-0.2086282,-0.9778045,0.07188902,0.9670038,0.2337702,0.9974532,0.03066349,0.9466721,0.3006831,0.9937499,0.0008447543,0.9346596,0.3003667,0.981738,-0.07763312,-0.03874932,0.1080528,0.1385778,-0.02358679,-0.02959402,0.1743171,0.1783776,0.007518511,-0.04341638,0.1754533,0.1809016,-0.07505376,-0.04146908,0.1078765,0.1378046,-0.02367693,-0.03567019,0.1688077,0.1741523,0.005193377,-0.0518891,0.1647786,0.1728335,-0.05007884,-0.04346136,0.1280432,0.1441937,-0.09241591,0.4515034,-0.2884373,0.8392901,65.86952,-0.169981,0.8304521,-0.530524,12.03946,-0.007484565,-0.03609122,0.09995876,0.106538,0.8954269,0.2563658,0.2377442,0.2756179,148.0023,0.9315065,0.2666956,0.2473237,1.299993,False,True,False,-0.104175,0.5932981,0.1257663,0.6153635,-0.09678468,-0.228896,-0.3173954,-0.91515,312.4541,-0.2400929,-0.5678202,-0.7873598,0.01395395,0.5828709,0.1810333,0.6104968,0.009879433,0.5450867,0.2156122,0.5862643,-0.03579975,0.5560299,0.1700475,0.5825522,0.0589763,-0.05688823,0.1117829,0.1385997,0.0178597,-0.07397269,0.1430904,0.1620673,0.008794535,-0.05452974,0.07716838,0.09489886,0.05896514,-0.05690717,0.1117897,0.1386083,0.01782182,-0.07404554,0.1429811,0.1619999,0.008797761,-0.05459511,0.07713347,0.09490836,0.02511859,-0.06176876,0.1085193,0.1273686,-0.8736131,-0.1441706,0.4546015,0.09670864,168.9007,-0.8777272,-0.1448495,0.4567423,15.91245,0,0,0,0,0,0,0,0,0,1,0,0,0.3619563,False,True,False,0.02084215,0.9798312,0.245348,1.010297,0.5262394,-0.5749563,0.1929423,0.596046,106.8255,0.6553822,-0.7160546,0.2402916,0.02915785,0.02016884,0.05465205,0.06514452,-0.07740224,0.3864209,0.7963918,0.4587463,125.3875,-0.08710902,0.4348807,0.8962649,0.008566305,1.100855,-0.03819398,1.101551,0.03202543,0.029728,-0.003994223,0.9990368,5.029789,0.7298612,0.6775025,-0.09102854,False
1773055715899,6.638887,0.06475329,0.8589521,0.1654813,0.8771407,0.06896427,-0.2225206,-0.9118843,0.3379284,140.4986,0.0732749,-0.2364293,-0.9688818,0.06814066,0.9732177,0.2296607,1.002267,0.021246,0.9498938,0.3017078,0.9968837,-0.009637438,0.9393678,0.299912,0.9861298,-0.07937826,-0.04855209,0.1031001,0.1388807,-0.0236538,-0.02649439,0.1759829,0.1795312,0.008446972,-0.03901448,0.1793167,0.1837062,-0.07605193,-0.04308136,0.1068724,0.1380638,-0.02367208,-0.03359263,0.1704127,0.1752978,0.005890486,-0.04898693,0.1681975,0.1752849,-0.05118537,-0.04360901,0.1278027,0.1444134,-0.1132213,0.4336939,-0.2873909,0.8464615,64.34229,-0.2126421,0.8145251,-0.5397518,12.32397,-0.007484565,-0.03609122,0.09995876,0.106538,0.8954269,0.2563658,0.2377442,0.2756179,148.0023,0.9315065,0.2666956,0.2473237,1.299998,False,True,False,-0.1041262,0.593415,0.1256632,0.6154469,-0.09676101,-0.2289089,-0.3174565,-0.9151281,312.4478,-0.2400046,-0.5677823,-0.7874143,0.01400534,0.5829813,0.1809244,0.6105711,0.009937301,0.5452268,0.2155108,0.5863581,-0.03575117,0.556172,0.1699613,0.5826596,0.05896303,-0.05691025,0.1117792,0.1386002,0.01786409,-0.07396862,0.1430926,0.1620678,0.008793844,-0.0545086,0.0771805,0.09489652,0.0589647,-0.05690781,0.1117875,0.1386066,0.01783064,-0.07402948,0.1430044,0.1620141,0.008796943,-0.05457705,0.07714329,0.09490588,0.02511727,-0.06175775,0.1085329,0.1273746,-0.8736076,-0.1439561,0.4546637,0.09678544,168.8918,-0.8777283,-0.1446351,0.4568083,15.91339,0,0,0,0,0,0,0,0,0,1,0,0,0.3606326,False,True,False,0.02084215,0.9798312,0.245348,1.010297,0.5262394,-0.5749563,0.1929423,0.596046,106.8255,0.6553822,-0.7160546,0.2402916,0.02915785,0.02016884,0.05465205,0.06514452,-0.07740224,0.3864209,0.7963918,0.4587463,125.3875,-0.08710902,0.4348807,0.8962649,0.008703462,1.100893,-0.03812266,1.101587,0.03216681,0.03012227,-0.004227999,0.9990196,5.07473,0.726589,0.6804066,-0.09550272,False
1773055715911,6.652499,0.06544738,0.8592133,0.1686352,0.8780482,0.09977248,-0.2368834,-0.9148128,0.3115274,143.6974,0.1049975,-0.2492888,-0.9627205,0.06798795,0.9753026,0.2294857,1.004242,0.01592857,0.9509354,0.3030911,0.9981964,-0.01559952,0.941167,0.3000419,0.9879594,-0.08027746,-0.05195528,0.1007113,0.1388761,-0.02372283,-0.02423445,0.1770059,0.1802253,0.009029113,-0.03611517,0.1813872,0.1851679,-0.0770029,-0.04502967,0.1056141,0.1382442,-0.02368249,-0.03151445,0.1718569,0.1763202,0.006548989,-0.04613118,0.171241,0.1774667,-0.05223611,-0.04405539,0.1272963,0.1444778,-0.1338648,0.4162296,-0.286615,0.8524582,63.03989,-0.2560558,0.7961618,-0.5482357,12.72381,-0.007484565,-0.03609122,0.09995876,0.106538,0.8954269,0.2563658,0.2377442,0.2756179,148.0023,0.9315065,0.2666956,0.2473237,1.299997,False,True,False,-0.1040757,0.5935357,0.125556,0.6155329,-0.09672368,-0.2289219,-0.3175275,-0.9151042,312.441,-0.2398797,-0.5677379,-0.7874844,0.01405869,0.5830957,0.180812,0.6106482,0.009996563,0.5453741,0.215405,0.5864573,-0.03570023,0.5563209,0.1698734,0.582773,0.05894758,-0.05693608,0.1117753,0.138601,0.01786795,-0.07396587,0.1430923,0.1620667,0.008793103,-0.05448677,0.07719348,0.09489447,0.05896121,-0.05691358,0.111785,0.1386055,0.01783826,-0.07401648,0.1430224,0.1620248,0.008796159,-0.05455861,0.07715354,0.09490355,0.02511464,-0.06174874,0.1085439,0.1273791,-0.8736077,-0.1437302,0.4547093,0.09690557,168.878,-0.8777387,-0.1444099,0.4568595,15.91215,0,0,0,0,0,0,0,0,0,1,0,0,0.359518,False,True,False,0.02084215,0.9798312,0.245348,1.010297,0.5262394,-0.5749563,0.1929423,0.596046,106.8255,0.6553822,-0.7160546,0.2402916,0.02915785,0.02016884,0.05465205,0.06514452,-0.07740224,0.3864209,0.7963918,0.4587463,125.3875,-0.08710902,0.4348807,0.8962649,0.0087751,1.100968,-0.03799827,1.101659,0.03199707,0.03046483,-0.004204491,0.9990147,5.087211,0.7209811,0.6864556,-0.09473861,False
1773055715926,6.666478,0.06533661,0.8575652,0.1760356,0.8778812,0.1396075,-0.256575,-0.9175715,0.2697063,148.7064,0.14498,-0.2664489,-0.9528829,0.06572797,0.9771115,0.2295149,1.005855,0.008877266,0.9517627,0.3067693,1.000019,-0.02432978,0.9442983,0.2993482,0.9909089,-0.07876574,-0.06042653,0.09691498,0.1387369,-0.024076,-0.02181188,0.1779325,0.1808739,0.01001932,-0.03528072,0.1821658,0.1858212,-0.07740556,-0.04841381,0.1037845,0.1382272,-0.02376492,-0.02930983,0.1732159,0.1772782,0.007293444,-0.04366536,0.1738143,0.1793635,-0.05273509,-0.04555719,0.1264782,0.1444063,-0.1589274,0.3955166,-0.2897671,0.8569386,62.05086,-0.3083463,0.7673698,-0.5621976,13.59036,-0.007484565,-0.03609122,0.09995876,0.106538,0.8954269,0.2563658,0.2377442,0.2756179,148.0023,0.9315065,0.2666956,0.2473237,1.299983,False,True,False,-0.1040303,0.5937258,0.1254649,0.6156899,-0.09669799,-0.2288842,-0.3176346,-0.9150791,312.4339,-0.2397822,-0.5675645,-0.7876391,0.01409096,0.5832423,0.1807379,0.610767,0.01004203,0.5455852,0.2153165,0.5866219,-0.03565447,0.5565365,0.1698026,0.5829554,0.05889323,-0.05698384,0.1117781,0.1385998,0.01786863,-0.0739679,0.1430851,0.1620613,0.008792925,-0.05446975,0.0772052,0.09489421,0.05894703,-0.05692824,0.1117836,0.1386043,0.0178446,-0.07400635,0.1430355,0.1620324,0.008795485,-0.05454008,0.07716432,0.0949016,0.02510658,-0.06174287,0.1085522,0.1273817,-0.8736383,-0.1434665,0.4546965,0.09708036,168.8579,-0.8777845,-0.1441474,0.4568545,15.90591,0,0,0,0,0,0,0,0,0,1,0,0,0.3589966,False,True,False,0.02084215,0.9798312,0.245348,1.010297,0.5262394,-0.5749563,0.1929423,0.596046,106.8255,0.6553822,-0.7160546,0.2402916,0.02915785,0.02016884,0.05465205,0.06514452,-0.07740224,0.3864209,0.7963918,0.4587463,125.3875,-0.08710902,0.4348807,0.8962649,0.008814942,1.101093,-0.03780121,1.101777,0.03155657,0.03034908,-0.004200171,0.9990323,5.041761,0.7174676,0.6900142,-0.09549474,False
1773055715940,6.680345,0.06536597,0.8563192,0.1817712,0.877836,0.1645792,-0.2670811,-0.9174598,0.2446405,151.6788,0.1697369,-0.275451,-0.9462116,0.06524213,0.9774349,0.2311127,1.006503,0.004852682,0.9515176,0.3105581,1.000927,-0.02968185,0.9454369,0.2999763,0.9923295,-0.0777208,-0.06486427,0.09458467,0.138543,-0.02454962,-0.01968356,0.1786145,0.181365,0.01105202,-0.0345346,0.1828018,0.1863633,-0.07747666,-0.05193703,0.1018457,0.1381037,-0.02392832,-0.02713165,0.1744153,0.1781275,0.008095783,-0.04159991,0.1759153,0.1809483,-0.05283393,-0.0472449,0.1256286,0.144243,-0.1812881,0.3758467,-0.2938009,0.8599738,61.37272,-0.3552312,0.7364661,-0.5756985,14.72927,-0.007484565,-0.03609122,0.09995876,0.106538,0.8954269,0.2563658,0.2377442,0.2756179,148.0023,0.9315065,0.2666956,0.2473237,1.299991,False,True,False,-0.1039838,0.5939234,0.1253715,0.6158537,-0.09666263,-0.2288402,-0.3177544,-0.9150523,312.4263,-0.2396583,-0.5673698,-0.7878171,0.01412243,0.5833917,0.1806648,0.6108888,0.01008727,0.5458061,0.2152254,0.5867947,-0.03560707,0.5567617,0.1697313,0.5831468,0.05883199,-0.05703749,0.1117815,0.1385986,0.01786847,-0.07397165,0.1430749,0.1620541,0.008792755,-0.05445288,0.07721736,0.09489441,0.05892319,-0.05695089,0.1117832,0.1386031,0.01784955,-0.07399916,0.1430436,0.1620369,0.00879492,-0.05452201,0.07717532,0.0949001,0.02509362,-0.06174012,0.1085576,0.1273824,-0.8736967,-0.1431736,0.4546294,0.09730145,168.8324,-0.8778622,-0.1438562,0.4567969,15.89515,0,0,0,0,0,0,0,0,0,1,0,0,0.3613588,False,True,False,0.02084215,0.9798312,0.245348,1.010297,0.5262394,-0.5749563,0.1929423,0.596046,106.8255,0.6553822,-0.7160546,0.2402916,0.02915785,0.02016884,0.05465205,0.06514452,-0.07740224,0.3864209,0.7963918,0.4587463,125.3875,-0.08710902,0.4348807,0.8962649,0.008796908,1.101273,-0.03753695,1.101948,0.03091284,0.03017822,-0.00399953,0.9990584,4.973122,0.7125244,0.6955916,-0.092187,False
1773055715954,6.694219,0.06479593,0.8565535,0.1856947,0.8788429,0.1750368,-0.2904056,-0.91502,0.2185526,154.7519,0.1793731,-0.2976001,-0.9376884,0.06462175,0.9804739,0.2270547,1.008493,0.004433334,0.9581802,0.3100484,1.007104,-0.03150651,0.9538424,0.2964528,0.9993459,-0.07416844,-0.07000951,0.09354534,0.1383944,-0.02556142,-0.01819996,0.1790215,0.1817507,0.01163183,-0.03493204,0.1828688,0.1865383,-0.07673723,-0.05573179,0.1000838,0.1378818,-0.02426896,-0.02510725,0.175438,0.1788794,0.008851746,-0.04009203,0.1775367,0.1822224,-0.05217303,-0.04917838,0.1250487,0.1441448,-0.2011283,0.3564998,-0.2981761,0.8622914,60.85031,-0.3971629,0.7039712,-0.5888008,16.09164,-0.007484565,-0.03609122,0.09995876,0.106538,0.8954269,0.2563658,0.2377442,0.2756179,148.0023,0.9315065,0.2666956,0.2473237,1.299996,False,True,False,-0.1039722,0.5940205,0.1252651,0.6159236,-0.09667667,-0.2287877,-0.3178698,-0.9150239,312.4182,-0.2396549,-0.567149,-0.7879774,0.01411396,0.5834265,0.180585,0.6108982,0.01009733,0.5459106,0.2151056,0.5868481,-0.03558945,0.5568717,0.1696419,0.5832247,0.05875964,-0.05708898,0.1117908,0.1385967,0.01786918,-0.0739814,0.1430561,0.162042,0.008791283,-0.05444628,0.0772321,0.09490249,0.05888927,-0.05697952,0.1117847,0.1386017,0.01785362,-0.07399548,0.1430462,0.162038,0.008794165,-0.05450631,0.0771871,0.09490059,0.02507592,-0.06174077,0.1085602,0.1273815,-0.8737797,-0.1428838,0.4545079,0.09754965,168.8038,-0.8779671,-0.1435685,0.456686,15.87952,0,0,0,0,0,0,0,0,0,1,0,0,0.3637874,False,True,False,0.02084215,0.9798312,0.245348,1.010297,0.5262394,-0.5749563,0.1929423,0.596046,106.8255,0.6553822,-0.7160546,0.2402916,0.02915785,0.02016884,0.05465205,0.06514452,-0.07740224,0.3864209,0.7963918,0.4587463,125.3875,-0.08710902,0.4348807,0.8962649,0.008748118,1.101472,-0.0372133,1.102135,0.03069456,0.02967818,-0.004134268,0.9990795,4.916916,0.7155716,0.6918769,-0.09638076,False
1773055715968,6.708153,0.06445965,0.8566384,0.1889473,0.879594,0.1854814,-0.3058069,-0.9124627,0.1987225,157.0755,0.189256,-0.3120301,-0.9310314,0.06474666,0.9821784,0.2242567,1.009533,0.003941916,0.9620038,0.3105329,1.01089,-0.0331401,0.9588474,0.294501,1.003602,-0.07169078,-0.07390516,0.09211057,0.1381517,-0.0264499,-0.01652703,0.1794049,0.1820958,0.01230398,-0.03459252,0.1832184,0.1868609,-0.07561715,-0.05953636,0.09837566,0.1376238,-0.02472617,-0.02315449,0.1763202,0.1795448,0.009592935,-0.03884638,0.1788606,0.1832817,-0.05118843,-0.05110905,0.1245533,0.1440344,-0.2183925,0.3379351,-0.3014461,0.8644275,60.3652,-0.4343894,0.6721632,-0.5995855,17.60832,-0.007484565,-0.03609122,0.09995876,0.106538,0.8954269,0.2563658,0.2377442,0.2756179,148.0023,0.9315065,0.2666956,0.2473237,1.299997,False,True,False,-0.1039619,0.594117,0.1251558,0.6159927,-0.09668963,-0.2287291,-0.3179946,-0.9149938,312.4097,-0.2396463,-0.5669076,-0.7881533,0.01410168,0.5834548,0.1805058,0.6109016,0.01010486,0.5460142,0.2149805,0.5868989,-0.03557204,0.5569807,0.1695504,0.5833011,0.05868007,-0.05714492,0.1118013,0.1385944,0.01786937,-0.07399333,0.1430337,0.1620276,0.008789653,-0.05444127,0.07724763,0.0949121,0.05884574,-0.05701393,0.1117882,0.1386002,0.01785689,-0.07399503,0.1430436,0.1620358,0.008793226,-0.05449277,0.0771997,0.09490298,0.02505367,-0.06174464,0.1085601,0.1273789,-0.8738859,-0.1425945,0.4543354,0.09782427,168.7722,-0.8780975,-0.1432817,0.456525,15.85924,0,0,0,0,0,0,0,0,0,1,0,0,0.36618,False,True,False,0.02084215,0.9798312,0.245348,1.010297,0.5262394,-0.5749563,0.1929423,0.596046,106.8255,0.6553822,-0.7160546,0.2402916,0.02915785,0.02016884,0.05465205,0.06514452,-0.07740224,0.3864209,0.7963918,0.4587463,125.3875,-0.08710902,0.4348807,0.8962649,0.008650403,1.101631,-0.03679683,1.10228,0.03067786,0.02922799,-0.004328998,0.9990925,4.882241,0.7202632,0.6862228,-0.1016374,False
1773055715982,6.722342,0.06424895,0.8566414,0.1918719,0.8802143,0.1959056,-0.3175831,-0.9097996,0.1817324,159.0586,0.1992231,-0.322961,-0.9252061,0.06532764,0.9832323,0.2219582,1.010089,0.003356472,0.9644828,0.3114674,1.013534,-0.03472988,0.9622611,0.2933055,1.006569,-0.06969456,-0.07727195,0.09040371,0.1378445,-0.02723693,-0.01472142,0.1797363,0.1823834,0.01305667,-0.03380774,0.1837014,0.1872422,-0.07429779,-0.06336699,0.0966341,0.1373815,-0.02526113,-0.02120711,0.1770891,0.1801345,0.01034787,-0.03769137,0.1799994,0.1841942,-0.05007273,-0.05301542,0.1240326,0.1438819,-0.2338865,0.3199456,-0.3033493,0.8665513,59.87937,-0.4686276,0.6410605,-0.6078072,19.26404,-0.007484565,-0.03609122,0.09995876,0.106538,0.8954269,0.2563658,0.2377442,0.2756179,148.0023,0.9315065,0.2666956,0.2473237,1.299997,False,True,False,-0.1039529,0.5942129,0.1250438,0.616061,-0.09670151,-0.2286644,-0.3181287,-0.9149621,312.4007,-0.2396331,-0.5666464,-0.7883452,0.01408589,0.5834771,0.1804274,0.6108993,0.01011001,0.5461169,0.2148507,0.5869469,-0.03555486,0.5570887,0.169457,0.5833761,0.05859369,-0.05720503,0.111813,0.1385922,0.01786902,-0.07400742,0.1430078,0.1620112,0.008787873,-0.0544378,0.07726385,0.09492315,0.05879251,-0.05705427,0.1117934,0.1385984,0.01785945,-0.07399765,0.1430361,0.1620306,0.008792097,-0.05448117,0.07721324,0.09490724,0.02502684,-0.0617516,0.1085575,0.1273748,-0.8740157,-0.1423018,0.4541121,0.09812719,168.7373,-0.8782544,-0.1429919,0.4563144,15.8343,0,0,0,0,0,0,0,0,0,1,0,0,0.3684703,False,True,False,0.02084215,0.9798312,0.245348,1.010297,0.5262394,-0.5749563,0.1929423,0.596046,106.8255,0.6553822,-0.7160546,0.2402916,0.02915785,0.02016884,0.05465205,0.06514452,-0.07740224,0.3864209,0.7963918,0.4587463,125.3875,-0.08710902,0.4348807,0.8962649,0.008550376,1.10173,-0.03636136,1.102363,0.03096883,0.02891187,-0.004381191,0.9990925,4.882241,0.7270946,0.6788008,-0.1028628,False
1773055715995,6.735972,0.06323332,0.8590921,0.1951498,0.8832446,0.190882,-0.3319922,-0.9062762,0.1789097,159.3875,0.1940123,-0.3374366,-0.9211384,0.06414148,0.9866878,0.2206507,1.013091,0.004009042,0.9718952,0.3110147,1.020454,-0.0343297,0.968883,0.2934597,1.012932,-0.06793246,-0.07842825,0.09074982,0.1378454,-0.02763151,-0.01565627,0.1796469,0.1824325,0.01308734,-0.03385702,0.183679,0.1872312,-0.07293754,-0.06655906,0.09538491,0.137289,-0.02575115,-0.01996679,0.1776457,0.1806095,0.01092645,-0.03684175,0.1808347,0.1848726,-0.04901062,-0.05465465,0.1236845,0.1438298,-0.2448107,0.3061497,-0.3015685,0.8691355,59.28333,-0.4949931,0.6190169,-0.6097541,20.52746,-0.007484565,-0.03609122,0.09995876,0.106538,0.8954269,0.2563658,0.2377442,0.2756179,148.0023,0.9315065,0.2666956,0.2473237,1.299976,False,True,False,-0.1039681,0.594336,0.1250171,0.6161769,-0.09675781,-0.228639,-0.3181942,-0.9149396,312.3943,-0.2397424,-0.5665122,-0.7884081,0.01405203,0.5835477,0.1804289,0.6109664,0.01009079,0.5462278,0.2147945,0.5870292,-0.03556628,0.5572176,0.1694351,0.5834935,0.05853158,-0.05723096,0.1118316,0.1385916,0.01786537,-0.07401943,0.1429823,0.1619938,0.008788217,-0.05443027,0.07727292,0.09492624,0.05873913,-0.0570904,0.1118012,0.1385969,0.01786066,-0.0740021,0.1430251,0.1620231,0.008791303,-0.05447076,0.07722545,0.09491112,0.02500021,-0.06175822,0.1085533,0.1273691,-0.8741481,-0.1420787,0.4538654,0.09841152,168.7046,-0.8784122,-0.1427717,0.4560794,15.80932,0,0,0,0,0,0,0,0,0,1,0,0,0.3686067,False,True,False,0.02084215,0.9798312,0.245348,1.010297,0.5262394,-0.5749563,0.1929423,0.596046,106.8255,0.6553822,-0.7160546,0.2402916,0.02915785,0.02016884,0.05465205,0.06514452,-0.07740224,0.3864209,0.7963918,0.4587463,125.3875,-0.08710902,0.4348807,0.8962649,0.008522958,1.101757,-0.03605365,1.10238,0.03128065,0.02869252,-0.004258928,0.9990897,4.889932,0.7332602,0.6725909,-0.09983496,False
1773055716010,6.749868,0.06241566,0.8610703,0.1984035,0.8858339,0.1895674,-0.3448821,-0.9027966,0.173433,160.025,0.1924844,-0.350189,-0.9166884,0.06334671,0.9893985,0.2195187,1.015436,0.004306871,0.9779833,0.3108279,1.026199,-0.034256,0.9745875,0.2933005,1.018342,-0.06618325,-0.07984721,0.09070018,0.1377763,-0.02806584,-0.01617131,0.1796208,0.182518,0.01312329,-0.0338805,0.1836708,0.18723,-0.07148648,-0.06944659,0.09437361,0.1372571,-0.02623772,-0.01910876,0.1780807,0.1810146,0.01139733,-0.03617794,0.1814846,0.1854061,-0.0479339,-0.05617515,0.1234168,0.1438228,-0.253509,0.2943068,-0.2980383,0.871946,58.62886,-0.5177859,0.6011143,-0.6087359,21.59298,-0.007484565,-0.03609122,0.09995876,0.106538,0.8954269,0.2563658,0.2377442,0.2756179,148.0023,0.9315065,0.2666956,0.2473237,1.29991,False,True,False,-0.1039857,0.5944602,0.1249931,0.6162948,-0.09681861,-0.2286135,-0.3182589,-0.9149171,312.3879,-0.2398627,-0.5663773,-0.7884688,0.01401471,0.5836175,0.1804355,0.6110342,0.01006819,0.5463372,0.2147381,0.58711,-0.0355798,0.5573465,0.1694151,0.5836116,0.05846704,-0.05725603,0.1118521,0.1385913,0.01786089,-0.07403289,0.1429542,0.1619746,0.00878873,-0.05442348,0.07728174,0.09492958,0.05868259,-0.05712479,0.1118118,0.1385957,0.01786071,-0.07400849,0.1430103,0.162013,0.008790769,-0.05446094,0.07723714,0.09491495,0.02497227,-0.06176495,0.1085472,0.1273618,-0.8742906,-0.1419061,0.4535837,0.09869444,168.672,-0.87858,-0.1426023,0.455809,15.7829,0,0,0,0,0,0,0,0,0,1,0,0,0.3687947,False,True,False,0.02084215,0.9798312,0.245348,1.010297,0.5262394,-0.5749563,0.1929423,0.596046,106.8255,0.6553822,-0.7160546,0.2402916,0.02915785,0.02016884,0.05465205,0.06514452,-0.07740224,0.3864209,0.7963918,0.4587463,125.3875,-0.08710902,0.4348807,0.8962649,0.008540142,1.101719,-0.03578423,1.102334,0.03177072,0.02881776,-0.004196153,0.9990708,4.940109,0.7371816,0.6686634,-0.09736407,False
1773055716024,6.763732,0.06143813,0.8624899,0.1990898,0.8872994,0.1811615,-0.3576212,-0.898133,0.1806785,159.1814,0.1841929,-0.3636054,-0.9131616,0.06207253,0.9914206,0.2161697,1.016611,0.004151873,0.9836744,0.3072818,1.03056,-0.03435017,0.9786962,0.2915386,1.021773,-0.06615905,-0.07979104,0.09076975,0.137778,-0.02804346,-0.01786171,0.1794277,0.1824823,0.01307037,-0.03403891,0.1836119,0.1871972,-0.07035294,-0.07170422,0.09359676,0.1373003,-0.02661691,-0.01882884,0.1783759,0.181331,0.01175496,-0.03570117,0.1819686,0.1858099,-0.04713897,-0.05745917,0.1231315,0.1438228,-0.259106,0.2861243,-0.2925039,0.8748934,57.93527,-0.5349941,0.5907808,-0.6039532,22.28586,-0.007484565,-0.03609122,0.09995876,0.106538,0.8954269,0.2563658,0.2377442,0.2756179,148.0023,0.9315065,0.2666956,0.2473237,1.298731,False,True,False,-0.1040278,0.594502,0.124981,0.6163397,-0.09684025,-0.2286478,-0.3183828,-0.9148632,312.3726,-0.2398437,-0.5662906,-0.788537,0.01396853,0.5836487,0.1804331,0.6110622,0.01003483,0.5463932,0.2146975,0.5871467,-0.03560509,0.5574027,0.1694026,0.5836632,0.0584273,-0.05727283,0.1118659,0.1385926,0.01785396,-0.07403838,0.1429346,0.1619591,0.00878888,-0.05442239,0.07729109,0.09493657,0.05862963,-0.05715548,0.111823,0.138595,0.01785931,-0.07401469,0.1429946,0.1620018,0.008790378,-0.05445295,0.07724832,0.09491943,0.0249463,-0.06177121,0.1085411,0.1273545,-0.8744241,-0.1417688,0.4533144,0.0989459,168.6431,-0.8787362,-0.1424679,0.4555498,15.75793,0,0,0,0,0,0,0,0,0,1,0,0,0.3677335,False,True,False,0.02084215,0.9798312,0.245348,1.010297,0.5262394,-0.5749563,0.1929423,0.596046,106.8255,0.6553822,-0.7160546,0.2402916,0.02915785,0.02016884,0.05465205,0.06514452,-0.07740224,0.3864209,0.7963918,0.4587463,125.3875,-0.08710902,0.4348807,0.8962649,0.00859683,1.101652,-0.03555259,1.102259,0.03220974,0.02918936,-0.00420115,0.999046,5.00576,0.7375751,0.6684108,-0.09620269,False
1773055716037,6.777618,0.06065665,0.8636401,0.2000192,0.8885725,0.1753619,-0.37058,-0.893216,0.1846183,158.7222,0.178429,-0.3770616,-0.9088387,0.06136,0.9930176,0.2132216,1.017503,0.003926057,0.9887639,0.3038814,1.034414,-0.03447288,0.9826969,0.2894179,1.025009,-0.06613187,-0.07975634,0.09080821,0.1377702,-0.02805223,-0.01915456,0.1792578,0.1824478,0.01300946,-0.03419527,0.1835572,0.1871679,-0.06945928,-0.0734698,0.09299519,0.13737,-0.02691879,-0.01890158,0.1785687,0.1815728,0.01202312,-0.03536653,0.1823284,0.1861156,-0.04653285,-0.0585361,0.1228607,0.1438282,-0.2626933,0.2804635,-0.286273,0.8777131,57.26458,-0.5482069,0.585291,-0.5974145,22.7227,-0.007484565,-0.03609122,0.09995876,0.106538,0.8954269,0.2563658,0.2377442,0.2756179,148.0023,0.9315065,0.2666956,0.2473237,1.289931,False,True,False,-0.1040735,0.5945392,0.124972,0.6163815,-0.09686042,-0.2286895,-0.3185139,-0.9148049,312.3561,-0.2398153,-0.5662088,-0.7886039,0.01392,0.5836799,0.1804329,0.6110908,0.009998888,0.5464464,0.2146583,0.5871813,-0.03563208,0.5574548,0.1693918,0.5837114,0.058389,-0.05728779,0.1118805,0.1385944,0.01784603,-0.07404394,0.1429142,0.1619427,0.008789006,-0.05442274,0.07730033,0.09494431,0.05857964,-0.05718295,0.1118349,0.1385948,0.01785656,-0.07402076,0.142978,0.1619896,0.008790093,-0.05444668,0.07725912,0.09492459,0.02492198,-0.06177713,0.108535,0.1273474,-0.87455,-0.1416637,0.4530554,0.09916922,168.6173,-0.8788825,-0.1423654,0.4552998,15.73416,0,0,0,0,0,0,0,0,0,1,0,0,0.3668185,False,True,False,0.02084215,0.9798312,0.245348,1.010297,0.5262394,-0.5749563,0.1929423,0.596046,106.8255,0.6553822,-0.7160546,0.2402916,0.02915785,0.02016884,0.05465205,0.06514452,-0.07740224,0.3864209,0.7963918,0.4587463,125.3875,-0.08710902,0.4348807,0.8962649,0.008700199,1.101573,-0.0353542,1.102175,0.03284686,0.02969943,-0.004402485,0.9990094,5.10089,0.7381437,0.6674138,-0.09893385,False
1773055716051,6.791474,0.05964568,0.8648199,0.1998335,0.8896092,0.1715276,-0.3762063,-0.8907782,0.1885772,158.2605,0.1746614,-0.3830793,-0.9070522,0.05991807,0.9943755,0.2125385,1.0186,0.003115639,0.9917564,0.301533,1.036587,-0.03520302,0.9849033,0.2881615,1.026796,-0.06627606,-0.07868384,0.09183566,0.1379038,-0.02806554,-0.02005577,0.1791247,0.182416,0.01294657,-0.03417632,0.1835709,0.1871735,-0.06878965,-0.07461184,0.09274594,0.13748,-0.02715958,-0.01915719,0.1786896,0.1817543,0.0122199,-0.03510357,0.1826078,0.1863524,-0.04604875,-0.05924938,0.1228042,0.1439161,-0.2646773,0.2773444,-0.2802317,0.8800546,56.70209,-0.5573652,0.5840398,-0.5901201,22.91657,-0.007484565,-0.03609122,0.09995876,0.106538,0.8954269,0.2563658,0.2377442,0.2756179,148.0023,0.9315065,0.2666956,0.2473237,1.181463,False,True,False,-0.1041114,0.5945638,0.1250672,0.616431,-0.09683293,-0.2287906,-0.3186212,-0.9147452,312.3391,-0.239667,-0.5662695,-0.7886056,0.01387902,0.5836852,0.1805347,0.6111251,0.009972237,0.5464984,0.2147324,0.5872563,-0.03565779,0.5575138,0.1694825,0.5837957,0.05833187,-0.05731412,0.111899,0.1385961,0.01782969,-0.07404201,0.1429021,0.1619294,0.00879223,-0.05440649,0.07730209,0.09493673,0.05852825,-0.05721014,0.1118482,0.138595,0.01785099,-0.07402516,0.1429622,0.1619771,0.008790535,-0.05443836,0.07726802,0.0949271,0.02489614,-0.06178167,0.1085288,0.1273393,-0.8746935,-0.1415422,0.452767,0.09939446,168.5914,-0.8790464,-0.1422465,0.4550202,15.71077,0,0,0,0,0,0,0,0,0,1,0,0,0.3671534,False,True,False,0.02084215,0.9798312,0.245348,1.010297,0.5262394,-0.5749563,0.1929423,0.596046,106.8255,0.6553822,-0.7160546,0.2402916,0.02915785,0.02016884,0.05465205,0.06514452,-0.07740224,0.3864209,0.7963918,0.4587463,125.3875,-0.08710902,0.4348807,0.8962649,0.008826733,1.10143,-0.03521175,1.102028,0.03379188,0.03065137,-0.004669912,0.9989479,5.257058,0.736847,0.6683667,-0.1018295,False
1773055716065,6.805376,0.05867581,0.8659689,0.1999355,0.8906847,0.1690914,-0.3820584,-0.888307,0.1906575,158.0177,0.172251,-0.3891976,-0.904906,0.05867226,0.9956687,0.2116796,1.019611,0.002231166,0.9947149,0.2993268,1.038778,-0.03596439,0.9872147,0.2869142,1.028691,-0.06621431,-0.07805128,0.09250198,0.13796,-0.02808251,-0.02092661,0.1789874,0.1823816,0.01287702,-0.03412934,0.1835981,0.1871868,-0.06824854,-0.07536626,0.09269351,0.1375864,-0.02735384,-0.0195474,0.1787543,0.1818885,0.01236006,-0.03488865,0.1828299,0.1865389,-0.04563995,-0.05974339,0.1228554,0.1440337,-0.2656107,0.2757242,-0.2741975,0.8821808,56.18687,-0.5640361,0.5855126,-0.5822705,22.94273,-0.007484565,-0.03609122,0.09995876,0.106538,0.8954269,0.2563658,0.2377442,0.2756179,148.0023,0.9315065,0.2666956,0.2473237,0.9206873,False,True,False,-0.1041518,0.594584,0.1251723,0.6164786,-0.09679758,-0.228906,-0.318731,-0.9146818,312.3212,-0.2394944,-0.5663542,-0.788597,0.0138365,0.5836876,0.1806453,0.611159,0.009944126,0.5465488,0.2148163,0.5873334,-0.03568541,0.5575716,0.1695816,0.5838814,0.05827302,-0.05734069,0.1119185,0.1385981,0.01781124,-0.07403906,0.1428906,0.1619158,0.008795877,-0.05438884,0.07730267,0.09492743,0.05847517,-0.05723727,0.1118628,0.1385956,0.01784274,-0.07402804,0.1429474,0.1619644,0.008791644,-0.05442807,0.07727522,0.09492717,0.0248687,-0.06178499,0.1085226,0.1273303,-0.8748542,-0.1414042,0.4524492,0.09962293,168.5651,-0.8792282,-0.1421112,0.4547113,15.68758,0,0,0,0,0,0,0,0,0,1,0,0,0.3675029,False,True,False,0.02084215,0.9798312,0.245348,1.010297,0.5262394,-0.5749563,0.1929423,0.596046,106.8255,0.6553822,-0.7160546,0.2402916,0.02915785,0.02016884,0.05465205,0.06514452,-0.07740224,0.3864209,0.7963918,0.4587463,125.3875,-0.08710902,0.4348807,0.8962649,0.00894868,1.101246,-0.03504726,1.10184,0.03465399,0.03174466,-0.004964882,0.9988828,5.417255,0.7333118,0.6717476,-0.1050617,False
1773055716079,6.819263,0.05773395,0.8670994,0.2002726,0.891798,0.1674193,-0.3883038,-0.8856973,0.1916542,157.9013,0.1705814,-0.3956379,-0.9024261,0.05756985,0.9969235,0.2106809,1.020567,0.001319803,0.9977033,0.2971633,1.041019,-0.03672986,0.9896296,0.285669,1.03069,-0.06604961,-0.07769756,0.09293292,0.137971,-0.02810072,-0.02180033,0.1788413,0.1823434,0.01280106,-0.03405545,0.1836386,0.1872079,-0.06778836,-0.07587612,0.09274477,0.1376737,-0.02751086,-0.0200405,0.1787731,0.1819844,0.01245388,-0.03470572,0.1830102,0.1866878,-0.04528518,-0.06010591,0.1229498,0.1441531,-0.2658215,0.2750151,-0.2680551,0.8842241,55.68763,-0.5691341,0.5888181,-0.5739164,22.85019,-0.007484565,-0.03609122,0.09995876,0.106538,0.8954269,0.2563658,0.2377442,0.2756179,148.0023,0.9315065,0.2666956,0.2473237,0.7083856,False,True,False,-0.1041945,0.5945999,0.1252867,0.6165243,-0.09675457,-0.2290355,-0.3188429,-0.914615,312.3022,-0.2392985,-0.5664626,-0.788579,0.01379257,0.5836872,0.1807642,0.6111929,0.009914637,0.5465979,0.2149094,0.5874127,-0.03571481,0.5576283,0.1696884,0.5839683,0.05821252,-0.0573675,0.111939,0.1386004,0.0177908,-0.07403511,0.1428795,0.161902,0.008800072,-0.05436984,0.07730202,0.0949164,0.05842058,-0.05726431,0.1118786,0.1385965,0.01783196,-0.07402951,0.1429333,0.1619514,0.008793392,-0.05441599,0.07728078,0.09492493,0.02483979,-0.06178714,0.1085164,0.1273203,-0.8750309,-0.1412512,0.4521042,0.09985397,168.5385,-0.8794262,-0.1419607,0.4543751,15.66463,0,0,0,0,0,0,0,0,0,1,0,0,0.3678723,False,True,False,0.02084215,0.9798312,0.245348,1.010297,0.5262394,-0.5749563,0.1929423,0.596046,106.8255,0.6553822,-0.7160546,0.2402916,0.02915785,0.02016884,0.05465205,0.06514452,-0.07740224,0.3864209,0.7963918,0.4587463,125.3875,-0.08710902,0.4348807,0.8962649,0.009046392,1.101077,-0.03490236,1.101667,0.03525083,0.03264476,-0.004830694,0.9988335,5.535353,0.7300398,0.6760685,-0.100043,False
1773055716093,6.833278,0.05791076,0.8681413,0.1996959,0.8926933,0.1670443,-0.3881338,-0.8860263,0.1908029,158.0007,0.1701707,-0.3953979,-0.9026088,0.05668249,0.9978839,0.211466,1.021618,0.001506224,0.9995787,0.2952731,1.042279,-0.03623641,0.9908797,0.2851152,1.03172,-0.06500401,-0.07692523,0.09436519,0.1380138,-0.02804116,-0.02351004,0.1785225,0.1822342,0.01270136,-0.03416346,0.1836109,0.1871935,-0.06720342,-0.07610651,0.09309284,0.137749,-0.0276231,-0.02079975,0.1787187,0.1820331,0.01250683,-0.03458627,0.1831444,0.1868007,-0.04480842,-0.0603229,0.1232501,0.1443511,-0.2650479,0.2754107,-0.2607011,0.8865289,55.11948,-0.5728619,0.5952595,-0.563467,22.53406,-0.007484565,-0.03609122,0.09995876,0.106538,0.8954269,0.2563658,0.2377442,0.2756179,148.0023,0.9315065,0.2666956,0.2473237,0.7734926,False,True,False,-0.1042053,0.5945687,0.1253982,0.6165188,-0.09677047,-0.2291417,-0.3190368,-0.9145191,312.2751,-0.2392096,-0.5664215,-0.7886357,0.01378915,0.583661,0.1808686,0.6111986,0.009923197,0.5465978,0.2149924,0.5874431,-0.03570714,0.5576376,0.1697835,0.5840043,0.05817101,-0.05739055,0.111953,0.1386038,0.01776863,-0.07403366,0.1428685,0.1618892,0.008804302,-0.05435414,0.07729855,0.09490497,0.05836833,-0.05729072,0.1118942,0.138598,0.01781873,-0.07403038,0.1429197,0.1619384,0.008795672,-0.05440306,0.0772845,0.09492075,0.02481148,-0.06178868,0.1085101,0.1273102,-0.8752102,-0.1410892,0.4517575,0.1000813,168.5123,-0.8796266,-0.1418012,0.4540372,15.64332,0,0,0,0,0,0,0,0,0,1,0,0,0.3672113,False,True,False,0.02084215,0.9798312,0.245348,1.010297,0.5262394,-0.5749563,0.1929423,0.596046,106.8255,0.6553822,-0.7160546,0.2402916,0.02915785,0.02016884,0.05465205,0.06514452,-0.07740224,0.3864209,0.7963918,0.4587463,125.3875,-0.08710902,0.4348807,0.8962649,0.00916975,1.100924,-0.03481563,1.101512,0.03552487,0.03333024,-0.004788042,0.9988014,5.611218,0.7257735,0.680937,-0.09781973,False
1773055716106,6.847127,0.05804273,0.8692057,0.1992971,0.893648,0.166902,-0.388257,-0.8861221,0.1902313,158.0674,0.1700064,-0.3954787,-0.9026043,0.05569369,0.9988703,0.2118276,1.022602,0.001581606,1.001374,0.2936404,1.043541,-0.03589632,0.9921548,0.284617,1.032795,-0.06390725,-0.07654631,0.09542986,0.1380229,-0.02799738,-0.02496497,0.1782209,0.1821257,0.01259347,-0.03427367,0.1835845,0.1871806,-0.06652003,-0.07620186,0.09358795,0.1378054,-0.02770152,-0.02169598,0.178612,0.1820448,0.01252516,-0.0345183,0.1832414,0.1868844,-0.04424761,-0.06046962,0.123652,0.144583,-0.2637649,0.2762257,-0.2527818,0.8889481,54.51727,-0.5758959,0.6031026,-0.5519159,22.10278,-0.007484565,-0.03609122,0.09995876,0.106538,0.8954269,0.2563658,0.2377442,0.2756179,148.0023,0.9315065,0.2666956,0.2473237,0.9032173,False,True,False,-0.1042159,0.5945312,0.1255173,0.6165087,-0.09678751,-0.2292564,-0.3192426,-0.9144167,312.246,-0.2391148,-0.5663809,-0.7886932,0.0137876,0.5836323,0.1809782,0.6112037,0.00993333,0.5465934,0.2150819,0.5874719,-0.03569834,0.5576431,0.1698838,0.5840383,0.0581307,-0.05741324,0.1119668,0.1386075,0.01774468,-0.07403173,0.1428578,0.1618763,0.008808998,-0.05433771,0.07729378,0.09489211,0.05831904,-0.05731611,0.1119092,0.1385998,0.0178034,-0.07403066,0.1429069,0.1619256,0.008798431,-0.05438952,0.07728642,0.09491482,0.02478416,-0.06178959,0.1085039,0.1273,-0.8753889,-0.1409217,0.4514146,0.1003016,168.4869,-0.8798257,-0.1416359,0.4537025,15.62386,0,0,0,0,0,0,0,0,0,1,0,0,0.3666692,False,True,False,0.02084215,0.9798312,0.245348,1.010297,0.5262394,-0.5749563,0.1929423,0.596046,106.8255,0.6553822,-0.7160546,0.2402916,0.02915785,0.02016884,0.05465205,0.06514452,-0.07740224,0.3864209,0.7963918,0.4587463,125.3875,-0.08710902,0.4348807,0.8962649,0.00924712,1.100813,-0.03474518,1.1014,0.03582617,0.03404703,-0.004742971,0.9987667,5.691852,0.7215734,0.68574,-0.09552798,False
1773055716120,6.860953,0.05839963,0.8701317,0.1988463,0.8944717,0.1668939,-0.3875991,-0.8864573,0.1900183,158.0923,0.169991,-0.3947919,-0.9029077,0.05109394,0.9995074,0.2119695,1.023014,0.0007471293,1.00669,0.2819614,1.045432,-0.03429702,0.9954007,0.2776861,1.033977,-0.0592197,-0.07714806,0.09786886,0.137975,-0.02727226,-0.03733443,0.1739898,0.1800281,0.01135211,-0.04093518,0.1800672,0.1850102,-0.06500188,-0.07640619,0.09448822,0.1378085,-0.02761182,-0.02499603,0.1776295,0.1814923,0.01227804,-0.03589791,0.1825484,0.1864492,-0.04304214,-0.06128333,0.124114,0.1449571,-0.257179,0.2805028,-0.2370635,0.8938557,53.27634,-0.5736063,0.625627,-0.5287411,20.73675,-0.007484565,-0.03609122,0.09995876,0.106538,0.8954269,0.2563658,0.2377442,0.2756179,148.0023,0.9315065,0.2666956,0.2473237,1.299931,False,True,False,-0.1043251,0.5944907,0.1255631,0.6164974,-0.09668958,-0.2293758,-0.3193546,-0.9143581,312.2295,-0.2387948,-0.5664907,-0.7887118,0.01368099,0.5835881,0.1810275,0.6111736,0.009830356,0.5465844,0.2150994,0.5874681,-0.03580134,0.5576507,0.1699209,0.5840627,0.05808191,-0.05744268,0.1119824,0.1386118,0.01772095,-0.07404257,0.1428289,0.1618531,0.008813955,-0.05431716,0.07728246,0.09487159,0.05826991,-0.0573423,0.1119244,0.1386022,0.01778635,-0.07403312,0.1428908,0.1619106,0.00880164,-0.05437455,0.0772856,0.09490588,0.02475658,-0.0617907,0.108495,0.1272877,-0.8755748,-0.1407663,0.4510481,0.1005445,168.459,-0.8800343,-0.1414832,0.4533454,15.6047,0,0,0,0,0,0,0,0,0,1,0,0,0.3667466,False,True,False,0.02084215,0.9798312,0.245348,1.010297,0.5262394,-0.5749563,0.1929423,0.596046,106.8255,0.6553822,-0.7160546,0.2402916,0.02915785,0.02016884,0.05465205,0.06514452,-0.07740224,0.3864209,0.7963918,0.4587463,125.3875,-0.08710902,0.4348807,0.8962649,0.009270755,1.100718,-0.03470274,1.101304,0.03595963,0.03424308,-0.004886364,0.9987544,5.719983,0.7206981,0.6862952,-0.09793184,False
1773055716135,6.874799,0.05871214,0.8710642,0.198533,0.8953297,0.1669523,-0.3858103,-0.887392,0.1892426,158.1828,0.1700246,-0.39291,-0.9037219,0.04804623,1.000037,0.2125294,1.0235,0.001049098,1.008998,0.2762113,1.046122,-0.03278824,0.997376,0.2741033,1.034875,-0.05585792,-0.07741787,0.09950429,0.1378939,-0.02696222,-0.04325683,0.1710442,0.1784775,0.0103747,-0.04458352,0.1778033,0.1836011,-0.06308165,-0.07662438,0.09553768,0.1377608,-0.02747613,-0.02877844,0.1762401,0.1806757,0.01187795,-0.03774627,0.1815201,0.1857833,-0.04152359,-0.06220859,0.1246545,0.1453715,-0.2492846,0.2848203,-0.2204701,0.8989592,51.95682,-0.5691007,0.6502265,-0.5033191,19.19054,-0.007484565,-0.03609122,0.09995876,0.106538,0.8954269,0.2563658,0.2377442,0.2756179,148.0023,0.9315065,0.2666956,0.2473237,1.299992,False,True,False,-0.1044409,0.5944447,0.1256102,0.6164822,-0.09657694,-0.2295025,-0.3194635,-0.9143001,312.2131,-0.2384395,-0.5666205,-0.7887257,0.01356833,0.5835399,0.181078,0.6111401,0.009719975,0.5465712,0.2151173,0.5874606,-0.03591189,0.5576556,0.1699588,0.5840851,0.05803287,-0.05747274,0.1119983,0.1386165,0.01769579,-0.07405483,0.1427977,0.1618284,0.008819275,-0.05429549,0.07726917,0.09484885,0.05822074,-0.05736933,0.1119397,0.1386051,0.0177676,-0.07403761,0.1428715,0.1618936,0.00880529,-0.05435818,0.0772822,0.09489406,0.02472866,-0.06179196,0.1084836,0.1272731,-0.8757685,-0.1406218,0.4506579,0.1008093,168.4285,-0.8802527,-0.1413418,0.4529654,15.58576,0,0,0,0,0,0,0,0,0,1,0,0,0.3668306,False,True,False,0.02084215,0.9798312,0.245348,1.010297,0.5262394,-0.5749563,0.1929423,0.596046,106.8255,0.6553822,-0.7160546,0.2402916,0.02915785,0.02016884,0.05465205,0.06514452,-0.07740224,0.3864209,0.7963918,0.4587463,125.3875,-0.08710902,0.4348807,0.8962649,0.009217195,1.100627,-0.03463535,1.10121,0.03649629,0.03449489,-0.004751332,0.998727,5.782745,0.7235202,0.6838436,-0.09419271,False
1773055716149,6.888896,0.05898492,0.8719917,0.1983358,0.8962064,0.167134,-0.3835206,-0.8886167,0.1879857,158.3295,0.1701678,-0.3904822,-0.9047468,0.04577553,1.000524,0.2133303,1.024037,0.001642406,1.010555,0.2723679,1.046618,-0.03135452,0.9989452,0.2718014,1.035737,-0.05315135,-0.07753804,0.1007504,0.1377964,-0.02678687,-0.04735514,0.1686038,0.1771646,0.009522531,-0.04718741,0.1760269,0.1824906,-0.06094832,-0.07682376,0.09663725,0.1376784,-0.02733029,-0.03274811,0.1746206,0.1797546,0.01137753,-0.03976103,0.1803234,0.1850052,-0.03983679,-0.06314051,0.1252353,0.1457998,-0.2402808,0.2890843,-0.2021471,0.9043406,50.53076,-0.5629671,0.6773115,-0.4736215,17.60608,-0.007484565,-0.03609122,0.09995876,0.106538,0.8954269,0.2563658,0.2377442,0.2756179,148.0023,0.9315065,0.2666956,0.2473237,1.299996,False,True,False,-0.1045629,0.5943935,0.1256585,0.6164634,-0.09645019,-0.2296365,-0.3195693,-0.9142428,312.1969,-0.2380506,-0.5667704,-0.7887354,0.01344993,0.5834877,0.1811295,0.6111028,0.009602644,0.5465541,0.2151356,0.5874496,-0.03602964,0.5576579,0.1699974,0.5841058,0.05798348,-0.05750359,0.1120141,0.1386215,0.01766927,-0.07406843,0.1427642,0.1618022,0.008824958,-0.05427264,0.07725399,0.09482393,0.05817082,-0.05739754,0.1119553,0.1386085,0.01774695,-0.07404409,0.142849,0.1618744,0.008809419,-0.05434021,0.07727627,0.09487933,0.02469999,-0.06179339,0.1084696,0.1272563,-0.8759723,-0.1404853,0.4502394,0.1010988,168.3951,-0.8804836,-0.1412088,0.4525581,15.56674,0,0,0,0,0,0,0,0,0,1,0,0,0.3668812,False,True,False,0.02084215,0.9798312,0.245348,1.010297,0.5262394,-0.5749563,0.1929423,0.596046,106.8255,0.6553822,-0.7160546,0.2402916,0.02915785,0.02016884,0.05465205,0.06514452,-0.07740224,0.3864209,0.7963918,0.4587463,125.3875,-0.08710902,0.4348807,0.8962649,0.009141728,1.100509,-0.03461393,1.101091,0.03686104,0.03440803,-0.004749202,0.9987166,5.806258,0.7277991,0.6793659,-0.09377015,False
1773055716161,6.902568,0.05914721,0.8725038,0.1979323,0.8966261,0.1683111,-0.3796139,-0.8911538,0.1827831,158.9362,0.1711951,-0.3861187,-0.906424,0.04096011,0.9999623,0.2149333,1.02362,0.003177382,1.011478,0.2640666,1.045385,-0.02633628,1.001352,0.2584065,1.034491,-0.04725737,-0.07760683,0.1032998,0.1375752,-0.02609837,-0.05498116,0.1624638,0.1734893,0.007138828,-0.05867798,0.1656552,0.1758855,-0.05804419,-0.0769902,0.09800564,0.1374835,-0.02707636,-0.0374801,0.1721225,0.1782247,0.0105031,-0.04365198,0.1772569,0.1828546,-0.03766983,-0.06443471,0.1257086,0.1461968,-0.2283172,0.2958093,-0.1885131,0.908202,49.48388,-0.5455191,0.7067783,-0.4504151,15.92319,-0.007484565,-0.03609122,0.09995876,0.106538,0.8954269,0.2563658,0.2377442,0.2756179,148.0023,0.9315065,0.2666956,0.2473237,1.3,False,True,False,-0.1045309,0.5944102,0.1257061,0.6164837,-0.09636959,-0.2299158,-0.3196981,-0.9141361,312.1667,-0.2377104,-0.5671227,-0.7885845,0.0134977,0.5834918,0.1811485,0.6111134,0.009670854,0.546609,0.2151171,0.587495,-0.03598054,0.5577391,0.1700118,0.5841845,0.05791397,-0.0575459,0.1120325,0.1386248,0.01763971,-0.07408515,0.1427308,0.1617771,0.008832302,-0.05424312,0.07723513,0.09479235,0.05811807,-0.05742798,0.1119711,0.1386117,0.01772497,-0.0740525,0.1428247,0.1618544,0.008814109,-0.05432031,0.07726784,0.09486149,0.0246694,-0.06179525,0.1084535,0.1272375,-0.8761921,-0.1403441,0.4497836,0.1014183,168.3583,-0.8807333,-0.1410715,0.4521148,15.54717,0,0,0,0,0,0,0,0,0,1,0,0,0.3680931,False,True,False,0.02084215,0.9798312,0.245348,1.010297,0.5262394,-0.5749563,0.1929423,0.596046,106.8255,0.6553822,-0.7160546,0.2402916,0.02915785,0.02016884,0.05465205,0.06514452,-0.07740224,0.3864209,0.7963918,0.4587463,125.3875,-0.08710902,0.4348807,0.8962649,0.008995414,1.100411,-0.03459666,1.100991,0.03711464,0.03420444,-0.004404012,0.9987158,5.808146,0.7325681,0.6751266,-0.0869263,False
1773055716175,6.916414,0.05928198,0.8729999,0.1976285,0.8970509,0.1697029,-0.3757943,-0.8936764,0.1769803,159.6122,0.1724247,-0.3818215,-0.9080099,0.03782739,0.9994433,0.2165007,1.023323,0.004845202,1.011732,0.2592289,1.044426,-0.02269375,1.002089,0.2526316,1.033692,-0.04286561,-0.07738575,0.105035,0.1373258,-0.02561427,-0.05938581,0.1581153,0.1708309,0.005776232,-0.06331652,0.1599841,0.1721547,-0.05475403,-0.07707491,0.0994739,0.1372356,-0.02677253,-0.0422728,0.1691751,0.1764199,0.00952334,-0.04781632,0.1736774,0.180391,-0.03523556,-0.06573988,0.1261597,0.146559,-0.215101,0.3025703,-0.1761361,0.9116792,48.52311,-0.5234839,0.7363552,-0.4286565,14.2172,-0.007484565,-0.03609122,0.09995876,0.106538,0.8954269,0.2563658,0.2377442,0.2756179,148.0023,0.9315065,0.2666956,0.2473237,1.3,False,True,False,-0.104495,0.5944265,0.1257547,0.6165033,-0.09628292,-0.2302184,-0.3198272,-0.9140239,312.135,-0.2373487,-0.5675152,-0.7884114,0.01355112,0.5834951,0.1811646,0.6111226,0.009746142,0.5466652,0.2150946,0.5875402,-0.03592689,0.5578234,0.1700241,0.5842652,0.05784165,-0.05759017,0.1120512,0.1386281,0.01760876,-0.07410333,0.1426956,0.1617511,0.008840144,-0.05421182,0.07721432,0.09475822,0.05806072,-0.05746159,0.1119877,0.138615,0.01770091,-0.07406302,0.142798,0.161833,0.008819497,-0.05429783,0.07725676,0.0948401,0.02463589,-0.06179755,0.1084349,0.1272163,-0.876435,-0.1401935,0.4492759,0.1017777,168.3169,-0.8810099,-0.1409253,0.4516211,15.52634,0,0,0,0,0,0,0,0,0,1,0,0,0.3691964,False,True,False,0.02084215,0.9798312,0.245348,1.010297,0.5262394,-0.5749563,0.1929423,0.596046,106.8255,0.6553822,-0.7160546,0.2402916,0.02915785,0.02016884,0.05465205,0.06514452,-0.07740224,0.3864209,0.7963918,0.4587463,125.3875,-0.08710902,0.4348807,0.8962649,0.008835559,1.100361,-0.03456363,1.10094,0.03726828,0.0334547,-0.003848744,0.9987378,5.758184,0.7419772,0.6660523,-0.07662495,False
1773055716191,6.930578,0.05938284,0.8730479,0.197288,0.8970293,0.1707685,-0.3692602,-0.896685,0.1744736,159.9039,0.1734286,-0.3750122,-0.9106528,0.03775058,0.999133,0.2181026,1.023358,0.005805843,1.010628,0.2587791,1.043249,-0.01798223,1.000273,0.2453109,1.030072,-0.04236535,-0.07737607,0.1052142,0.1373023,-0.02554876,-0.06070849,0.1561032,0.1694299,0.003993841,-0.06840389,0.1509129,0.16574,-0.05199881,-0.0771404,0.1007007,0.1370954,-0.02651402,-0.0464301,0.1663429,0.1747247,0.008353259,-0.05233469,0.1687771,0.1769023,-0.03342141,-0.06708075,0.1260755,0.1466692,-0.2016539,0.3136413,-0.1674252,0.9126521,48.25108,-0.4933582,0.7673419,-0.4096156,12.90694,-0.007484565,-0.03609122,0.09995876,0.106538,0.8954269,0.2563658,0.2377442,0.2756179,148.0023,0.9315065,0.2666956,0.2473237,1.3,False,True,False,-0.1045443,0.5943735,0.1257889,0.6164675,-0.0961289,-0.2304241,-0.3198504,-0.9139801,312.1226,-0.2369114,-0.5678842,-0.7882769,0.01350104,0.5834159,0.1812022,0.611057,0.009709068,0.5466423,0.215089,0.5875162,-0.0359765,0.5578296,0.1700479,0.5842811,0.05776872,-0.05762481,0.1120749,0.1386313,0.0175847,-0.07412015,0.1426616,0.1617261,0.008846939,-0.05417788,0.07719894,0.09472691,0.05799904,-0.05749603,0.1120061,0.1386184,0.0176764,-0.07407506,0.1427692,0.1618105,0.008825281,-0.05427254,0.07724457,0.09481623,0.02460003,-0.06179927,0.1084146,0.1271929,-0.876695,-0.1400549,0.4487224,0.10217,168.2717,-0.8813069,-0.1407917,0.4510829,15.50399,0,0,0,0,0,0,0,0,0,1,0,0,0.3698614,False,True,False,0.02084215,0.9798312,0.245348,1.010297,0.5262394,-0.5749563,0.1929423,0.596046,106.8255,0.6553822,-0.7160546,0.2402916,0.02915785,0.02016884,0.05465205,0.06514452,-0.07740224,0.3864209,0.7963918,0.4587463,125.3875,-0.08710902,0.4348807,0.8962649,0.00866507,1.100339,-0.03452676,1.100915,0.03709235,0.03277554,-0.003348774,0.9987687,5.687172,0.7476814,0.6606662,-0.06750222,False
1773055716203,6.944335,0.05947019,0.8731098,0.1970036,0.8970328,0.1718433,-0.3634891,-0.89931,0.1720091,160.1907,0.1744433,-0.3689887,-0.9129167,0.03747789,0.9987738,0.219513,1.023298,0.006731845,1.009647,0.2584171,1.042215,-0.01476158,0.9987562,0.2415696,1.027661,-0.04166114,-0.07736573,0.1054129,0.1372333,-0.02552838,-0.06178585,0.154291,0.1681515,0.002843821,-0.07090332,0.1452378,0.1616459,-0.04973922,-0.07718819,0.1016883,0.1370128,-0.0263108,-0.049845,0.1637667,0.1731944,0.007208109,-0.05637529,0.1637201,0.1733044,-0.03201078,-0.06823917,0.1258071,0.1466584,-0.18922,0.3265416,-0.1610407,0.9119388,48.45066,-0.4611452,0.7958097,-0.3924698,11.87585,-0.007484565,-0.03609122,0.09995876,0.106538,0.8954269,0.2563658,0.2377442,0.2756179,148.0023,0.9315065,0.2666956,0.2473237,1.3,False,True,False,-0.1045959,0.5943158,0.125823,0.6164276,-0.09596124,-0.2306362,-0.3198601,-0.9139409,312.1115,-0.2364466,-0.5682832,-0.7881293,0.01344776,0.5833302,0.1812414,0.6109856,0.009668924,0.5466148,0.2150836,0.587488,-0.03603006,0.5578327,0.1700725,0.5842946,0.05769346,-0.05765969,0.1120996,0.1386344,0.01756035,-0.07413803,0.1426265,0.1617007,0.008854023,-0.05414222,0.07718273,0.09469397,0.05793595,-0.05752978,0.1120254,0.1386215,0.01765249,-0.07408803,0.1427398,0.1617878,0.0088312,-0.05424568,0.07723184,0.09479104,0.0245635,-0.06180038,0.1083934,0.1271684,-0.87696,-0.1399333,0.4481497,0.1025762,168.2249,-0.8816103,-0.1406753,0.4505261,15.48121,0,0,0,0,0,0,0,0,0,1,0,0,0.3706185,False,True,False,0.02084215,0.9798312,0.245348,1.010297,0.5262394,-0.5749563,0.1929423,0.596046,106.8255,0.6553822,-0.7160546,0.2402916,0.02915785,0.02016884,0.05465205,0.06514452,-0.07740224,0.3864209,0.7963918,0.4587463,125.3875,-0.08710902,0.4348807,0.8962649,0.008488116,1.100349,-0.0345149,1.100923,0.03687179,0.0316332,-0.003080469,0.9988145,5.580434,0.757448,0.649833,-0.0632813,False
1773055716217,6.958334,0.05955273,0.8731863,0.1967443,0.8970559,0.1728937,-0.3584482,-0.9015777,0.1696479,160.4653,0.1754367,-0.3637204,-0.9148385,0.03656527,0.9982828,0.2205874,1.023017,0.007659748,1.008739,0.2578799,1.041209,-0.01194195,0.9973333,0.2386905,1.025568,-0.04027228,-0.0774631,0.1056906,0.1370872,-0.02551713,-0.06277596,0.1524628,0.1668438,0.001870143,-0.07260345,0.1404719,0.1581364,-0.04763297,-0.07724717,0.1025409,0.136933,-0.02614503,-0.05277654,0.1612979,0.1717147,0.006078049,-0.05999341,0.1585631,0.169642,-0.03070626,-0.06924023,0.1255118,0.1465956,-0.1775963,0.3407949,-0.155811,0.9099678,48.9982,-0.4282743,0.8218282,-0.3757389,10.98703,-0.007484565,-0.03609122,0.09995876,0.106538,0.8954269,0.2563658,0.2377442,0.2756179,148.0023,0.9315065,0.2666956,0.2473237,1.3,False,True,False,-0.1046496,0.5942535,0.125857,0.6163836,-0.09578043,-0.2308543,-0.3198568,-0.913906,312.1017,-0.2359554,-0.5687103,-0.7879683,0.01339148,0.583238,0.181282,0.6109084,0.009625725,0.5465828,0.215078,0.5874555,-0.03608743,0.557833,0.1700977,0.5843057,0.05761605,-0.05769482,0.1121253,0.1386376,0.0175358,-0.07415687,0.1425901,0.1616746,0.00886134,-0.05410485,0.07716576,0.09465946,0.05786898,-0.05756428,0.1120462,0.1386248,0.01762811,-0.0741024,0.1427085,0.1617641,0.008837494,-0.05421625,0.07721804,0.09476354,0.02452486,-0.06180095,0.1083707,0.1271418,-0.8772404,-0.1398224,0.4475349,0.1030124,168.1747,-0.8819322,-0.1405702,0.4499285,15.4571,0,0,0,0,0,0,0,0,0,1,0,0,0.3712709,False,True,False,0.02084215,0.9798312,0.245348,1.010297,0.5262394,-0.5749563,0.1929423,0.596046,106.8255,0.6553822,-0.7160546,0.2402916,0.02915785,0.02016884,0.05465205,0.06514452,-0.07740224,0.3864209,0.7963918,0.4587463,125.3875,-0.08710902,0.4348807,0.8962649,0.008339722,1.100335,-0.03452512,1.100908,0.03683628,0.0307776,-0.003082443,0.9988426,5.51381,0.7658461,0.6398829,-0.06408566,False
1773055716231,6.971977,0.05970012,0.8732747,0.1962028,0.897033,0.1738751,-0.3568726,-0.9022183,0.168557,160.5921,0.1763991,-0.3620529,-0.9153147,0.03674319,0.9982909,0.2205106,1.023015,0.008108124,1.00869,0.2576768,1.041114,-0.00850682,0.9955686,0.2328035,1.022461,-0.04023033,-0.07746431,0.1057105,0.1370909,-0.02578748,-0.06284865,0.1522884,0.1667534,0.0007990784,-0.07496044,0.1337471,0.1533232,-0.04601556,-0.07729274,0.1032035,0.1369035,-0.02607189,-0.0550211,0.1593599,0.1705949,0.004978493,-0.06329249,0.1530697,0.1657138,-0.02973122,-0.07000411,0.1252769,0.1465566,-0.1667975,0.3593701,-0.1522638,0.9054543,50.23091,-0.392979,0.8466851,-0.3587375,10.40728,-0.007484565,-0.03609122,0.09995876,0.106538,0.8954269,0.2563658,0.2377442,0.2756179,148.0023,0.9315065,0.2666956,0.2473237,1.3,False,True,False,-0.1046549,0.5941476,0.1259006,0.6162913,-0.09561995,-0.231066,-0.3200051,-0.9138173,312.0767,-0.2354444,-0.5689523,-0.7879465,0.01339957,0.5831692,0.1813146,0.6108525,0.009647228,0.546536,0.215089,0.5874163,-0.03608471,0.5578024,0.1701235,0.5842838,0.05757979,-0.05771144,0.112141,0.1386422,0.01751176,-0.07416822,0.1425662,0.1616561,0.008869575,-0.0540715,0.07714485,0.09462412,0.05780965,-0.05759443,0.1120657,0.1386282,0.01760429,-0.07411587,0.1426794,0.161742,0.008844058,-0.05418661,0.07720307,0.094735,0.02449009,-0.06180007,0.1083488,0.127116,-0.877501,-0.1397297,0.4469576,0.1034244,168.1272,-0.8822321,-0.1404831,0.4493674,15.43642,0,0,0,0,0,0,0,0,0,1,0,0,0.3696231,False,True,False,0.02084215,0.9798312,0.245348,1.010297,0.5262394,-0.5749563,0.1929423,0.596046,106.8255,0.6553822,-0.7160546,0.2402916,0.02915785,0.02016884,0.05465205,0.06514452,-0.07740224,0.3864209,0.7963918,0.4587463,125.3875,-0.08710902,0.4348807,0.8962649,0.00822138,1.100255,-0.03461593,1.10083,0.037321,0.03026785,-0.002967799,0.9988405,5.51892,0.775215,0.6287102,-0.06164578,False
1773055716246,6.985821,0.05986156,0.8733929,0.1956185,0.8970314,0.174705,-0.3556042,-0.9027376,0.1675967,160.7038,0.1772116,-0.3607062,-0.9156895,0.03690077,0.9983365,0.2203008,1.02302,0.008657947,1.008603,0.2569387,1.040852,-0.00545343,0.9937121,0.2282855,1.019612,-0.04015522,-0.07746818,0.1057381,0.1370924,-0.02600166,-0.06312644,0.1517146,0.1663681,-0.0001154321,-0.07615922,0.1281834,0.1491014,-0.04472002,-0.07732991,0.10374,0.1369006,-0.02605736,-0.05684934,0.1576909,0.1696386,0.003901332,-0.06617802,0.1474075,0.1616284,-0.02887893,-0.07054321,0.1252061,0.1465841,-0.1567164,0.3822378,-0.1483524,0.8985131,52.0734,-0.3570283,0.8708068,-0.3379736,9.969607,-0.007484565,-0.03609122,0.09995876,0.106538,0.8954269,0.2563658,0.2377442,0.2756179,148.0023,0.9315065,0.2666956,0.2473237,1.3,False,True,False,-0.1046593,0.5940353,0.1259446,0.6161928,-0.09545097,-0.2312821,-0.3201601,-0.913726,312.0509,-0.2349095,-0.5691965,-0.7879295,0.01340988,0.5831005,0.1813467,0.6107967,0.009670854,0.5464864,0.2151015,0.5873751,-0.0360811,0.5577683,0.1701494,0.5842587,0.05754681,-0.05772606,0.1121564,0.138647,0.0174876,-0.07417944,0.1425429,0.1616381,0.008878119,-0.05403725,0.07712288,0.09458744,0.05775511,-0.05762171,0.1120845,0.138632,0.01758012,-0.07412903,0.1426511,0.1617205,0.008851108,-0.05415567,0.07718647,0.09470443,0.02445756,-0.06179784,0.1083271,0.1270901,-0.8777531,-0.1396505,0.446393,0.1038297,168.0805,-0.8825231,-0.1404094,0.4488188,15.41809,0,0,0,0,0,0,0,0,0,1,0,0,0.3681186,False,True,False,0.02084215,0.9798312,0.245348,1.010297,0.5262394,-0.5749563,0.1929423,0.596046,106.8255,0.6553822,-0.7160546,0.2402916,0.02915785,0.02016884,0.05465205,0.06514452,-0.07740224,0.3864209,0.7963918,0.4587463,125.3875,-0.08710902,0.4348807,0.8962649,0.008159067,1.100113,-0.03475186,1.100692,0.03762737,0.02989275,-0.003195421,0.9988396,5.521048,0.7812774,0.6206793,-0.06634825,False
1773055716259,6.999849,0.05998617,0.8733912,0.1951772,0.8969418,0.1750272,-0.3539695,-0.9032321,0.1680562,160.6504,0.1775524,-0.3590765,-0.9162638,0.03687527,0.9982431,0.2202271,1.022912,0.009110995,1.008555,0.2570225,1.04083,-0.004968762,0.9933577,0.227402,1.019066,-0.04017517,-0.07751734,0.1057068,0.1371018,-0.02658352,-0.06315412,0.1516717,0.1664314,-0.0003538261,-0.07658867,0.1272217,0.1484968,-0.04370585,-0.07736997,0.1041607,0.1369151,-0.02616744,-0.05828469,0.1563614,0.1689104,0.002989907,-0.06854419,0.1427197,0.1583545,-0.02811226,-0.07094312,0.1253592,0.1467588,-0.147636,0.4039409,-0.1470426,0.8907378,54.06778,-0.3248193,0.8887249,-0.3235137,9.643871,-0.007484565,-0.03609122,0.09995876,0.106538,0.8954269,0.2563658,0.2377442,0.2756179,148.0023,0.9315065,0.2666956,0.2473237,1.3,False,True,False,-0.1046404,0.5939368,0.1259637,0.6160985,-0.09539323,-0.2313965,-0.3202199,-0.9136822,312.0385,-0.2347104,-0.5693399,-0.7878857,0.01343926,0.5830019,0.1813553,0.6107058,0.009702772,0.54641,0.2151148,0.5873094,-0.03607149,0.5577242,0.1701552,0.5842176,0.05752212,-0.0577466,0.112165,0.1386523,0.01746781,-0.07417957,0.1425446,0.1616375,0.008886458,-0.05399651,0.07710388,0.09454945,0.05770624,-0.05764787,0.1121013,0.1386362,0.01755662,-0.0741396,0.1426288,0.1617031,0.008858502,-0.05412235,0.07716919,0.09467199,0.02442729,-0.06179387,0.1083081,0.1270662,-0.8779953,-0.1395308,0.4458602,0.1042309,168.0343,-0.8828039,-0.140295,0.4483021,15.40299,0,0,0,0,0,0,0,0,0,1,0,0,0.3666117,False,True,False,0.02084215,0.9798312,0.245348,1.010297,0.5262394,-0.5749563,0.1929423,0.596046,106.8255,0.6553822,-0.7160546,0.2402916,0.02915785,0.02016884,0.05465205,0.06514452,-0.07740224,0.3864209,0.7963918,0.4587463,125.3875,-0.08710902,0.4348807,0.8962649,0.00814826,1.10003,-0.03490629,1.100613,0.03791971,0.02946063,-0.002976832,0.998842,5.51523,0.7881682,0.6123446,-0.061874,False
1773055716273,7.013698,0.06009784,0.8734004,0.194788,0.8968737,0.1753998,-0.3522041,-0.9037671,0.1685005,160.5987,0.1779441,-0.357313,-0.9168769,0.03681987,0.9981503,0.2202311,1.02282,0.009465747,1.008453,0.2571422,1.040764,-0.004239999,0.9928474,0.226111,1.018278,-0.04018242,-0.07757463,0.1056734,0.1371106,-0.02706178,-0.06320263,0.1515981,0.1664599,-0.0006622489,-0.07720974,0.1256824,0.1475054,-0.0429288,-0.07741321,0.1044808,0.1369377,-0.02635282,-0.05939096,0.1553195,0.1683625,0.002214232,-0.07049698,0.1387753,0.1556705,-0.02746644,-0.07124912,0.1256023,0.1469925,-0.1395603,0.4246024,-0.1474064,0.8823305,56.15044,-0.2965392,0.9021993,-0.3132106,9.40808,-0.007484565,-0.03609122,0.09995876,0.106538,0.8954269,0.2563658,0.2377442,0.2756179,148.0023,0.9315065,0.2666956,0.2473237,1.299998,False,True,False,-0.1046193,0.593834,0.1259817,0.6159996,-0.09534249,-0.2315017,-0.3202735,-0.913642,312.0272,-0.2345335,-0.5694723,-0.7878426,0.01347136,0.5828989,0.1813622,0.6106102,0.009735949,0.5463274,0.2151311,0.5872391,-0.03606185,0.5576752,0.1701601,0.5841717,0.05750115,-0.05776625,0.1121725,0.1386578,0.01744859,-0.07417791,0.14255,0.1616394,0.008895061,-0.05395413,0.07708441,0.0945102,0.05766367,-0.05767241,0.1121161,0.1386406,0.01753423,-0.07414754,0.1426125,0.1616899,0.008866072,-0.05408748,0.07715163,0.09463846,0.02439975,-0.06178834,0.1082919,0.1270444,-0.8782235,-0.1393762,0.4453679,0.1046198,167.9895,-0.8830696,-0.1401453,0.4478255,15.39116,0,0,0,0,0,0,0,0,0,1,0,0,0.3653057,False,True,False,0.02084215,0.9798312,0.245348,1.010297,0.5262394,-0.5749563,0.1929423,0.596046,106.8255,0.6553822,-0.7160546,0.2402916,0.02915785,0.02016884,0.05465205,0.06514452,-0.07740224,0.3864209,0.7963918,0.4587463,125.3875,-0.08710902,0.4348807,0.8962649,0.00813631,1.099987,-0.03503391,1.100575,0.03793811,0.02923762,-0.002713836,0.9988487,5.499307,0.7908348,0.6094695,-0.05657097,False
1773055716287,7.027592,0.06020026,0.8734184,0.1944365,0.8968218,0.175837,-0.3502376,-0.9043626,0.1689476,160.5467,0.1784015,-0.3553457,-0.9175524,0.03673149,0.9980502,0.2203166,1.022738,0.009736981,1.008292,0.2573074,1.040651,-0.003302693,0.9921523,0.2245313,1.017247,-0.04017723,-0.07763941,0.1056378,0.1371183,-0.02745842,-0.06327191,0.1514947,0.166457,-0.001023309,-0.07792331,0.1236516,0.1461602,-0.04232184,-0.07746106,0.1047262,0.1369632,-0.02658281,-0.06026371,0.1544814,0.1679371,0.001524079,-0.07217503,0.1352491,0.1533097,-0.02691974,-0.07149159,0.1258773,0.1472441,-0.1321839,0.445251,-0.1486113,0.873037,58.37299,-0.271061,0.9130473,-0.3047475,9.23657,-0.007484565,-0.03609122,0.09995876,0.106538,0.8954269,0.2563658,0.2377442,0.2756179,148.0023,0.9315065,0.2666956,0.2473237,1.299989,False,True,False,-0.1045961,0.5937272,0.1259985,0.6158961,-0.09529843,-0.2315979,-0.3203209,-0.9136056,312.0169,-0.2343779,-0.5695941,-0.7878004,0.01350599,0.5827916,0.1813673,0.6105101,0.009770408,0.5462384,0.2151504,0.587164,-0.03605227,0.5576215,0.1701643,0.584121,0.05748373,-0.05778515,0.1121788,0.1386636,0.01742973,-0.07417489,0.142559,0.161644,0.008903878,-0.05391021,0.07706442,0.09446965,0.05762622,-0.05769584,0.1121291,0.1386453,0.01751252,-0.07415321,0.1426014,0.1616804,0.00887392,-0.05405064,0.07713353,0.09460338,0.0243743,-0.0617813,0.1082781,0.1270243,-0.878442,-0.1391874,0.4449052,0.1050038,167.9452,-0.8833252,-0.1399612,0.4473783,15.38218,0,0,0,0,0,0,0,0,0,1,0,0,0.3641269,False,True,False,0.02084215,0.9798312,0.245348,1.010297,0.5262394,-0.5749563,0.1929423,0.596046,106.8255,0.6553822,-0.7160546,0.2402916,0.02915785,0.02016884,0.05465205,0.06514452,-0.07740224,0.3864209,0.7963918,0.4587463,125.3875,-0.08710902,0.4348807,0.8962649,0.008140087,1.09997,-0.03515197,1.100562,0.03785311,0.02925905,-0.002748451,0.9988512,5.493324,0.7899226,0.6105808,-0.05735495,False
1773055716302,7.041941,0.06029619,0.8734434,0.1941121,0.8967823,0.1763332,-0.3480942,-0.9050102,0.1693917,160.4951,0.1789187,-0.3531983,-0.9182805,0.0366026,0.9979395,0.2204669,1.022658,0.009960536,1.008087,0.2575048,1.040504,-0.002084687,0.9911311,0.2227565,1.015857,-0.04014654,-0.07771178,0.1056047,0.1371248,-0.02780953,-0.06336354,0.1513598,0.1664274,-0.00145495,-0.07852244,0.1210919,0.1443299,-0.04183123,-0.07751538,0.1049171,0.1369894,-0.02684484,-0.06097588,0.153781,0.1675927,0.0008723363,-0.07364391,0.1318558,0.1510302,-0.02644284,-0.07167698,0.1261595,0.1474891,-0.1253362,0.4672278,-0.1495124,0.8623428,60.83869,-0.2475411,0.9227825,-0.2952895,9.108118,-0.007484565,-0.03609122,0.09995876,0.106538,0.8954269,0.2563658,0.2377442,0.2756179,148.0023,0.9315065,0.2666956,0.2473237,1.299963,False,True,False,-0.104571,0.5936166,0.1260143,0.6157884,-0.0952609,-0.2316856,-0.3203624,-0.9135728,312.0077,-0.2342432,-0.5697067,-0.7877597,0.01354302,0.5826802,0.1813708,0.6104056,0.009806029,0.5461437,0.2151725,0.5870845,-0.03604271,0.5575633,0.1701677,0.5840659,0.05746974,-0.05780322,0.112184,0.1386695,0.01741129,-0.07417043,0.1425715,0.161651,0.008912868,-0.05386486,0.0770441,0.09442805,0.05759282,-0.05771874,0.1121408,0.1386504,0.01749095,-0.07415688,0.142595,0.1616741,0.008882213,-0.05401104,0.07711449,0.094566,0.02435025,-0.06177264,0.1082663,0.1270054,-0.8786566,-0.1389618,0.44446,0.1053921,167.9005,-0.8835775,-0.13974,0.4469492,15.37571,0,0,0,0,0,0,0,0,0,1,0,0,0.3635366,False,True,False,0.02084215,0.9798312,0.245348,1.010297,0.5262394,-0.5749563,0.1929423,0.596046,106.8255,0.6553822,-0.7160546,0.2402916,0.02915785,0.02016884,0.05465205,0.06514452,-0.07740224,0.3864209,0.7963918,0.4587463,125.3875,-0.08710902,0.4348807,0.8962649,0.008133404,1.099947,-0.03524861,1.100542,0.0377706,0.02898807,-0.002861785,0.9988618,5.467894,0.7918679,0.6077405,-0.05999788,False
1773055716315,7.055813,0.06051052,0.8733655,0.1937999,0.8966533,0.1763348,-0.3476679,-0.9052171,0.1691604,160.522,0.1789132,-0.3527516,-0.9184533,0.03681821,0.9978432,0.2202528,1.022525,0.0103051,1.008452,0.256996,1.040735,-0.001920767,0.9916188,0.2222613,1.016224,-0.04010142,-0.07773992,0.105604,0.1371271,-0.02803658,-0.06395448,0.1513715,0.166702,-0.001564987,-0.07918762,0.1212563,0.1448317,-0.04145229,-0.0775627,0.1050624,0.1370123,-0.02709293,-0.06164046,0.1532554,0.1673941,0.0003529435,-0.07489203,0.1293795,0.1494925,-0.02609056,-0.07191965,0.1263755,0.1477292,-0.1183477,0.4847419,-0.1514515,0.853277,62.8602,-0.2269554,0.9295896,-0.2904385,8.992119,-0.007484565,-0.03609122,0.09995876,0.106538,0.8954269,0.2563658,0.2377442,0.2756179,148.0023,0.9315065,0.2666956,0.2473237,1.299328,False,True,False,-0.1045365,0.5936006,0.1260062,0.6157655,-0.09517019,-0.231789,-0.3205457,-0.9134917,311.9849,-0.2339153,-0.5697057,-0.7878576,0.01359034,0.5827215,0.1813587,0.6104425,0.009864904,0.5461836,0.2151743,0.5871233,-0.03601941,0.5576298,0.1701448,0.5841213,0.0574642,-0.05780241,0.1121941,0.138675,0.01739293,-0.07416477,0.1425848,0.1616581,0.008923373,-0.05381152,0.07701623,0.09437588,0.05756609,-0.0577361,0.1121518,0.1386555,0.01747061,-0.07415852,0.1425929,0.1616708,0.008890748,-0.05396962,0.07709411,0.09452654,0.0243293,-0.06176131,0.1082562,0.1269873,-0.8788565,-0.1387526,0.4440433,0.1057568,167.8585,-0.8838129,-0.1395351,0.4465475,15.37272,0,0,0,0,0,0,0,0,0,1,0,0,0.3643342,False,True,False,0.02084215,0.9798312,0.245348,1.010297,0.5262394,-0.5749563,0.1929423,0.596046,106.8255,0.6553822,-0.7160546,0.2402916,0.02915785,0.02016884,0.05465205,0.06514452,-0.07740224,0.3864209,0.7963918,0.4587463,125.3875,-0.08710902,0.4348807,0.8962649,0.008447364,1.100152,-0.03539928,1.100754,0.03707358,0.02979825,-0.00315443,0.9988632,5.464456,0.7777439,0.6251193,-0.06617486,False
1773055716328,7.06941,0.06066498,0.8732474,0.1936023,0.8965061,0.1762425,-0.3473989,-0.9053537,0.1690774,160.5316,0.178817,-0.3524736,-0.9185788,0.03690129,0.9976815,0.2201636,1.022351,0.01029279,1.008888,0.2572165,1.041211,-0.002258271,0.992532,0.2223452,1.017134,-0.04000125,-0.07771306,0.1056525,0.1371199,-0.02817944,-0.06418797,0.1520586,0.1674395,-0.001594305,-0.07991549,0.1222676,0.1460766,-0.04114026,-0.07759385,0.105185,0.13703,-0.02731571,-0.06219826,0.1529991,0.1674022,-5.540257E-05,-0.07600371,0.1277478,0.1486474,-0.0258497,-0.0721859,0.1266178,0.1480239,-0.1111817,0.4970872,-0.155215,0.8464345,64.34808,-0.2087946,0.9335096,-0.2914874,8.912334,-0.007484565,-0.03609122,0.09995876,0.106538,0.8954269,0.2563658,0.2377442,0.2756179,148.0023,0.9315065,0.2666956,0.2473237,1.289595,False,True,False,-0.1045245,0.5936747,0.125957,0.6158248,-0.09514345,-0.2317847,-0.3206232,-0.9134684,311.9783,-0.2338195,-0.5696218,-0.7879468,0.01360095,0.5827873,0.1813217,0.6104945,0.009870119,0.5462675,0.2151392,0.5871887,-0.03602604,0.5577536,0.1700961,0.5842257,0.05744069,-0.057822,0.1122019,0.1386798,0.0173734,-0.07416233,0.1425886,0.1616582,0.008932268,-0.05376753,0.07700159,0.09433969,0.05754044,-0.05775365,0.1121621,0.1386604,0.01745076,-0.07415929,0.142592,0.1616682,0.008899221,-0.05392833,0.07707522,0.09448836,0.02430911,-0.0617499,0.1082474,0.1269704,-0.8790487,-0.1385288,0.4436462,0.1061191,167.8167,-0.8840404,-0.1393154,0.4461654,15.36992,0,0,0,0,0,0,0,0,0,1,0,0,0.3643739,False,True,False,0.02084215,0.9798312,0.245348,1.010297,0.5262394,-0.5749563,0.1929423,0.596046,106.8255,0.6553822,-0.7160546,0.2402916,0.02915785,0.02016884,0.05465205,0.06514452,-0.07740224,0.3864209,0.7963918,0.4587463,125.3875,-0.08710902,0.4348807,0.8962649,0.008564208,1.10022,-0.03553722,1.100827,0.03664603,0.03024952,-0.003200585,0.9988652,5.459582,0.7694613,0.635153,-0.06720308,False
1773055716342,7.083041,0.0608113,0.873138,0.1934213,0.8963704,0.1761606,-0.3471474,-0.9054811,0.1689976,160.5409,0.1787314,-0.3522134,-0.9186951,0.03695744,0.9975222,0.220091,1.022182,0.01046924,1.009106,0.2568626,1.041337,-0.001840748,0.992668,0.2215061,1.017083,-0.03988334,-0.07768069,0.1057085,0.1371104,-0.02828014,-0.06464022,0.1520841,0.1676535,-0.001780559,-0.08059177,0.1217611,0.1460273,-0.0408702,-0.07761186,0.105294,0.1370431,-0.02751397,-0.06273238,0.1528033,0.1674551,-0.0004177409,-0.07701909,0.1263762,0.1479968,-0.02565323,-0.07246142,0.1268315,0.148307,-0.1038581,0.5080864,-0.1589421,0.8401185,65.69474,-0.1914778,0.9367325,-0.2930333,8.838706,-0.007484565,-0.03609122,0.09995876,0.106538,0.8954269,0.2563658,0.2377442,0.2756179,148.0023,0.9315065,0.2666956,0.2473237,1.271845,False,True,False,-0.104512,0.5937546,0.1259038,0.6158889,-0.09512486,-0.2317624,-0.320695,-0.9134507,311.9733,-0.2337511,-0.5695117,-0.7880463,0.01361077,0.5828553,0.1812827,0.6105481,0.009872541,0.5463535,0.2151036,0.5872556,-0.03603413,0.5578811,0.1700452,0.5843331,0.05741804,-0.05784211,0.1122092,0.1386847,0.01735404,-0.07415916,0.1425936,0.1616591,0.008941242,-0.05372305,0.07698764,0.09430381,0.05751536,-0.05777176,0.1121717,0.1386654,0.01743097,-0.07415926,0.1425923,0.1616664,0.008907815,-0.05388629,0.07705731,0.09445057,0.02428925,-0.06173817,0.1082398,0.1269544,-0.8792375,-0.1382859,0.4432596,0.1064865,167.7744,-0.8842653,-0.1390767,0.4457943,15.36731,0,0,0,0,0,0,0,0,0,1,0,0,0.3644144,False,True,False,0.02084215,0.9798312,0.245348,1.010297,0.5262394,-0.5749563,0.1929423,0.596046,106.8255,0.6553822,-0.7160546,0.2402916,0.02915785,0.02016884,0.05465205,0.06514452,-0.07740224,0.3864209,0.7963918,0.4587463,125.3875,-0.08710902,0.4348807,0.8962649,0.008688524,1.100281,-0.03569775,1.100894,0.03638986,0.03060874,-0.003335003,0.9988632,5.464456,0.7634007,0.642122,-0.06996299,False
1773055716357,7.09705,0.06083412,0.8730593,0.1933396,0.8962775,0.1759816,-0.3468466,-0.9056838,0.1687153,160.5737,0.178541,-0.351891,-0.9188557,0.03663382,0.9972402,0.2202892,1.021938,0.0105793,1.009171,0.2563034,1.041263,-0.001522478,0.9926832,0.2211083,1.017011,-0.03943226,-0.07748362,0.105922,0.1370332,-0.0282138,-0.0651922,0.1517496,0.1675529,-0.001926465,-0.08091421,0.1213965,0.1459038,-0.04055535,-0.07758471,0.1054274,0.1370367,-0.02766103,-0.06328036,0.1525736,0.167476,-0.0007412977,-0.07789736,0.125216,0.1474707,-0.02544707,-0.07273116,0.1269974,0.1485453,-0.09631357,0.5178695,-0.1619795,0.8344445,66.88393,-0.1747686,0.9397151,-0.2939247,8.72963,-0.007484565,-0.03609122,0.09995876,0.106538,0.8954269,0.2563658,0.2377442,0.2756179,148.0023,0.9315065,0.2666956,0.2473237,1.22163,False,True,False,-0.104461,0.5937244,0.1258896,0.6158482,-0.0950199,-0.231853,-0.3207766,-0.9134101,311.9619,-0.2334408,-0.5696067,-0.7880701,0.01366619,0.5828231,0.181267,0.6105139,0.009931654,0.5463584,0.2150894,0.587256,-0.03598464,0.5579061,0.1700373,0.5843516,0.05738416,-0.05787139,0.112216,0.1386884,0.01733714,-0.0741601,0.1425894,0.161654,0.008948069,-0.05368819,0.07698487,0.09428234,0.05748789,-0.0577926,0.112181,0.1386702,0.01741135,-0.07415944,0.1425917,0.1616638,0.008916226,-0.05384484,0.07704217,0.09441537,0.02426867,-0.06172742,0.1082328,0.1269393,-0.8794239,-0.1380228,0.4428799,0.1068678,167.7304,-0.8844891,-0.1388177,0.4454308,15.36296,0,0,0,0,0,0,0,0,0,1,0,0,0.3638049,False,True,False,0.02084215,0.9798312,0.245348,1.010297,0.5262394,-0.5749563,0.1929423,0.596046,106.8255,0.6553822,-0.7160546,0.2402916,0.02915785,0.02016884,0.05465205,0.06514452,-0.07740224,0.3864209,0.7963918,0.4587463,125.3875,-0.08710902,0.4348807,0.8962649,0.008762851,1.100365,-0.03582907,1.100983,0.03618969,0.03086532,-0.003297097,0.9988627,5.465602,0.759042,0.6473687,-0.06915326,False
1773055716369,7.110791,0.06085376,0.8729806,0.1932626,0.8961856,0.1757231,-0.3464119,-0.9059789,0.1682928,160.6228,0.1782657,-0.3514243,-0.9190879,0.03624218,0.9968834,0.220675,1.021659,0.01074982,1.00921,0.2557529,1.041168,-0.0009652451,0.9925379,0.2203956,1.016714,-0.03888023,-0.07715105,0.1062424,0.1369358,-0.02814331,-0.06576052,0.1513606,0.1674113,-0.002107396,-0.08133717,0.1205644,0.1454509,-0.04019482,-0.07749446,0.1055979,0.1370107,-0.02776083,-0.06382319,0.1523136,0.1674619,-0.001029632,-0.07865939,0.1241526,0.1469769,-0.02521314,-0.07297344,0.1271362,0.1487429,-0.08840629,0.5274397,-0.1643965,0.8288338,68.04175,-0.1580109,0.942707,-0.2938303,8.593429,-0.007484565,-0.03609122,0.09995876,0.106538,0.8954269,0.2563658,0.2377442,0.2756179,148.0023,0.9315065,0.2666956,0.2473237,1.182874,False,True,False,-0.104407,0.5936921,0.1258745,0.6158047,-0.09491028,-0.231944,-0.3208547,-0.9133708,311.9508,-0.2331211,-0.5697068,-0.7880917,0.01372433,0.582787,0.1812502,0.6104758,0.009993359,0.5463619,0.2150749,0.587255,-0.03593129,0.5579281,0.1700308,0.5843674,0.05734941,-0.05790231,0.1122222,0.1386919,0.01732073,-0.07416094,0.1425849,0.1616487,0.008954577,-0.05365431,0.07698424,0.09426316,0.05745933,-0.05781521,0.1121895,0.1386746,0.01739269,-0.07415975,0.1425903,0.1616607,0.008924119,-0.05380557,0.07703024,0.09438399,0.02424826,-0.06171803,0.1082267,0.1269256,-0.8796005,-0.1377499,0.4425225,0.1072468,167.6867,-0.8847031,-0.138549,0.4450896,15.3572,0,0,0,0,0,0,0,0,0,1,0,0,0.363313,False,True,False,0.02084215,0.9798312,0.245348,1.010297,0.5262394,-0.5749563,0.1929423,0.596046,106.8255,0.6553822,-0.7160546,0.2402916,0.02915785,0.02016884,0.05465205,0.06514452,-0.07740224,0.3864209,0.7963918,0.4587463,125.3875,-0.08710902,0.4348807,0.8962649,0.008767437,1.10044,-0.03589654,1.10106,0.03580425,0.03124564,-0.003353171,0.9988647,5.461016,0.7515887,0.6558962,-0.07038844,False
1773055716384,7.124766,0.06082971,0.8729415,0.1932112,0.8961349,0.1751452,-0.3458407,-0.9064027,0.1677873,160.6816,0.1776639,-0.3508141,-0.9194374,0.03563081,0.996439,0.2212413,1.021327,0.0110128,1.009189,0.2557182,1.041141,-0.0007310845,0.9925666,0.2205317,1.016771,-0.0380703,-0.07668992,0.1066745,0.136785,-0.02816162,-0.0659336,0.1512011,0.1673382,-0.002186237,-0.08136547,0.1205187,0.14543,-0.03973219,-0.07732507,0.105826,0.1369561,-0.02784488,-0.06428989,0.1520725,0.1674353,-0.00127679,-0.07926483,0.1233149,0.1465985,-0.02494986,-0.07314454,0.1273042,0.1489261,-0.08043861,0.5354962,-0.1666069,0.8240241,69.02065,-0.1419785,0.9451799,-0.2940703,8.429729,-0.007484565,-0.03609122,0.09995876,0.106538,0.8954269,0.2563658,0.2377442,0.2756179,148.0023,0.9315065,0.2666956,0.2473237,1.020977,False,True,False,-0.1043845,0.5936737,0.125871,0.6157825,-0.09484193,-0.2320561,-0.320918,-0.9133272,311.9386,-0.2328973,-0.5698453,-0.7880578,0.01375238,0.5827593,0.1812395,0.6104468,0.01002578,0.5463677,0.2150497,0.5872517,-0.03589427,0.5579428,0.1700357,0.5843806,0.05731317,-0.05792914,0.1122304,0.1386948,0.01730558,-0.0741663,0.1425686,0.1616352,0.008957446,-0.05363904,0.07699718,0.09426531,0.05742879,-0.057839,0.112198,0.1386788,0.01737451,-0.07416111,0.1425858,0.1616554,0.00893107,-0.05377079,0.07702334,0.09435919,0.02422807,-0.06171092,0.1082216,0.126914,-0.8797616,-0.1374937,0.4421931,0.1076122,167.6446,-0.8849003,-0.1382968,0.4447759,15.349,0,0,0,0,0,0,0,0,0,1,0,0,0.3627109,False,True,False,0.02084215,0.9798312,0.245348,1.010297,0.5262394,-0.5749563,0.1929423,0.596046,106.8255,0.6553822,-0.7160546,0.2402916,0.02915785,0.02016884,0.05465205,0.06514452,-0.07740224,0.3864209,0.7963918,0.4587463,125.3875,-0.08710902,0.4348807,0.8962649,0.00875622,1.10052,-0.03596938,1.101142,0.03546144,0.03153429,-0.003529348,0.9988672,5.454991,0.7452152,0.6626868,-0.07416855,False
1773055716397,7.13872,0.06079993,0.8729052,0.1931654,0.8960876,0.1744237,-0.3451478,-0.9069211,0.1671626,160.7542,0.176913,-0.3500736,-0.9198644,0.0350682,0.9959919,0.2218674,1.021007,0.01133261,1.009169,0.2555944,1.041095,-0.0004011989,0.9925711,0.2206201,1.016794,-0.03726965,-0.07621335,0.1071083,0.136637,-0.02815473,-0.06621169,0.1509322,0.1672041,-0.002280599,-0.08142839,0.1203483,0.1453255,-0.03919715,-0.07709172,0.1060974,0.1368803,-0.02790977,-0.0647132,0.1518262,0.1673856,-0.001490835,-0.07974666,0.1226353,0.1462913,-0.02466493,-0.07326691,0.1274784,0.1490877,-0.07227045,0.5425521,-0.1684985,0.8197699,69.87648,-0.126194,0.9473697,-0.2942213,8.24209,-0.007484565,-0.03609122,0.09995876,0.106538,0.8954269,0.2563658,0.2377442,0.2756179,148.0023,0.9315065,0.2666956,0.2473237,0.8574322,False,True,False,-0.1043618,0.5936546,0.1258677,0.6157596,-0.09477566,-0.2321715,-0.3209766,-0.9132842,311.9265,-0.2326794,-0.5699938,-0.788015,0.01378065,0.5827288,0.181228,0.6104149,0.01005843,0.5463716,0.2150218,0.5872457,-0.03585414,0.5579531,0.1700425,0.5843899,0.05727607,-0.05795665,0.1122384,0.1386975,0.01729099,-0.0741723,0.1425505,0.1616204,0.008959498,-0.05362731,0.07701384,0.09427243,0.05739691,-0.05786353,0.1122064,0.1386826,0.0173571,-0.07416344,0.1425784,0.1616481,0.008936992,-0.05374086,0.07702136,0.09434108,0.02420844,-0.06170612,0.1082175,0.1269044,-0.8799051,-0.1372575,0.4418964,0.1079585,167.6047,-0.885078,-0.1380644,0.4444942,15.33864,0,0,0,0,0,0,0,0,0,1,0,0,0.3630288,False,True,False,0.02084215,0.9798312,0.245348,1.010297,0.5262394,-0.5749563,0.1929423,0.596046,106.8255,0.6553822,-0.7160546,0.2402916,0.02915785,0.02016884,0.05465205,0.06514452,-0.07740224,0.3864209,0.7963918,0.4587463,125.3875,-0.08710902,0.4348807,0.8962649,0.008812271,1.100613,-0.03608388,1.10124,0.03509997,0.03153075,-0.003872354,0.9988788,5.42693,0.7414246,0.6660311,-0.08179661,False
1773055716411,7.1525,0.06076472,0.8728715,0.1931249,0.8960437,0.173591,-0.3443679,-0.9075087,0.1664476,160.8373,0.1760468,-0.3492397,-0.9203473,0.03455646,0.9955469,0.2225237,1.020698,0.01169679,1.00915,0.2553459,1.04102,0.0001083575,0.9924798,0.2204563,1.01667,-0.03648798,-0.0757354,0.1075278,0.1364897,-0.0281183,-0.06660835,0.1505361,0.1669983,-0.002407654,-0.08159404,0.1198273,0.1449896,-0.03861468,-0.07681037,0.1063972,0.1367892,-0.027953,-0.06512555,0.1515507,0.1673031,-0.001684233,-0.08015272,0.1220011,0.1459848,-0.02435838,-0.07336502,0.1276382,0.1492222,-0.06364392,0.5495635,-0.1700269,0.8154877,70.72877,-0.1099633,0.9495299,-0.2937706,8.035572,-0.007484565,-0.03609122,0.09995876,0.106538,0.8954269,0.2563658,0.2377442,0.2756179,148.0023,0.9315065,0.2666956,0.2473237,0.7924466,False,True,False,-0.104339,0.5936348,0.1258644,0.6157359,-0.09471145,-0.2322901,-0.3210305,-0.9132418,311.9145,-0.2324675,-0.5701518,-0.7879635,0.0138092,0.5826955,0.1812156,0.6103801,0.01009135,0.5463737,0.2149913,0.587237,-0.03581091,0.5579589,0.170051,0.5843953,0.05723813,-0.05798489,0.1122464,0.1387001,0.01727699,-0.07417899,0.1425305,0.1616043,0.008960812,-0.05361909,0.077034,0.09428436,0.0573641,-0.05788859,0.1122147,0.1386862,0.01734056,-0.07416665,0.1425685,0.161639,0.008941906,-0.0537157,0.07702397,0.09432935,0.0241895,-0.06170351,0.1082143,0.1268968,-0.8800312,-0.1370412,0.4416325,0.1082841,167.5672,-0.8852364,-0.1378517,0.4442447,15.32637,0,0,0,0,0,0,0,0,0,1,0,0,0.3633547,False,True,False,0.02084215,0.9798312,0.245348,1.010297,0.5262394,-0.5749563,0.1929423,0.596046,106.8255,0.6553822,-0.7160546,0.2402916,0.02915785,0.02016884,0.05465205,0.06514452,-0.07740224,0.3864209,0.7963918,0.4587463,125.3875,-0.08710902,0.4348807,0.8962649,0.008837312,1.100724,-0.0361838,1.101354,0.03472365,0.03151873,-0.00387874,0.9988923,5.39408,0.737944,0.6698333,-0.08243065,False
1773055716426,7.166535,0.06074889,0.8728285,0.1930615,0.895987,0.1726882,-0.3439608,-0.9079463,0.165841,160.9078,0.1751131,-0.3487908,-0.9206957,0.03423385,0.9952583,0.2226873,1.020441,0.01205323,1.00915,0.2554136,1.04104,0.000369098,0.992543,0.2205919,1.016761,-0.03585801,-0.07559577,0.1076781,0.1363638,-0.02815116,-0.06666556,0.1504736,0.1669703,-0.002445492,-0.08161364,0.1198266,0.1450006,-0.03801385,-0.0765552,0.1066696,0.13669,-0.02799467,-0.06546451,0.1513177,0.1672315,-0.00184697,-0.08047727,0.1215054,0.1457517,-0.02407292,-0.07343625,0.1278041,0.1493529,-0.05573299,0.5550531,-0.1714648,0.8120405,71.40845,-0.09549843,0.9510829,-0.2938048,7.840436,-0.007484565,-0.03609122,0.09995876,0.106538,0.8954269,0.2563658,0.2377442,0.2756179,148.0023,0.9315065,0.2666956,0.2473237,0.7180614,False,True,False,-0.1043842,0.5936803,0.1259143,0.6157977,-0.09469906,-0.2323461,-0.3210824,-0.9132105,311.9057,-0.2323971,-0.5701911,-0.7879554,0.01376261,0.5827155,0.1812693,0.6104141,0.01005054,0.5464278,0.2150162,0.5872958,-0.0358432,0.5580187,0.1701072,0.5844708,0.05719789,-0.05800995,0.1122573,0.1387028,0.01726909,-0.07418544,0.1425114,0.1615896,0.008961763,-0.05361385,0.07704709,0.09429216,0.05732925,-0.05791401,0.1122236,0.1386897,0.0173256,-0.07417058,0.1425566,0.1616287,0.008946061,-0.05369436,0.07702881,0.09432154,0.02417037,-0.06170251,0.1082108,0.1268896,-0.8801527,-0.136846,0.4413756,0.1085913,167.5318,-0.8853884,-0.13766,0.4440011,15.31226,0,0,0,0,0,0,0,0,0,1,0,0,0.3636022,False,True,False,0.02084215,0.9798312,0.245348,1.010297,0.5262394,-0.5749563,0.1929423,0.596046,106.8255,0.6553822,-0.7160546,0.2402916,0.02915785,0.02016884,0.05465205,0.06514452,-0.07740224,0.3864209,0.7963918,0.4587463,125.3875,-0.08710902,0.4348807,0.8962649,0.008889552,1.100842,-0.03623542,1.101475,0.03441659,0.03144404,-0.004034379,0.9989046,5.363949,0.7355186,0.671992,-0.08621891,False
1773055716440,7.180358,0.06072974,0.8727871,0.1930012,0.8959324,0.171759,-0.3435722,-0.9083815,0.1652274,160.9791,0.1741527,-0.3483603,-0.9210407,0.03387976,0.9949422,0.2228944,1.020167,0.01241471,1.009154,0.2554487,1.041057,0.0006456189,0.9926071,0.2207163,1.01685,-0.03519165,-0.07540663,0.1078565,0.1362264,-0.02817769,-0.06674381,0.1503864,0.1669275,-0.00249198,-0.08163626,0.1198097,0.1450002,-0.0374063,-0.07631712,0.1069189,0.136584,-0.02803269,-0.06574202,0.1511191,0.167167,-0.001983074,-0.08073082,0.1211253,0.1455773,-0.02380805,-0.07348108,0.1279742,0.1494781,-0.04843279,0.5592607,-0.1727964,0.8093351,71.93797,-0.08246024,0.9521807,-0.294198,7.65583,-0.007484565,-0.03609122,0.09995876,0.106538,0.8954269,0.2563658,0.2377442,0.2756179,148.0023,0.9315065,0.2666956,0.2473237,0.7197086,False,True,False,-0.1044336,0.5937293,0.1259675,0.6158641,-0.09469477,-0.2323969,-0.3211304,-0.9131812,311.8975,-0.2323491,-0.5702237,-0.787946,0.01371114,0.5827358,0.1813272,0.6104494,0.01000509,0.5464828,0.2150425,0.5873558,-0.0358781,0.5580776,0.1701674,0.5845467,0.05715664,-0.05803522,0.1122685,0.1387054,0.01726246,-0.07419235,0.142491,0.1615741,0.00896204,-0.05361183,0.07706217,0.09430336,0.05729349,-0.0579391,0.1122329,0.1386929,0.01731253,-0.07417508,0.142543,0.1616174,0.008949365,-0.05367727,0.07703571,0.09431776,0.02415161,-0.0617031,0.108207,0.1268831,-0.8802658,-0.1366757,0.4411334,0.1088721,167.4994,-0.8855296,-0.137493,0.4437713,15.29679,0,0,0,0,0,0,0,0,0,1,0,0,0.3638749,False,True,False,0.02084215,0.9798312,0.245348,1.010297,0.5262394,-0.5749563,0.1929423,0.596046,106.8255,0.6553822,-0.7160546,0.2402916,0.02915785,0.02016884,0.05465205,0.06514452,-0.07740224,0.3864209,0.7963918,0.4587463,125.3875,-0.08710902,0.4348807,0.8962649,0.008972061,1.100989,-0.03623803,1.101622,0.034135,0.03131908,-0.004071585,0.9989181,5.330858,0.7340307,0.6734779,-0.08755439,False
1773055716453,7.194331,0.06081133,0.8726946,0.1929882,0.8958451,0.1709547,-0.3433506,-0.9086688,0.1649425,161.0122,0.1733288,-0.3481187,-0.9212875,0.0339191,0.9947389,0.2231305,1.020021,0.01278062,1.009098,0.2554991,1.041019,0.0009254105,0.9926085,0.2208619,1.016884,-0.03496327,-0.07523949,0.1079961,0.1361858,-0.02821212,-0.06678995,0.1503239,0.1668954,-0.002540225,-0.08164664,0.1198369,0.1450293,-0.03687641,-0.07609215,0.1071471,0.1364932,-0.02807027,-0.06597061,0.1509483,0.1671091,-0.002101504,-0.08093213,0.1208355,0.1454498,-0.02358788,-0.07351173,0.1281245,0.149587,-0.04177685,0.5627024,-0.1740421,0.8070502,72.38254,-0.07075035,0.9529533,-0.2947454,7.493307,-0.007484565,-0.03609122,0.09995876,0.106538,0.8954269,0.2563658,0.2377442,0.2756179,148.0023,0.9315065,0.2666956,0.2473237,0.646583,False,True,False,-0.1044429,0.5937988,0.1259293,0.6159249,-0.09471835,-0.2324213,-0.3211888,-0.913152,311.8893,-0.2323696,-0.570192,-0.7879628,0.01370373,0.5827758,0.1812852,0.610475,0.009999044,0.5465533,0.2149893,0.5874018,-0.03588186,0.5581609,0.1701293,0.5846153,0.05712605,-0.05806522,0.112272,0.1387081,0.0172538,-0.0741955,0.1424824,0.161567,0.008963989,-0.05360198,0.07706729,0.09430213,0.05725851,-0.05796544,0.1122411,0.138696,0.01730027,-0.07417934,0.1425304,0.1616069,0.008952415,-0.05366155,0.0770423,0.09431449,0.0241332,-0.06170449,0.1082033,0.1268771,-0.8803767,-0.1364882,0.4409027,0.1091452,167.4679,-0.8856678,-0.1373084,0.4435526,15.28165,0,0,0,0,0,0,0,0,0,1,0,0,0.363747,False,True,False,0.02084215,0.9798312,0.245348,1.010297,0.5262394,-0.5749563,0.1929423,0.596046,106.8255,0.6553822,-0.7160546,0.2402916,0.02915785,0.02016884,0.05465205,0.06514452,-0.07740224,0.3864209,0.7963918,0.4587463,125.3875,-0.08710902,0.4348807,0.8962649,0.009022695,1.101106,-0.03623339,1.101739,0.03381141,0.03141237,-0.004119571,0.998926,5.311435,0.7297218,0.6779455,-0.08890907,False
1773055716467,7.208242,0.06089699,0.8726001,0.1929808,0.8957572,0.1701684,-0.3431583,-0.9089359,0.1646837,161.0423,0.172524,-0.3479085,-0.9215179,0.03389404,0.9944905,0.223408,1.019839,0.01314176,1.009039,0.2555327,1.040975,0.001211155,0.9926064,0.2209991,1.016912,-0.03466767,-0.07501898,0.1081704,0.1361269,-0.0282442,-0.06684231,0.1502518,0.1668569,-0.002596497,-0.08165783,0.1198577,0.1450538,-0.03639947,-0.07586914,0.107363,0.1364107,-0.02810657,-0.06615959,0.1507994,0.1670555,-0.002206247,-0.08109057,0.1206174,0.1453586,-0.0233981,-0.07352637,0.1282635,0.1496834,-0.03554707,0.5655321,-0.1752313,0.8051111,72.75803,-0.05993193,0.9534804,-0.2954379,7.346279,-0.007484565,-0.03609122,0.09995876,0.106538,0.8954269,0.2563658,0.2377442,0.2756179,148.0023,0.9315065,0.2666956,0.2473237,0.6090961,False,True,False,-0.1044528,0.5938725,0.1258876,0.6159892,-0.09475221,-0.232438,-0.3212455,-0.9131243,311.8815,-0.2324174,-0.5701464,-0.7879821,0.01369569,0.5828174,0.1812393,0.6105009,0.009991869,0.5466254,0.2149329,0.5874481,-0.03588633,0.5582455,0.1700873,0.5846842,0.05709615,-0.05809609,0.1122747,0.138711,0.0172458,-0.07419854,0.1424746,0.1615607,0.008965663,-0.05359356,0.07707259,0.09430184,0.0572247,-0.05799262,0.112248,0.1386991,0.01728895,-0.07418332,0.1425188,0.1615973,0.008955168,-0.0536474,0.07704859,0.09431185,0.02411536,-0.0617067,0.1081997,0.1268717,-0.8804838,-0.1362868,0.4406861,0.1094072,167.4377,-0.8858013,-0.1371099,0.4433475,15.26698,0,0,0,0,0,0,0,0,0,1,0,0,0.3636601,False,True,False,0.02084215,0.9798312,0.245348,1.010297,0.5262394,-0.5749563,0.1929423,0.596046,106.8255,0.6553822,-0.7160546,0.2402916,0.02915785,0.02016884,0.05465205,0.06514452,-0.07740224,0.3864209,0.7963918,0.4587463,125.3875,-0.08710902,0.4348807,0.8962649,0.00901423,1.101202,-0.0362774,1.101836,0.03338119,0.03140533,-0.004035834,0.998941,5.274158,0.7255307,0.6825861,-0.08771772,False
1773055716481,7.222099,0.06098649,0.8725036,0.1929788,0.8956689,0.1693581,-0.3429818,-0.9091989,0.1644345,161.0712,0.1716952,-0.3477149,-0.9217457,0.03380509,0.9941949,0.2237178,1.019616,0.01351063,1.008979,0.255557,1.040927,0.001509916,0.9926027,0.2211352,1.016938,-0.03429205,-0.07475458,0.1083704,0.1360453,-0.02827387,-0.06690032,0.1501701,0.1668117,-0.002658495,-0.08166972,0.1198721,0.1450735,-0.03594624,-0.07563811,0.1075749,0.1363291,-0.02814137,-0.06631927,0.1506656,0.1670039,-0.002301555,-0.08121621,0.1204525,0.1452934,-0.02322492,-0.07352486,0.1283993,0.1497721,-0.02946432,0.5678956,-0.1764072,0.8034345,73.08133,-0.04948716,0.9538161,-0.2962869,7.207419,-0.007484565,-0.03609122,0.09995876,0.106538,0.8954269,0.2563658,0.2377442,0.2756179,148.0023,0.9315065,0.2666956,0.2473237,0.597081,False,True,False,-0.1044634,0.5939503,0.1258428,0.6160567,-0.09479607,-0.2324469,-0.3213004,-0.9130981,311.8741,-0.2324915,-0.5700863,-0.7880033,0.01368675,0.5828604,0.1811896,0.610527,0.009983361,0.5466989,0.2148733,0.5874946,-0.03589167,0.5583314,0.1700417,0.5847532,0.0570669,-0.05812766,0.1122763,0.1387134,0.01723859,-0.07420122,0.1424672,0.1615546,0.008967087,-0.05358636,0.07707794,0.09430225,0.05719195,-0.05802063,0.1122539,0.138702,0.01727851,-0.07418703,0.1425081,0.1615884,0.008957637,-0.05363474,0.07705467,0.09430984,0.02409807,-0.06170965,0.1081961,0.1268669,-0.880587,-0.1360724,0.4404835,0.1096589,167.4087,-0.8859299,-0.136898,0.443156,15.25272,0,0,0,0,0,0,0,0,0,1,0,0,0.3636007,False,True,False,0.02084215,0.9798312,0.245348,1.010297,0.5262394,-0.5749563,0.1929423,0.596046,106.8255,0.6553822,-0.7160546,0.2402916,0.02915785,0.02016884,0.05465205,0.06514452,-0.07740224,0.3864209,0.7963918,0.4587463,125.3875,-0.08710902,0.4348807,0.8962649,0.009001764,1.101295,-0.03629294,1.10193,0.03311022,0.0312494,-0.004180768,0.9989543,5.240798,0.7242134,0.6835119,-0.09144513,False
1773055716495,7.235875,0.06105611,0.87245,0.1929902,0.8956239,0.1686357,-0.3434532,-0.9092242,0.1640532,161.1155,0.1709518,-0.3481704,-0.921712,0.03404034,0.9940393,0.2243364,1.019608,0.01386859,1.009047,0.2553912,1.040957,0.001843434,0.9926819,0.221061,1.017,-0.03433614,-0.07413083,0.1088043,0.1360615,-0.02829815,-0.06695513,0.1500804,0.166757,-0.002735524,-0.08169276,0.1198349,0.1450572,-0.03560204,-0.07532667,0.1078323,0.1362696,-0.02817382,-0.06645538,0.1505419,0.1669519,-0.002392502,-0.0813188,0.120317,0.14524,-0.0230736,-0.07350068,0.1285165,0.1498373,-0.02273431,0.5709584,-0.1777395,0.8011857,73.51305,-0.03799082,0.9541163,-0.2970167,7.082977,-0.007484565,-0.03609122,0.09995876,0.106538,0.8954269,0.2563658,0.2377442,0.2756179,148.0023,0.9315065,0.2666956,0.2473237,0.5843295,False,True,False,-0.1044843,0.5939708,0.1258009,0.6160716,-0.09480578,-0.2325771,-0.3214127,-0.9130244,311.8534,-0.2324214,-0.570175,-0.7879602,0.01368243,0.5828729,0.1811179,0.6105176,0.009992167,0.5467438,0.2148003,0.5875098,-0.03590453,0.5583901,0.1699786,0.5847918,0.05703932,-0.05816005,0.1122775,0.1387167,0.01723021,-0.07420398,0.1424627,0.161551,0.008972048,-0.05356404,0.07706744,0.09428146,0.05716042,-0.05804941,0.1122588,0.138705,0.01726854,-0.07419053,0.1424987,0.1615807,0.008960608,-0.05362014,0.0770573,0.09430398,0.02408077,-0.06171199,0.1081912,0.1268605,-0.880699,-0.1358367,0.4402668,0.1099214,167.3784,-0.8860683,-0.1366649,0.442951,15.23973,0,0,0,0,0,0,0,0,0,1,0,0,0.3635439,False,True,False,0.02084215,0.9798312,0.245348,1.010297,0.5262394,-0.5749563,0.1929423,0.596046,106.8255,0.6553822,-0.7160546,0.2402916,0.02915785,0.02016884,0.05465205,0.06514452,-0.07740224,0.3864209,0.7963918,0.4587463,125.3875,-0.08710902,0.4348807,0.8962649,0.008985989,1.101376,-0.03626657,1.10201,0.03290562,0.0312599,-0.004129592,0.998961,5.224189,0.7220273,0.6859162,-0.09061303,False
1773055716510,7.249755,0.06112777,0.8723973,0.1930068,0.895581,0.1677741,-0.344075,-0.9092298,0.1636021,161.1679,0.1700655,-0.3487742,-0.9216476,0.03426705,0.9938852,0.2248494,1.019578,0.0142748,1.009144,0.2551861,1.041007,0.002221007,0.9927814,0.2209541,1.017074,-0.03431094,-0.073559,0.1091912,0.1360547,-0.02831995,-0.06701426,0.1499822,0.1666961,-0.002814061,-0.08171786,0.1197859,0.1450323,-0.03532484,-0.07495864,0.1081185,0.1362213,-0.02820425,-0.06657543,0.150423,0.1668977,-0.002481298,-0.08140495,0.1202003,0.1451931,-0.02293457,-0.0734615,0.1286182,0.1498841,-0.01545411,0.5744533,-0.1791606,0.7985401,74.0182,-0.02567376,0.9543335,-0.2976378,6.967632,-0.007484565,-0.03609122,0.09995876,0.106538,0.8954269,0.2563658,0.2377442,0.2756179,148.0023,0.9315065,0.2666956,0.2473237,0.5899354,False,True,False,-0.1045063,0.5939913,0.1257564,0.6160859,-0.09481958,-0.2327156,-0.3215305,-0.9129463,311.8315,-0.2323555,-0.5702699,-0.787911,0.0136787,0.5828865,0.1810404,0.6105074,0.01000266,0.5467898,0.2147229,0.5875245,-0.03591839,0.5584502,0.1699101,0.5848301,0.05701244,-0.05819323,0.112278,0.1387199,0.01722225,-0.07420659,0.1424589,0.161548,0.00897723,-0.05354086,0.07705507,0.09425867,0.05712966,-0.05807928,0.1122628,0.1387081,0.01725893,-0.07419386,0.1424905,0.1615739,0.008964056,-0.05360368,0.07705684,0.09429456,0.02406331,-0.06171381,0.108185,0.1268528,-0.8808199,-0.1355786,0.4400359,0.1101965,167.3467,-0.8862171,-0.1364093,0.4427322,15.22775,0,0,0,0,0,0,0,0,0,1,0,0,0.3634929,False,True,False,0.02084215,0.9798312,0.245348,1.010297,0.5262394,-0.5749563,0.1929423,0.596046,106.8255,0.6553822,-0.7160546,0.2402916,0.02915785,0.02016884,0.05465205,0.06514452,-0.07740224,0.3864209,0.7963918,0.4587463,125.3875,-0.08710902,0.4348807,0.8962649,0.008962753,1.101421,-0.03622295,1.102053,0.03268219,0.03137534,-0.004119751,0.9989647,5.214739,0.7184247,0.6896973,-0.09056097,False
1773055716523,7.2637,0.0612177,0.8723124,0.1930566,0.8955152,0.1670076,-0.3444218,-0.9092723,0.1634198,161.1891,0.1692833,-0.3491151,-0.9216626,0.03444905,0.9936533,0.2255594,1.019515,0.01464662,1.009119,0.2549792,1.040937,0.00250503,0.9928085,0.2209674,1.017105,-0.03430936,-0.07289934,0.1096427,0.1360623,-0.02833313,-0.06711999,0.1497761,0.1665555,-0.002865779,-0.08174066,0.1197789,0.1450404,-0.03510639,-0.07452757,0.1084408,0.1361845,-0.02823117,-0.06669258,0.1502853,0.166825,-0.002562513,-0.08147749,0.1201078,0.1451586,-0.02279694,-0.073415,0.1286904,0.1499022,-0.007453721,0.5783767,-0.1806292,0.795486,74.59763,-0.01230044,0.9544613,-0.2980819,6.855989,-0.007484565,-0.03609122,0.09995876,0.106538,0.8954269,0.2563658,0.2377442,0.2756179,148.0023,0.9315065,0.2666956,0.2473237,0.6171055,False,True,False,-0.104516,0.59407,0.1257155,0.6161551,-0.09476821,-0.2328292,-0.321658,-0.9128777,311.8122,-0.2321424,-0.5703337,-0.7879273,0.01367959,0.582976,0.1809851,0.6105766,0.01001126,0.546899,0.214652,0.5876004,-0.03593338,0.5585873,0.1698494,0.5849442,0.05698616,-0.05821606,0.1122829,0.1387227,0.0172081,-0.07421589,0.14244,0.1615341,0.008984862,-0.05350395,0.07703166,0.0942193,0.05709973,-0.05810779,0.112267,0.1387111,0.01724834,-0.07419845,0.14248,0.1615656,0.008968388,-0.05358289,0.0770516,0.09427888,0.02404565,-0.06171379,0.1081755,0.1268414,-0.8809525,-0.1353392,0.4397677,0.1104999,167.3117,-0.8863807,-0.1361731,0.4424774,15.21692,0,0,0,0,0,0,0,0,0,1,0,0,0.3631304,False,True,False,0.02084215,0.9798312,0.245348,1.010297,0.5262394,-0.5749563,0.1929423,0.596046,106.8255,0.6553822,-0.7160546,0.2402916,0.02915785,0.02016884,0.05465205,0.06514452,-0.07740224,0.3864209,0.7963918,0.4587463,125.3875,-0.08710902,0.4348807,0.8962649,0.008954381,1.101468,-0.03618525,1.102099,0.03270086,0.03157621,-0.004193943,0.9989575,5.233024,0.7163224,0.6916866,-0.09186962,False
1773055716537,7.277649,0.06131046,0.8722262,0.1931129,0.8954497,0.1662402,-0.3447946,-0.909301,0.1632563,161.2081,0.1685009,-0.3494833,-0.9216663,0.03459468,0.9934128,0.2261826,1.019423,0.01503488,1.009068,0.2546805,1.04082,0.002791163,0.9928336,0.2209763,1.017132,-0.03425137,-0.07230152,0.1100402,0.1360496,-0.0283338,-0.06726649,0.149479,0.1663477,-0.002919288,-0.08176482,0.1197682,0.1450463,-0.03492276,-0.07406068,0.1087792,0.1361525,-0.02825262,-0.0668158,0.1501138,0.1667235,-0.002637828,-0.08153943,0.1200335,0.1451333,-0.02265728,-0.07337114,0.1287244,0.1498887,0.001038286,0.5824234,-0.1820338,0.7922409,75.20915,0.001701527,0.9544663,-0.2983142,6.744049,-0.007484565,-0.03609122,0.09995876,0.106538,0.8954269,0.2563658,0.2377442,0.2756179,148.0023,0.9315065,0.2666956,0.2473237,0.6360871,False,True,False,-0.1045259,0.5941525,0.1256728,0.6162276,-0.09471168,-0.2329463,-0.3217913,-0.9128067,311.7923,-0.2319138,-0.5703991,-0.7879476,0.0136806,0.5830727,0.1809277,0.6106519,0.01002002,0.5470136,0.2145779,0.5876801,-0.03595021,0.5587318,0.169785,0.5850646,0.05696058,-0.058238,0.1122877,0.1387253,0.01719343,-0.07422598,0.1424194,0.1615191,0.008993039,-0.05346445,0.07700527,0.09417608,0.0570707,-0.05813494,0.1122713,0.138714,0.0172369,-0.07420418,0.1424673,0.1615559,0.008973521,-0.0535582,0.07704195,0.09425745,0.02402791,-0.06171206,0.1081629,0.1268264,-0.8810956,-0.135118,0.4394664,0.1108284,167.2739,-0.8865572,-0.1359556,0.4421906,15.20717,0,0,0,0,0,0,0,0,0,1,0,0,0.3627963,False,True,False,0.02084215,0.9798312,0.245348,1.010297,0.5262394,-0.5749563,0.1929423,0.596046,106.8255,0.6553822,-0.7160546,0.2402916,0.02915785,0.02016884,0.05465205,0.06514452,-0.07740224,0.3864209,0.7963918,0.4587463,125.3875,-0.08710902,0.4348807,0.8962649,0.008936446,1.101501,-0.03617041,1.102131,0.03253537,0.03174976,-0.004126329,0.9989576,5.232426,0.7127789,0.6955678,-0.09039886,False
1773055716551,7.29152,0.06136936,0.872091,0.1931182,0.8953232,0.1658338,-0.3449624,-0.9093336,0.1631338,161.2223,0.1680855,-0.3496463,-0.9216805,0.03460511,0.9930967,0.2267072,1.019232,0.01536681,1.008825,0.2540159,1.040427,0.002969708,0.9927678,0.2209475,1.017062,-0.03414035,-0.07177572,0.1103847,0.1360225,-0.02828448,-0.06758499,0.1488298,0.1658857,-0.002957572,-0.08179531,0.1197505,0.1450497,-0.03475574,-0.07358276,0.1091175,0.1361213,-0.02825924,-0.06697994,0.1498421,0.1665459,-0.002704972,-0.08159421,0.1199721,0.1451145,-0.02250344,-0.07335493,0.1286756,0.1498157,0.009887727,0.5863705,-0.1831441,0.7890058,75.81461,0.01609368,0.9544012,-0.2980931,6.61901,-0.007484565,-0.03609122,0.09995876,0.106538,0.8954269,0.2563658,0.2377442,0.2756179,148.0023,0.9315065,0.2666956,0.2473237,0.6418471,False,True,False,-0.1045359,0.5942383,0.1256283,0.616303,-0.09465016,-0.2330667,-0.32193,-0.9127334,311.7718,-0.2316702,-0.5704651,-0.7879711,0.01368193,0.5831759,0.1808684,0.6107329,0.0100291,0.5471331,0.214501,0.5877635,-0.03596885,0.5588832,0.1697173,0.5851907,0.05693571,-0.05825914,0.1122926,0.1387279,0.01717829,-0.07423688,0.1423976,0.1615032,0.009001685,-0.0534225,0.07697598,0.09412914,0.05704267,-0.05816072,0.1122757,0.1387169,0.01722474,-0.07421096,0.1424529,0.161545,0.00897936,-0.05353003,0.07702827,0.09423082,0.02401017,-0.06170876,0.1081476,0.1268083,-0.8812474,-0.1349148,0.439136,0.1111784,167.2335,-0.8867448,-0.1357564,0.4418755,15.19848,0,0,0,0,0,0,0,0,0,1,0,0,0.3624983,False,True,False,0.02084215,0.9798312,0.245348,1.010297,0.5262394,-0.5749563,0.1929423,0.596046,106.8255,0.6553822,-0.7160546,0.2402916,0.02915785,0.02016884,0.05465205,0.06514452,-0.07740224,0.3864209,0.7963918,0.4587463,125.3875,-0.08710902,0.4348807,0.8962649,0.008906107,1.101535,-0.03615637,1.102164,0.03246567,0.03193188,-0.004103655,0.9989542,5.241097,0.7100749,0.6984,-0.08975334,False
1773055716564,7.30548,0.06142819,0.8719512,0.1931252,0.8951926,0.16551,-0.3451043,-0.9093554,0.1630407,161.2331,0.1677546,-0.3497846,-0.9216881,0.0345777,0.992759,0.2272122,1.019015,0.01566808,1.00857,0.2533987,1.040034,0.003133859,0.9926888,0.2209168,1.016979,-0.03400089,-0.0712624,0.1107114,0.1359831,-0.02824016,-0.06787494,0.1482176,0.1654478,-0.002999116,-0.08182746,0.1197289,0.1450508,-0.03459405,-0.07309419,0.1094551,0.1360879,-0.02825525,-0.06717163,0.1494965,0.1663118,-0.00276701,-0.08164427,0.1199192,0.1451002,-0.02233684,-0.07335705,0.1285673,0.1496989,0.01913239,0.5901842,-0.1840184,0.7857823,76.41382,0.03093338,0.9542136,-0.2975222,6.484248,-0.007484565,-0.03609122,0.09995876,0.106538,0.8954269,0.2563658,0.2377442,0.2756179,148.0023,0.9315065,0.2666956,0.2473237,0.6440009,False,True,False,-0.1045329,0.594256,0.1256017,0.6163141,-0.09463096,-0.2331379,-0.3219507,-0.91271,311.7652,-0.2315935,-0.5705662,-0.7879206,0.01369079,0.583188,0.1808362,0.6107351,0.01003736,0.5471588,0.2144602,0.5877726,-0.03597693,0.5589364,0.1696817,0.5852316,0.05691898,-0.05827009,0.1122999,0.1387316,0.01716829,-0.07423796,0.1423901,0.161496,0.009007194,-0.05338989,0.0769628,0.09410039,0.05701685,-0.05818354,0.1122808,0.1387199,0.01721297,-0.07421658,0.1424398,0.1615348,0.00898516,-0.05350079,0.07701463,0.09420362,0.02399349,-0.06170388,0.108133,0.1267904,-0.881394,-0.134726,0.4388136,0.1115182,167.1943,-0.8869262,-0.1355716,0.4415679,15.19089,0,0,0,0,0,0,0,0,0,1,0,0,0.3617133,False,True,False,0.02084215,0.9798312,0.245348,1.010297,0.5262394,-0.5749563,0.1929423,0.596046,106.8255,0.6553822,-0.7160546,0.2402916,0.02915785,0.02016884,0.05465205,0.06514452,-0.07740224,0.3864209,0.7963918,0.4587463,125.3875,-0.08710902,0.4348807,0.8962649,0.008973442,1.101537,-0.03613707,1.102166,0.0325861,0.0319519,-0.003920448,0.9989504,5.250649,0.7114118,0.697566,-0.08559027,False
1773055716579,7.319284,0.06148697,0.8718072,0.1931339,0.8950582,0.1652228,-0.3452372,-0.9093713,0.1629621,161.2423,0.1674614,-0.3499148,-0.9216922,0.03453158,0.9924046,0.2277091,1.018779,0.01595137,1.008312,0.252827,1.039649,0.003294099,0.9926025,0.2208837,1.016887,-0.03384498,-0.07075087,0.111028,0.1359352,-0.02820093,-0.06813835,0.1476441,0.1650361,-0.00304463,-0.08186155,0.1197035,0.14505,-0.03443523,-0.0726044,0.1097854,0.1360515,-0.02824401,-0.06737662,0.1491059,0.1660418,-0.002825007,-0.08169041,0.1198729,0.145089,-0.02216295,-0.0733702,0.1284199,0.1495528,0.02861437,0.5937771,-0.1846836,0.7826251,76.99689,0.04596735,0.953869,-0.2966837,6.345638,-0.007484565,-0.03609122,0.09995876,0.106538,0.8954269,0.2563658,0.2377442,0.2756179,148.0023,0.9315065,0.2666956,0.2473237,0.6465201,False,True,False,-0.1045293,0.5942727,0.1255747,0.6163241,-0.09461249,-0.2332062,-0.3219623,-0.9126904,311.7597,-0.2315235,-0.5706722,-0.7878648,0.01369988,0.5831991,0.1808045,0.6107366,0.010045,0.5471818,0.2144202,0.5877796,-0.03598596,0.5589879,0.1696459,0.5852711,0.05690373,-0.05827913,0.1123075,0.1387352,0.01715854,-0.07423848,0.1423832,0.1614891,0.00901272,-0.05335644,0.07694916,0.09407078,0.05699345,-0.05820331,0.1122863,0.1387231,0.01720173,-0.0742211,0.1424281,0.1615253,0.008990852,-0.05347094,0.07700111,0.09417615,0.02397803,-0.06169758,0.1081193,0.1267727,-0.8815337,-0.1345535,0.4385027,0.1118442,167.1567,-0.8870996,-0.135403,0.4412713,15.18442,0,0,0,0,0,0,0,0,0,1,0,0,0.3614679,False,True,False,0.02084215,0.9798312,0.245348,1.010297,0.5262394,-0.5749563,0.1929423,0.596046,106.8255,0.6553822,-0.7160546,0.2402916,0.02915785,0.02016884,0.05465205,0.06514452,-0.07740224,0.3864209,0.7963918,0.4587463,125.3875,-0.08710902,0.4348807,0.8962649,0.009031881,1.101515,-0.03614623,1.102145,0.03266782,0.03208151,-0.00387922,0.9989437,5.267324,0.7109473,0.6981875,-0.08442319,False
1773055716593,7.333149,0.06154616,0.8715581,0.1931677,0.8948269,0.164732,-0.3453297,-0.9094422,0.1628671,161.2533,0.1669612,-0.3500029,-0.9217494,0.03466652,0.9920936,0.2279813,1.018542,0.01625057,1.008005,0.2524784,1.039271,0.003386118,0.9925225,0.2210246,1.01684,-0.03383691,-0.07051282,0.1111693,0.135925,-0.02818948,-0.06832131,0.1472456,0.1647535,-0.003063462,-0.08190528,0.1198746,0.1452164,-0.03430814,-0.07216525,0.1100771,0.1360214,-0.02823268,-0.06757738,0.1487122,0.1657682,-0.002874958,-0.0817361,0.1198732,0.145116,-0.02200767,-0.07339779,0.1282513,0.1493987,0.03731209,0.5964502,-0.1851985,0.7801004,77.46046,0.05963691,0.9533222,-0.2960077,6.218418,-0.007484565,-0.03609122,0.09995876,0.106538,0.8954269,0.2563658,0.2377442,0.2756179,148.0023,0.9315065,0.2666956,0.2473237,0.5902925,False,True,False,-0.1045217,0.5943691,0.1255673,0.6164143,-0.09462519,-0.2331816,-0.3219593,-0.9126964,311.7614,-0.2315622,-0.5706307,-0.7878833,0.01370423,0.5832715,0.1808076,0.6108067,0.01004015,0.5472733,0.214428,0.5878675,-0.03599444,0.5591024,0.1696388,0.5853789,0.05688747,-0.05829267,0.1123133,0.1387389,0.01714822,-0.07422914,0.1423905,0.1614902,0.009017285,-0.05333166,0.07694066,0.09405021,0.05697145,-0.05822185,0.1122919,0.1387263,0.01719063,-0.07422277,0.1424203,0.1615181,0.00899633,-0.05344204,0.07698858,0.09415002,0.02396307,-0.06169059,0.1081081,0.1267569,-0.8816704,-0.1343604,0.4382108,0.1121423,167.1224,-0.8872672,-0.1352133,0.4409926,15.17886,0,0,0,0,0,0,0,0,0,1,0,0,0.3611712,False,True,False,0.02084215,0.9798312,0.245348,1.010297,0.5262394,-0.5749563,0.1929423,0.596046,106.8255,0.6553822,-0.7160546,0.2402916,0.02915785,0.02016884,0.05465205,0.06514452,-0.07740224,0.3864209,0.7963918,0.4587463,125.3875,-0.08710902,0.4348807,0.8962649,0.009024419,1.101457,-0.03615959,1.102087,0.03296185,0.03207998,-0.003592627,0.9989352,5.288538,0.7144679,0.6953527,-0.07787234,False
1773055716605,7.345927,0.06162561,0.87121,0.1932169,0.894504,0.1641449,-0.3454354,-0.909527,0.1627617,161.2655,0.1663633,-0.3501039,-0.9218192,0.03484249,0.9916761,0.2283111,1.018215,0.01659773,1.007595,0.2521243,1.038793,0.003493004,0.99238,0.2212141,1.016743,-0.03383526,-0.07023437,0.1113343,0.1359155,-0.02817423,-0.06851135,0.1468211,0.1644507,-0.003080124,-0.08195499,0.1200947,0.1454264,-0.03421412,-0.071785,0.1103253,0.1359977,-0.02822131,-0.06776323,0.148337,0.1655058,-0.002915203,-0.08177964,0.1199177,0.1451781,-0.02187473,-0.07343308,0.1280777,0.1492475,0.04493912,0.5982089,-0.1856017,0.7782536,77.7981,0.07156479,0.9526376,-0.2955676,6.106574,-0.007484565,-0.03609122,0.09995876,0.106538,0.8954269,0.2563658,0.2377442,0.2756179,148.0023,0.9315065,0.2666956,0.2473237,0.5621899,False,True,False,-0.1045133,0.5944697,0.1255607,0.6165085,-0.09464237,-0.2331433,-0.3219472,-0.9127087,311.7648,-0.2316198,-0.5705754,-0.7879066,0.01370801,0.5833456,0.180814,0.6108794,0.01003302,0.5473661,0.2144412,0.5879586,-0.03600378,0.5592184,0.169634,0.5854889,0.05687227,-0.05830533,0.1123191,0.1387427,0.01713795,-0.07421813,0.1424002,0.1614926,0.009021768,-0.0533073,0.07693247,0.09403013,0.05695216,-0.05823808,0.1122972,0.1387295,0.0171804,-0.07422186,0.1424164,0.1615131,0.009001269,-0.05341585,0.07697769,0.09412672,0.02394956,-0.06168344,0.1080996,0.1267437,-0.8817954,-0.1341626,0.4379546,0.1123966,167.093,-0.8874186,-0.1350181,0.4407474,15.17448,0,0,0,0,0,0,0,0,0,1,0,0,0.3610211,False,True,False,0.02084215,0.9798312,0.245348,1.010297,0.5262394,-0.5749563,0.1929423,0.596046,106.8255,0.6553822,-0.7160546,0.2402916,0.02915785,0.02016884,0.05465205,0.06514452,-0.07740224,0.3864209,0.7963918,0.4587463,125.3875,-0.08710902,0.4348807,0.8962649,0.008946367,1.101438,-0.03616649,1.102068,0.03329338,0.03204874,-0.003282845,0.9989262,5.310699,0.7186415,0.6917759,-0.07086059,False
1773055716619,7.359753,0.06182656,0.8706048,0.193229,0.893931,0.1634979,-0.3454415,-0.90969,0.1624888,161.2972,0.1657,-0.3500942,-0.9219424,0.03516602,0.9910385,0.2284614,1.017639,0.0170779,1.006975,0.251873,1.038138,0.003772348,0.9920008,0.2214138,1.016417,-0.03379915,-0.07011481,0.1113973,0.1358964,-0.02816501,-0.06867196,0.146518,0.1642457,-0.00311012,-0.0820011,0.1203251,0.1456434,-0.03412641,-0.07143458,0.1105507,0.1359741,-0.02820965,-0.06795555,0.1479527,0.1652385,-0.002955894,-0.08182647,0.1200046,0.145277,-0.02175246,-0.07347897,0.1278954,0.1490958,0.05220953,0.5991824,-0.185931,0.7769713,78.03181,0.08293334,0.9517841,-0.295346,5.996839,-0.007484565,-0.03609122,0.09995876,0.106538,0.8954269,0.2563658,0.2377442,0.2756179,148.0023,0.9315065,0.2666956,0.2473237,0.5151238,False,True,False,-0.1044842,0.5944393,0.1255919,0.6164806,-0.09463612,-0.2331563,-0.321814,-0.912753,311.7772,-0.2316606,-0.5707454,-0.7877713,0.0137375,0.5832573,0.1808418,0.610804,0.01004712,0.5473174,0.2144907,0.5879316,-0.03598732,0.5591863,0.1696743,0.5854689,0.0568533,-0.05833274,0.1123195,0.1387468,0.01713087,-0.07420618,0.1424134,0.161498,0.009024093,-0.05329184,0.076937,0.0940253,0.05693169,-0.05825768,0.1123018,0.1387331,0.01717015,-0.07421862,0.1424158,0.16151,0.009005989,-0.05339017,0.07696927,0.09410572,0.02393533,-0.06167679,0.1080937,0.1267327,-0.8819215,-0.1339029,0.4377146,0.1126516,167.0636,-0.8875713,-0.1347607,0.4405187,15.16954,0,0,0,0,0,0,0,0,0,1,0,0,0.3605176,False,True,False,0.02084215,0.9798312,0.245348,1.010297,0.5262394,-0.5749563,0.1929423,0.596046,106.8255,0.6553822,-0.7160546,0.2402916,0.02915785,0.02016884,0.05465205,0.06514452,-0.07740224,0.3864209,0.7963918,0.4587463,125.3875,-0.08710902,0.4348807,0.8962649,0.008879025,1.101421,-0.03615567,1.10205,0.03314495,0.03185828,-0.003291186,0.9989372,5.283502,0.7191218,0.6912058,-0.07140645,False
1773055716633,7.373562,0.06203575,0.8699681,0.193242,0.8933283,0.1628847,-0.3454317,-0.9098514,0.1622214,161.3283,0.1650712,-0.3500687,-0.9220648,0.03549867,0.9903752,0.2285957,1.017034,0.01755568,1.006327,0.2516189,1.037456,0.004066449,0.9915482,0.2215837,1.016014,-0.03376953,-0.07001416,0.1114472,0.1358781,-0.02815641,-0.06884288,0.1462158,0.1640463,-0.003128542,-0.08203895,0.1205027,0.1458118,-0.03405116,-0.07113679,0.1107389,0.1359523,-0.02819863,-0.06814297,0.1475861,0.1649857,-0.002991878,-0.08187129,0.1201103,0.1453903,-0.02164649,-0.07353138,0.1277171,0.1489533,0.05862457,0.5995344,-0.1860784,0.7762064,78.17091,0.09298421,0.9509193,-0.2951383,5.896911,-0.007484565,-0.03609122,0.09995876,0.106538,0.8954269,0.2563658,0.2377442,0.2756179,148.0023,0.9315065,0.2666956,0.2473237,0.5046539,False,True,False,-0.1044502,0.5944004,0.1256294,0.616445,-0.09462962,-0.2331665,-0.3216427,-0.9128113,311.7936,-0.2317187,-0.5709527,-0.7876036,0.0137715,0.5831481,0.1808754,0.6107105,0.01006213,0.547255,0.214552,0.5878962,-0.03596784,0.5591412,0.1697242,0.585439,0.0568326,-0.05836448,0.1123191,0.1387514,0.01712374,-0.0741913,0.1424303,0.1615053,0.009026279,-0.05327632,0.07694416,0.09402257,0.05691119,-0.05827977,0.1123054,0.1387368,0.01716056,-0.07421298,0.1424188,0.161509,0.009010181,-0.05336662,0.07696409,0.09408852,0.02392123,-0.06167106,0.1080908,0.1267248,-0.882041,-0.133591,0.4375072,0.1128917,167.0359,-0.8877159,-0.1344505,0.4403221,15.16429,0,0,0,0,0,0,0,0,0,1,0,0,0.3608617,False,True,False,0.02084215,0.9798312,0.245348,1.010297,0.5262394,-0.5749563,0.1929423,0.596046,106.8255,0.6553822,-0.7160546,0.2402916,0.02915785,0.02016884,0.05465205,0.06514452,-0.07740224,0.3864209,0.7963918,0.4587463,125.3875,-0.08710902,0.4348807,0.8962649,0.008827839,1.101435,-0.03613449,1.102063,0.03306648,0.03159862,-0.003158869,0.9989485,5.255419,0.7212541,0.6892368,-0.06890201,False
1773055716647,7.387977,0.06224829,0.8693153,0.1932557,0.8927103,0.1622353,-0.3454061,-0.9100292,0.1619296,161.3622,0.1644051,-0.3500257,-0.9222001,0.03585033,0.9896836,0.2287866,1.016416,0.01806316,1.005637,0.2512521,1.036706,0.00436784,0.9910914,0.2217725,1.01561,-0.03374906,-0.06986704,0.111525,0.135861,-0.02812612,-0.06907798,0.1458004,0.16377,-0.003146435,-0.08207736,0.1206964,0.1459939,-0.03398537,-0.07086143,0.1109095,0.1359311,-0.02818312,-0.06834705,0.1471964,0.1647191,-0.003025182,-0.08191618,0.1202387,0.1455224,-0.02154457,-0.07359564,0.1275209,0.1488021,0.06477455,0.5994188,-0.1860042,0.7758247,78.24028,0.1026622,0.9500281,-0.2948008,5.796307,-0.007484565,-0.03609122,0.09995876,0.106538,0.8954269,0.2563658,0.2377442,0.2756179,148.0023,0.9315065,0.2666956,0.2473237,0.5105271,False,True,False,-0.1044141,0.5943562,0.1256701,0.6164045,-0.09462349,-0.2331727,-0.3214466,-0.9128795,311.8127,-0.2317901,-0.5711809,-0.7874169,0.01380707,0.5830267,0.1809119,0.6106061,0.01007673,0.5471835,0.2146202,0.5878547,-0.03594702,0.5590861,0.1697795,0.5854012,0.05681194,-0.05839793,0.1123179,0.138756,0.01711701,-0.07417484,0.1424496,0.1615141,0.009028058,-0.05326222,0.07695339,0.0940223,0.05688995,-0.05830505,0.1123081,0.1387409,0.01715125,-0.07420483,0.1424254,0.1615101,0.009014002,-0.05334428,0.0769618,0.09407435,0.02390673,-0.06166603,0.1080908,0.1267196,-0.8821583,-0.1332175,0.4373242,0.1131262,167.0089,-0.8878576,-0.1340782,0.4401496,15.15857,0,0,0,0,0,0,0,0,0,1,0,0,0.361149,False,True,False,0.02084215,0.9798312,0.245348,1.010297,0.5262394,-0.5749563,0.1929423,0.596046,106.8255,0.6553822,-0.7160546,0.2402916,0.02915785,0.02016884,0.05465205,0.06514452,-0.07740224,0.3864209,0.7963918,0.4587463,125.3875,-0.08710902,0.4348807,0.8962649,0.008760112,1.101427,-0.03612091,1.102054,0.03310039,0.03153356,-0.003195373,0.9989493,5.253333,0.7222805,0.6880909,-0.06972594,False
1773055716661,7.401452,0.06237361,0.8686538,0.193405,0.8921073,0.1615144,-0.345605,-0.9101416,0.161594,161.4011,0.1636654,-0.3502076,-0.9222626,0.03617596,0.9890285,0.2290201,1.015843,0.0184771,1.005018,0.2511995,1.036101,0.004594333,0.9906628,0.2220558,1.015255,-0.03376873,-0.06975736,0.1115725,0.1358486,-0.02813377,-0.0691793,0.1456082,0.163643,-0.003162947,-0.08211705,0.120914,0.1461965,-0.03394068,-0.07063442,0.1110458,0.1359131,-0.02817311,-0.06851917,0.1468676,0.1644953,-0.003053312,-0.08195761,0.1203786,0.1456619,-0.02146631,-0.07365099,0.127356,0.1486769,0.06986617,0.5988801,-0.1859498,0.7758119,78.2426,0.1107292,0.9491506,-0.2947074,5.714005,-0.007484565,-0.03609122,0.09995876,0.106538,0.8954269,0.2563658,0.2377442,0.2756179,148.0023,0.9315065,0.2666956,0.2473237,0.4867515,False,True,False,-0.1044075,0.594293,0.1256756,0.6163436,-0.09454389,-0.2331561,-0.3214418,-0.9128937,311.8167,-0.2316132,-0.5711848,-0.7874668,0.01380444,0.5829369,0.1809399,0.6105286,0.0100706,0.5471293,0.2146298,0.5878076,-0.0359631,0.5590598,0.1697997,0.5853829,0.05678024,-0.05842143,0.1123264,0.1387597,0.01711413,-0.07418019,0.1424353,0.1615036,0.009032302,-0.05322548,0.07694621,0.09399603,0.05686769,-0.05832866,0.1123118,0.1387447,0.01714372,-0.07419984,0.1424274,0.1615088,0.00901771,-0.05332018,0.07695864,0.09405845,0.02389228,-0.06166048,0.1080878,0.1267116,-0.8822744,-0.132901,0.4371186,0.1133864,166.9789,-0.8880012,-0.1337637,0.4399559,15.15183,0,0,0,0,0,0,0,0,0,1,0,0,0.3615084,False,True,False,0.02084215,0.9798312,0.245348,1.010297,0.5262394,-0.5749563,0.1929423,0.596046,106.8255,0.6553822,-0.7160546,0.2402916,0.02915785,0.02016884,0.05465205,0.06514452,-0.07740224,0.3864209,0.7963918,0.4587463,125.3875,-0.08710902,0.4348807,0.8962649,0.008663677,1.101439,-0.03609946,1.102065,0.03311411,0.031035,-0.00308724,0.9989648,5.214438,0.7279612,0.6822553,-0.06786808,False
1773055716674,7.415197,0.06249283,0.8680099,0.1935523,0.8915207,0.1607541,-0.3458224,-0.9102579,0.1612313,161.4433,0.1628852,-0.3504069,-0.922325,0.03651616,0.9883882,0.2292797,1.01529,0.01890631,1.004408,0.2511019,1.035492,0.004821468,0.9902651,0.2223434,1.014931,-0.03380003,-0.06961896,0.1116362,0.1358377,-0.02813447,-0.06929683,0.1453735,0.1634841,-0.003178796,-0.08215753,0.1211446,0.1464103,-0.03391125,-0.07042234,0.1111691,0.1358964,-0.02816515,-0.0686824,0.1465536,0.1642818,-0.003079328,-0.08199945,0.1205394,0.1458189,-0.02139865,-0.07370406,0.1271983,0.1485584,0.0745877,0.5980029,-0.1859008,0.7760607,78.1974,0.1182696,0.9482202,-0.2947727,5.638069,-0.007484565,-0.03609122,0.09995876,0.106538,0.8954269,0.2563658,0.2377442,0.2756179,148.0023,0.9315065,0.2666956,0.2473237,0.473583,False,True,False,-0.1044009,0.5942242,0.1256817,0.6162774,-0.09445562,-0.2331334,-0.3214399,-0.9129093,311.8211,-0.2314167,-0.5711779,-0.7875292,0.01380041,0.5828421,0.1809718,0.6104475,0.01006348,0.5470707,0.2146397,0.5877566,-0.03598077,0.5590302,0.1698223,0.5853623,0.05674729,-0.058445,0.1123354,0.1387636,0.01711221,-0.07418705,0.1424185,0.1614917,0.009036602,-0.05318696,0.07693868,0.09396847,0.05684287,-0.05835263,0.1123166,0.1387486,0.01713723,-0.07419721,0.1424256,0.1615053,0.009021599,-0.05329273,0.07695454,0.09403991,0.02387678,-0.06165405,0.1080819,0.1267005,-0.8823984,-0.1326097,0.4368784,0.1136889,166.944,-0.8881568,-0.1334751,0.4397294,15.14369,0,0,0,0,0,0,0,0,0,1,0,0,0.3618316,False,True,False,0.02084215,0.9798312,0.245348,1.010297,0.5262394,-0.5749563,0.1929423,0.596046,106.8255,0.6553822,-0.7160546,0.2402916,0.02915785,0.02016884,0.05465205,0.06514452,-0.07740224,0.3864209,0.7963918,0.4587463,125.3875,-0.08710902,0.4348807,0.8962649,0.008536785,1.101454,-0.03606247,1.102077,0.03268732,0.03075317,-0.002944741,0.998988,5.155547,0.7267795,0.6837749,-0.06547422,False
1773055716689,7.429054,0.06268853,0.8671134,0.1939564,0.8907495,0.1600203,-0.3459588,-0.9104238,0.1607319,161.5013,0.1621282,-0.3505162,-0.9224169,0.03699789,0.9875259,0.2297652,1.014578,0.01948832,1.003446,0.2511069,1.034571,0.005204991,0.9895351,0.2228659,1.014335,-0.03387477,-0.06953812,0.1116603,0.1358347,-0.02811052,-0.0694646,0.1449228,0.1631507,-0.003201783,-0.08215516,0.1212657,0.1465097,-0.03390357,-0.07023656,0.1112722,0.1358828,-0.02815382,-0.0688475,0.1462086,0.1640414,-0.003104867,-0.08203221,0.1206925,0.1459644,-0.02133688,-0.07376155,0.1270149,0.1484211,0.07871319,0.5970592,-0.1856361,0.776443,78.12791,0.1249044,0.9474311,-0.2945729,5.561365,-0.007484565,-0.03609122,0.09995876,0.106538,0.8954269,0.2563658,0.2377442,0.2756179,148.0023,0.9315065,0.2666956,0.2473237,0.4872528,False,True,False,-0.1043541,0.5940778,0.1256498,0.6161218,-0.09435245,-0.2332347,-0.3215117,-0.9128688,311.8097,-0.2311126,-0.5712994,-0.7875305,0.01385195,0.5827028,0.1809406,0.6103064,0.01012213,0.5469564,0.2145792,0.5876291,-0.03594938,0.5589463,0.1697826,0.5852687,0.05671817,-0.05846351,0.1123456,0.1387677,0.01710628,-0.07420004,0.1423911,0.1614729,0.009043682,-0.05314172,0.07691659,0.09392546,0.056817,-0.05837563,0.1123226,0.1387525,0.01713082,-0.0741978,0.1424184,0.1614986,0.009026174,-0.0532614,0.07694668,0.09401616,0.02386075,-0.06164641,0.1080713,0.1266847,-0.8825335,-0.1323642,0.4365904,0.1140317,166.9044,-0.888328,-0.1332333,0.4394569,15.13515,0,0,0,0,0,0,0,0,0,1,0,0,0.3618311,False,True,False,0.02084215,0.9798312,0.245348,1.010297,0.5262394,-0.5749563,0.1929423,0.596046,106.8255,0.6553822,-0.7160546,0.2402916,0.02915785,0.02016884,0.05465205,0.06514452,-0.07740224,0.3864209,0.7963918,0.4587463,125.3875,-0.08710902,0.4348807,0.8962649,0.008410279,1.101511,-0.03599807,1.102131,0.03258883,0.03043463,-0.002632151,0.9990019,5.120194,0.7295942,0.6813664,-0.05892824,False
1773055716703,7.44295,0.06288567,0.8661996,0.1943726,0.8899646,0.1592761,-0.3460954,-0.9105957,0.1602018,161.5628,0.1613602,-0.350624,-0.9225106,0.03750247,0.9866509,0.2302654,1.013858,0.02007708,1.00247,0.25115,1.033647,0.005594376,0.9887948,0.2234114,1.013735,-0.03396423,-0.06945652,0.1116823,0.1358334,-0.02808992,-0.06961639,0.144493,0.1628304,-0.003224368,-0.08214933,0.1213983,0.1466167,-0.03391634,-0.07007235,0.1113585,0.1358719,-0.02814054,-0.06901003,0.1458449,0.1637834,-0.003129836,-0.08205688,0.1208413,0.1461018,-0.02128188,-0.07382002,0.1268153,0.1482715,0.0823017,0.5960523,-0.1852137,0.7769454,78.03654,0.1307272,0.9467636,-0.2941917,5.485382,-0.007484565,-0.03609122,0.09995876,0.106538,0.8954269,0.2563658,0.2377442,0.2756179,148.0023,0.9315065,0.2666956,0.2473237,0.4955314,False,True,False,-0.1043047,0.5939215,0.125616,0.6159559,-0.09424038,-0.2333474,-0.3215957,-0.912822,311.7966,-0.230779,-0.5714289,-0.7875343,0.01390702,0.5825587,0.1809066,0.61016,0.01018599,0.5468362,0.2145124,0.587494,-0.03591553,0.5588574,0.1697391,0.5851691,0.0566886,-0.05848138,0.1123565,0.1387719,0.0171006,-0.07421508,0.1423605,0.1614522,0.009051157,-0.05309421,0.07689224,0.09387936,0.05679031,-0.05839761,0.1123297,0.1387565,0.01712454,-0.07420139,0.1424064,0.1614889,0.009031361,-0.05322664,0.07693537,0.09398773,0.02384431,-0.06163767,0.1080564,0.1266647,-0.8826782,-0.1321626,0.4362597,0.1144103,166.8608,-0.8885126,-0.1330361,0.4391433,15.12629,0,0,0,0,0,0,0,0,0,1,0,0,0.3621837,False,True,False,0.02084215,0.9798312,0.245348,1.010297,0.5262394,-0.5749563,0.1929423,0.596046,106.8255,0.6553822,-0.7160546,0.2402916,0.02915785,0.02016884,0.05465205,0.06514452,-0.07740224,0.3864209,0.7963918,0.4587463,125.3875,-0.08710902,0.4348807,0.8962649,0.008303758,1.101557,-0.03593833,1.102174,0.03259977,0.02992773,-0.002446456,0.9990174,5.080435,0.7355416,0.675253,-0.05519887,False
1773055716717,7.456875,0.06307358,0.8653192,0.1947775,0.8892097,0.1585274,-0.3462311,-0.9107723,0.159646,161.6273,0.160587,-0.3507294,-0.9226053,0.03808696,0.9858242,0.2307804,1.013193,0.02065695,1.001537,0.2512184,1.03277,0.005977184,0.9880942,0.2239558,1.013174,-0.0341437,-0.06935147,0.1116972,0.135837,-0.02807459,-0.0697492,0.1440974,0.1625337,-0.003246539,-0.08214036,0.121542,0.1467312,-0.03396422,-0.06992042,0.1114298,0.135864,-0.02812682,-0.06916642,0.1454738,0.1635168,-0.003154248,-0.08207447,0.120989,0.1462344,-0.02123902,-0.07387581,0.1266029,0.1481115,0.08539632,0.5950279,-0.1846779,0.7775239,77.93116,0.1357969,0.9462107,-0.293674,5.413713,-0.007484565,-0.03609122,0.09995876,0.106538,0.8954269,0.2563658,0.2377442,0.2756179,148.0023,0.9315065,0.2666956,0.2473237,0.4975266,False,True,False,-0.1042529,0.5937563,0.1255803,0.6157805,-0.09411958,-0.2334713,-0.3216912,-0.9127691,311.7817,-0.2304165,-0.5715668,-0.7875402,0.01396542,0.5824102,0.1808699,0.6100087,0.01025475,0.5467107,0.2144393,0.5873516,-0.03587942,0.5587645,0.1696919,0.5850644,0.05665847,-0.05849867,0.112368,0.1387762,0.01709501,-0.07423207,0.1423266,0.1614296,0.009059054,-0.05304433,0.07686565,0.09383015,0.05676285,-0.05841865,0.1123376,0.1387606,0.0171184,-0.07420777,0.1423898,0.1614766,0.00903712,-0.05318868,0.07692087,0.09395491,0.02382751,-0.0616279,0.1080375,0.1266406,-0.8828318,-0.1320017,0.4358893,0.1148224,166.8132,-0.8887096,-0.1328806,0.4387914,15.11712,0,0,0,0,0,0,0,0,0,1,0,0,0.3630361,False,True,False,0.02084215,0.9798312,0.245348,1.010297,0.5262394,-0.5749563,0.1929423,0.596046,106.8255,0.6553822,-0.7160546,0.2402916,0.02915785,0.02016884,0.05465205,0.06514452,-0.07740224,0.3864209,0.7963918,0.4587463,125.3875,-0.08710902,0.4348807,0.8962649,0.008179054,1.101573,-0.03589976,1.102188,0.03255402,0.02980433,-0.002512487,0.9990223,5.067473,0.7363888,0.6741894,-0.05683376,False
1773055716730,7.470678,0.06348385,0.8643345,0.1952547,0.8883854,0.1580035,-0.3463785,-0.9108812,0.1592243,161.6763,0.1600453,-0.3508545,-0.9226519,0.03888606,0.9849068,0.231338,1.012458,0.02144441,1.00037,0.2512043,1.031651,0.006545655,0.9872293,0.2245283,1.012461,-0.03438212,-0.06926522,0.1116914,0.1358483,-0.02804585,-0.06988325,0.1435052,0.1620617,-0.003272179,-0.08211316,0.121638,0.1467961,-0.03405149,-0.06978334,0.1114844,0.1358602,-0.02811009,-0.06931694,0.1450585,0.1632084,-0.003178739,-0.08208256,0.1211246,0.1463517,-0.02120327,-0.07393191,0.1263548,0.1479224,0.08788995,0.5941187,-0.1840291,0.7780949,77.82704,0.1399195,0.9458278,-0.2929715,5.340483,-0.007484565,-0.03609122,0.09995876,0.106538,0.8954269,0.2563658,0.2377442,0.2756179,148.0023,0.9315065,0.2666956,0.2473237,0.5230856,False,True,False,-0.1042871,0.593688,0.1256378,0.6157322,-0.09412152,-0.2334595,-0.3217739,-0.9127429,311.7744,-0.2303882,-0.5714559,-0.7876295,0.01392917,0.5823315,0.1809343,0.6099519,0.0102175,0.5466499,0.2144846,0.5873109,-0.03592526,0.5587279,0.1697466,0.5850481,0.05663678,-0.05851764,0.1123717,0.1387783,0.01708911,-0.07423668,0.1423109,0.1614172,0.009063426,-0.05301705,0.07685441,0.09380594,0.05673678,-0.05843912,0.1123447,0.1387642,0.01711235,-0.07421374,0.1423735,0.1614643,0.009042553,-0.05315318,0.07690714,0.09392411,0.02381163,-0.06161892,0.1080193,0.1266177,-0.8829762,-0.131844,0.4355416,0.1152116,166.7683,-0.8888954,-0.1327278,0.4384613,15.1083,0,0,0,0,0,0,0,0,0,1,0,0,0.3625587,False,True,False,0.02084215,0.9798312,0.245348,1.010297,0.5262394,-0.5749563,0.1929423,0.596046,106.8255,0.6553822,-0.7160546,0.2402916,0.02915785,0.02016884,0.05465205,0.06514452,-0.07740224,0.3864209,0.7963918,0.4587463,125.3875,-0.08710902,0.4348807,0.8962649,0.008087087,1.101535,-0.03588289,1.102149,0.03290887,0.02941215,-0.002615412,0.9990221,5.068246,0.744302,0.6652165,-0.05915293,False
1773055716744,7.484573,0.06387575,0.8633849,0.1957179,0.8875917,0.1575348,-0.3465146,-0.9109796,0.1588294,161.7221,0.1595602,-0.3509698,-0.9226922,0.03969296,0.9840295,0.231889,1.011762,0.02216828,0.9992995,0.2515813,1.03072,0.007071771,0.986401,0.225115,1.011787,-0.0346639,-0.06917273,0.1116793,0.1358629,-0.02809574,-0.06977947,0.1432705,0.1618178,-0.003296813,-0.08207189,0.1217657,0.1468794,-0.03417987,-0.06965497,0.1115253,0.1358601,-0.02810711,-0.06941449,0.1446794,0.1629125,-0.00320338,-0.08208032,0.121259,0.1464622,-0.02118934,-0.07396496,0.1261236,0.1477396,0.08954824,0.5932897,-0.18368,0.7786206,77.7311,0.1427075,0.9454892,-0.2927195,5.280415,-0.01646598,-0.05654526,0.1200262,0.1336966,0.5803487,0.6243763,0.4825544,0.2012245,156.7829,0.5924674,0.6374144,0.492631,0.4915942,True,True,False,-0.1043242,0.5936177,0.125699,0.6156832,-0.09413081,-0.2334408,-0.3218647,-0.9127147,311.7665,-0.2303754,-0.5713221,-0.7877303,0.01388971,0.5822515,0.1810026,0.6098949,0.01017704,0.5465865,0.2145331,0.5872689,-0.03597353,0.5586883,0.1698045,0.5850301,0.0566157,-0.05853631,0.1123748,0.1387801,0.01708333,-0.0742413,0.1422947,0.1614044,0.009067716,-0.05299074,0.07684312,0.09378223,0.05671161,-0.05845932,0.1123509,0.1387675,0.01710632,-0.07421946,0.1423571,0.1614519,0.009047777,-0.05311941,0.07689385,0.09389462,0.02379637,-0.06161054,0.1080014,0.1265955,-0.8831145,-0.1316876,0.4352093,0.1155859,166.7252,-0.8890736,-0.1325762,0.438146,15.09966,0,0,0,0,0,0,0,0,0,1,0,0,0.362132,False,True,False,0.02084215,0.9798312,0.245348,1.010297,0.5262394,-0.5749563,0.1929423,0.596046,106.8255,0.6553822,-0.7160546,0.2402916,0.02915785,0.02016884,0.05465205,0.06514452,-0.07740224,0.3864209,0.7963918,0.4587463,125.3875,-0.08710902,0.4348807,0.8962649,0.008041047,1.101505,-0.03587877,1.102119,0.03312059,0.02930932,-0.002661884,0.999018,5.07874,0.7475423,0.6615208,-0.06007957,False
1773055716758,7.498662,0.06424218,0.8624894,0.1961572,0.8868442,0.1570948,-0.3466462,-0.9110728,0.1584428,161.767,0.1591046,-0.351081,-0.9227285,0.04049578,0.9832106,0.232419,1.011119,0.02284233,0.9983182,0.2521148,1.029914,0.007532679,0.9856532,0.2257668,1.011207,-0.03497514,-0.06907759,0.111662,0.13588,-0.02818011,-0.06957671,0.1432023,0.1616847,-0.003318119,-0.08199364,0.1219935,0.1470251,-0.03434813,-0.06953232,0.1115543,0.1358635,-0.02812244,-0.06944904,0.1443628,0.1626489,-0.00322758,-0.08206194,0.1214145,0.1465812,-0.02120358,-0.07396705,0.1259284,0.147576,0.09027037,0.5923338,-0.1837119,0.7792573,77.61475,0.1440399,0.945157,-0.2931397,5.237008,-0.01647942,-0.05654722,0.1198419,0.1335337,0.5800554,0.623695,0.4834334,0.2020714,156.6838,0.5922734,0.6368322,0.4936162,1.068122,True,True,False,-0.104364,0.5935454,0.1257637,0.6156334,-0.09414708,-0.2334157,-0.3219633,-0.9126846,311.7581,-0.2303773,-0.5711668,-0.7878422,0.01384735,0.5821703,0.1810747,0.6098377,0.0101336,0.5465204,0.2145847,0.5872256,-0.03602403,0.5586458,0.1698657,0.5850104,0.05659528,-0.05855465,0.1123775,0.1387818,0.01707762,-0.07424596,0.1422781,0.1613913,0.009071891,-0.05296531,0.07683194,0.09375911,0.05668716,-0.05847935,0.1123565,0.1387705,0.0171003,-0.07422502,0.1423405,0.1614392,0.009052839,-0.05308702,0.07688086,0.09386614,0.02378162,-0.06160263,0.1079837,0.1265738,-0.8832478,-0.1315326,0.434889,0.1159486,166.6833,-0.8892456,-0.1324258,0.4378422,15.09114,0,0,0,0,0,0,0,0,0,1,0,0,0.3617383,False,True,False,0.02084213,0.9798312,0.2453479,1.010297,0.5254581,-0.5752627,0.1927927,0.5964878,106.7625,0.6546768,-0.7167291,0.2402035,0.02915787,0.02016878,0.05465207,0.06514452,-0.07684566,0.3869222,0.7965376,0.4581636,125.4627,-0.08645341,0.4352977,0.896126,0.008011824,1.101498,-0.03586984,1.102111,0.03323414,0.02952289,-0.002511988,0.9990083,5.103652,0.7464426,0.6630873,-0.05641954,False
1773055716771,7.512415,0.0644747,0.8621133,0.1963497,0.886538,0.1568831,-0.346785,-0.9111448,0.1579341,161.826,0.158877,-0.3511926,-0.9227253,0.04122525,0.9829272,0.2327015,1.010938,0.02346617,0.9976986,0.2529905,1.029542,0.007820439,0.9854131,0.2263382,1.011103,-0.03536282,-0.06898155,0.1116273,0.135903,-0.02841078,-0.06880517,0.1434455,0.1616104,-0.003338297,-0.08177825,0.1223662,0.1472152,-0.03455842,-0.06941757,0.1115695,0.1358706,-0.02818185,-0.06931474,0.14417,0.1624307,-0.003250483,-0.08200299,0.1216118,0.1467123,-0.02125872,-0.07389309,0.1258153,0.1474503,0.08896731,0.5911516,-0.184973,0.7800062,77.47772,0.1421721,0.944676,-0.2955919,5.223212,-0.01653147,-0.05647742,0.1197351,0.1334147,0.5797249,0.6239793,0.4831297,0.2028675,156.5906,0.5920355,0.6372296,0.493389,0.4227499,True,True,False,-0.1043433,0.5934831,0.1258314,0.6155837,-0.09417449,-0.2334565,-0.3220601,-0.9126372,311.7448,-0.2303847,-0.5711185,-0.787875,0.01387285,0.582091,0.1811308,0.6097792,0.01016964,0.5464812,0.214656,0.5872157,-0.03599744,0.5586047,0.1699261,0.5849871,0.05656851,-0.05858284,0.1123775,0.1387827,0.01707321,-0.07423253,0.1422934,0.1613982,0.009074492,-0.05295257,0.07683075,0.09375118,0.05666269,-0.05850068,0.1123608,0.138773,0.01709472,-0.07422657,0.1423308,0.1614307,0.009057298,-0.05305929,0.07687054,0.09384243,0.02376672,-0.06159608,0.1079705,0.1265566,-0.8833771,-0.1313192,0.434608,0.116259,166.6475,-0.8894082,-0.1322158,0.4375752,15.083,0,0,0,0,0,0,0,0,0,1,0,0,0.3613862,False,True,False,0.02144503,0.9788912,0.2456573,1.009473,0.5243011,-0.5756447,0.191548,0.5975375,106.6125,0.6538716,-0.7179039,0.2388853,0.02855497,0.02110881,0.05434269,0.06491607,-0.07529492,0.3870509,0.7972529,0.457067,125.604,-0.08465504,0.4351663,0.8963616,0.008093528,1.101447,-0.03582475,1.10206,0.0333591,0.02982893,-0.002438627,0.9989952,5.137291,0.7443525,0.6655826,-0.05441389,False
1773055716786,7.526291,0.06466283,0.8617123,0.1965743,0.8862115,0.1569086,-0.3467426,-0.9112198,0.1575682,161.8685,0.1588935,-0.3511288,-0.9227467,0.04180948,0.9825909,0.2330346,1.010712,0.02391844,0.9970807,0.253582,1.029099,0.008205418,0.9848772,0.2265366,1.010628,-0.03571434,-0.06890327,0.1115903,0.1359248,-0.02855976,-0.06834881,0.1434828,0.1614761,-0.003379138,-0.08166174,0.1221811,0.1469975,-0.03479926,-0.06930971,0.1115738,0.1358806,-0.02826029,-0.06911225,0.1440247,0.1622291,-0.00327728,-0.08193165,0.1217306,0.1467715,-0.02132876,-0.07379379,0.1257179,0.1473276,0.08691933,0.5908949,-0.1866083,0.7800421,77.47115,0.1389093,0.9443333,-0.2982264,5.225392,-0.01659759,-0.05638367,0.1196432,0.1333008,0.5795823,0.6245232,0.4823523,0.2034494,156.5225,0.5919629,0.6378638,0.4926559,0.430479,True,True,False,-0.1043218,0.5934196,0.1259022,0.6155333,-0.09420887,-0.2334986,-0.3221633,-0.9125865,311.7305,-0.230405,-0.5710635,-0.787909,0.01389967,0.5820101,0.1811882,0.6097198,0.01020815,0.5464422,0.2147319,0.5872079,-0.03596795,0.5585608,0.1699889,0.5849616,0.05654157,-0.05861194,0.1123768,0.1387835,0.01706901,-0.07421714,0.142312,0.161407,0.009076856,-0.05294201,0.07683072,0.09374543,0.05663754,-0.05852378,0.1123641,0.1387751,0.01708938,-0.07422461,0.1423269,0.1614258,0.009061354,-0.05303494,0.07686228,0.09382229,0.02375127,-0.0615906,0.107961,0.1265429,-0.8835064,-0.131048,0.4343537,0.1165318,166.616,-0.8895671,-0.1319469,0.4373333,15.07494,0,0,0,0,0,0,0,0,0,1,0,0,0.3616498,False,True,False,0.02191249,0.9784782,0.2458183,1.009122,0.524378,-0.5758118,0.1903926,0.5976782,106.5924,0.6540532,-0.7182062,0.2374754,0.02808751,0.02152181,0.05418167,0.06471282,-0.07482664,0.3862994,0.7979044,0.4566427,125.6587,-0.08410793,0.4342149,0.8968742,0.008145384,1.101389,-0.03581531,1.102001,0.03345387,0.02964328,-0.002336394,0.9989979,5.130581,0.7474437,0.6623056,-0.05220092,False
1773055716800,7.540728,0.06484851,0.8613096,0.1968001,0.8858837,0.1569705,-0.346682,-0.9113014,0.1571675,161.9149,0.1589459,-0.3510448,-0.9227696,0.0423971,0.9822543,0.2333686,1.010486,0.02434799,0.996492,0.254139,1.028677,0.008603018,0.9843152,0.2267299,1.010127,-0.03607052,-0.0688308,0.1115488,0.1359481,-0.02869629,-0.0679503,0.1435185,0.1613638,-0.003420883,-0.08153074,0.1219684,0.1467489,-0.03507209,-0.06920614,0.1115684,0.1358935,-0.0283537,-0.06886146,0.1439144,0.1620407,-0.003308131,-0.08184528,0.1217817,0.1467664,-0.02141396,-0.07367425,0.1256276,0.1472031,0.08427828,0.5914144,-0.1884065,0.7795057,77.56932,0.1345449,0.9441555,-0.300779,5.240602,-0.016678,-0.05627077,0.119558,0.1331866,0.5795778,0.6252978,0.4812014,0.2038075,156.4806,0.5920033,0.6387036,0.4915179,0.4374052,True,True,False,-0.1043526,0.5934842,0.1259129,0.6156029,-0.09441099,-0.2334816,-0.3222326,-0.9125453,311.719,-0.2308475,-0.5708938,-0.7879019,0.01386859,0.5820134,0.1811875,0.6097219,0.01018842,0.5464754,0.2147107,0.5872306,-0.03600114,0.5586232,0.1699764,0.5850196,0.05650445,-0.05864265,0.1123798,0.1387838,0.0170681,-0.07421697,0.1423114,0.1614064,0.009079283,-0.05292697,0.07682453,0.0937321,0.05660902,-0.05854924,0.1123675,0.138777,0.01708483,-0.07422297,0.1423236,0.1614216,0.00906519,-0.0530118,0.0768542,0.09380297,0.02373416,-0.06158628,0.1079514,0.1265293,-0.8836445,-0.1307592,0.4340861,0.1168061,166.5844,-0.889735,-0.1316604,0.4370781,15.06559,0,0,0,0,0,0,0,0,0,1,0,0,0.3621884,False,True,False,0.02227695,0.9779989,0.2460714,1.008726,0.5250725,-0.5759516,0.1895752,0.5971934,106.6617,0.6546245,-0.718057,0.2363493,0.02772305,0.02200115,0.05392857,0.0645051,-0.07517435,0.3852829,0.7984011,0.456576,125.6672,-0.08449551,0.4330557,0.8973981,0.00817588,1.101321,-0.03586378,1.101935,0.03363754,0.02994123,-0.002441829,0.9989825,5.169652,0.7458656,0.6639051,-0.05414415,False
1773055716814,7.55396,0.06504066,0.8608873,0.1970372,0.8855399,0.1570838,-0.346592,-0.9114013,0.1566732,161.9723,0.1590479,-0.3509257,-0.9227973,0.04300909,0.9818991,0.2337199,1.010248,0.02478648,0.9958934,0.2547117,1.028249,0.009010613,0.9837393,0.2269695,1.009623,-0.03643401,-0.0687627,0.1115026,0.1359727,-0.02883048,-0.06756528,0.1435604,0.1612633,-0.003461207,-0.08138172,0.1217823,0.1465125,-0.03534441,-0.06911667,0.1115552,0.1359077,-0.02844905,-0.06860088,0.1438425,0.161883,-0.003338818,-0.08175216,0.1217818,0.1467153,-0.02150448,-0.07355007,0.1255514,0.1470891,0.08141078,0.5923921,-0.1900852,0.7786601,77.72389,0.1297495,0.9441324,-0.3029507,5.264516,-0.01676346,-0.05615361,0.119486,0.1330832,0.5796374,0.6261901,0.4799006,0.2039665,156.462,0.5920842,0.6396365,0.4902056,0.4463304,True,True,False,-0.1043856,0.5935547,0.1259228,0.6156786,-0.0946378,-0.2334592,-0.3223034,-0.9125026,311.707,-0.2313481,-0.5707059,-0.7878913,0.013835,0.5820173,0.1811848,0.6097241,0.01016723,0.5465094,0.2146856,0.5872527,-0.03603598,0.5586877,0.1699607,0.5850788,0.05646589,-0.05867429,0.1123827,0.1387838,0.01706777,-0.07421696,0.1423111,0.1614061,0.009081481,-0.05291324,0.0768185,0.09371961,0.05658041,-0.05857424,0.1123705,0.1387783,0.01708142,-0.07422177,0.1423211,0.1614185,0.009068443,-0.05299209,0.07684707,0.09378631,0.0237173,-0.06158342,0.1079425,0.1265172,-0.8837764,-0.1304839,0.4338337,0.117054,166.5558,-0.8898939,-0.1313871,0.4368367,15.05603,0,0,0,0,0,0,0,0,0,1,0,0,0.3628392,False,True,False,0.02265241,0.9775121,0.2463495,1.008331,0.5260935,-0.5760843,0.1889817,0.5963544,106.7815,0.6553875,-0.7176641,0.2354263,0.02734759,0.02248788,0.05365056,0.06428046,-0.07599154,0.3841529,0.7987945,0.4567049,125.6507,-0.08542039,0.4318177,0.897907,0.008181185,1.101263,-0.03590381,1.101879,0.03378712,0.03019608,-0.002467094,0.9989697,5.202112,0.7445168,0.6653864,-0.05436371,False
1773055716828,7.567872,0.06510575,0.8605279,0.1971484,0.88522,0.1572927,-0.3465276,-0.9114304,0.1564363,161.9998,0.1592534,-0.3508472,-0.9227917,0.04336344,0.981596,0.2338856,1.010007,0.02498269,0.9953986,0.2546195,1.027752,0.009137057,0.9833491,0.2271017,1.009274,-0.03672779,-0.06873348,0.1114492,0.1359932,-0.02885254,-0.06760269,0.1432626,0.1610179,-0.003489373,-0.08133376,0.1217529,0.1464621,-0.03563186,-0.06903625,0.111533,0.1359237,-0.02853306,-0.06839237,0.14372,0.1617006,-0.003370221,-0.08166478,0.1217758,0.1466623,-0.02159515,-0.07345051,0.1254373,0.1469552,0.07873646,0.5933319,-0.1913373,0.7779125,77.86031,0.1253022,0.944236,-0.3044966,5.280584,-0.01684905,-0.05605959,0.1193783,0.1329577,0.5796319,0.6270429,0.4787697,0.2040194,156.4558,0.5920852,0.6405149,0.4890561,0.4452542,True,True,False,-0.1044082,0.5936561,0.1259126,0.615778,-0.09475447,-0.2335814,-0.3224082,-0.9124222,311.6845,-0.2315319,-0.5707548,-0.7878023,0.0138296,0.5821048,0.1811391,0.6097939,0.01018292,0.5466132,0.214612,0.5873227,-0.03605174,0.5588108,0.1699168,0.5851845,0.05644367,-0.05869422,0.1123858,0.1387857,0.01707208,-0.07422673,0.1422949,0.1613968,0.009083754,-0.05289362,0.0768059,0.09369843,0.05655195,-0.0585992,0.1123737,0.1387798,0.01707948,-0.0742228,0.1423157,0.161414,0.009071625,-0.0529716,0.07683851,0.09376802,0.02370078,-0.06158064,0.107931,0.1265029,-0.8839083,-0.130235,0.4335679,0.1173193,166.5252,-0.8900549,-0.1311407,0.4365829,15.04617,0,0,0,0,0,0,0,0,0,1,0,0,0.3623984,False,True,False,0.02304243,0.977012,0.2466591,1.007931,0.5272341,-0.5762527,0.1885542,0.5953188,106.9293,0.6561803,-0.7171875,0.2346691,0.02695758,0.02298796,0.05334094,0.06403447,-0.07707845,0.3830302,0.7991188,0.4568982,125.6257,-0.08665182,0.4306037,0.8983718,0.008154433,1.101225,-0.03596405,1.101842,0.03378085,0.03035336,-0.002459843,0.9989652,5.213538,0.7427468,0.6673857,-0.05408509,False
1773055716841,7.58176,0.0651716,0.8601655,0.1972624,0.884898,0.1575434,-0.3464515,-0.9114567,0.1561992,162.0273,0.1595012,-0.3507568,-0.9227834,0.04372419,0.9812919,0.2340527,1.009765,0.02518068,0.9948835,0.2545915,1.027251,0.009277184,0.9829242,0.2272126,1.008886,-0.03703429,-0.0687081,0.11139,0.136015,-0.0288891,-0.06758443,0.142997,0.1607805,-0.003519251,-0.08127771,0.1216795,0.1463706,-0.03592321,-0.06896751,0.1115032,0.135941,-0.0286071,-0.06822404,0.1435676,0.1615071,-0.003401259,-0.08158411,0.1217557,0.1466015,-0.02168422,-0.07337114,0.1252996,0.1468111,0.07621633,0.5943065,-0.1922683,0.7771897,77.99204,0.1211193,0.9444433,-0.3055436,5.291654,-0.01693312,-0.05598469,0.1192483,0.1328201,0.5795985,0.6278698,0.4777476,0.2039671,156.4619,0.5920446,0.6413524,0.4880066,0.4461697,True,True,False,-0.1044321,0.5937642,0.1259006,0.6158839,-0.09487787,-0.233717,-0.3225182,-0.9123358,311.6603,-0.2317244,-0.5708172,-0.7877004,0.01382503,0.5822014,0.1810878,0.6098707,0.01020118,0.5467242,0.2145305,0.5873966,-0.03606728,0.5589408,0.1698682,0.5852956,0.05642243,-0.0587134,0.1123889,0.1387877,0.01707743,-0.07423791,0.1422768,0.1613865,0.009085802,-0.05287431,0.07679259,0.09367682,0.05652503,-0.05862293,0.1123769,0.1387814,0.01707906,-0.07422594,0.1423076,0.1614083,0.009074567,-0.05295138,0.07682898,0.09374908,0.02368537,-0.06157808,0.1079175,0.1264873,-0.8840339,-0.1300241,0.4333025,0.1175883,166.4941,-0.8902097,-0.1309325,0.4363295,15.03648,0,0,0,0,0,0,0,0,0,1,0,0,0.3620004,False,True,False,0.02325023,0.9765546,0.2467835,1.007522,0.5283651,-0.5762071,0.1884352,0.5943971,107.0607,0.6570302,-0.7165225,0.2343221,0.02674977,0.02344537,0.05321649,0.06400961,-0.07811594,0.3820995,0.7992116,0.4573388,125.569,-0.08784054,0.4296668,0.8987049,0.008114663,1.101227,-0.03601941,1.101846,0.03374932,0.03044083,-0.002351186,0.9989639,5.21684,0.7415834,0.6688852,-0.05166329,False
1773055716855,7.595838,0.06521791,0.8599914,0.1973559,0.884753,0.1577061,-0.3463035,-0.9115297,0.1559372,162.0577,0.1596592,-0.3505923,-0.9228185,0.04423093,0.9811911,0.2342632,1.009738,0.02531168,0.9946795,0.2546962,1.027082,0.009368457,0.9827552,0.2273788,1.00876,-0.03749689,-0.06863895,0.1113123,0.1360432,-0.02893478,-0.06758395,0.1429348,0.1607332,-0.003541311,-0.08124595,0.1217028,0.1463729,-0.03625413,-0.06889797,0.1114629,0.1359606,-0.02867598,-0.06808937,0.1434328,0.1613427,-0.003430736,-0.08151293,0.1217446,0.1465533,-0.02179369,-0.07330332,0.1251568,0.1466716,0.07382599,0.5951718,-0.1929387,0.7765919,78.10084,0.1171834,0.9447111,-0.3062499,5.310481,-0.01703645,-0.05592063,0.1191135,0.1326853,0.5794981,0.6286945,0.476821,0.2038801,156.4721,0.591931,0.642183,0.4870511,0.4626423,True,True,False,-0.1044614,0.5938672,0.1258765,0.6159832,-0.09504358,-0.2337233,-0.3225894,-0.9122918,311.648,-0.2320736,-0.5706962,-0.7876858,0.01380349,0.5822684,0.1810443,0.6099214,0.01018535,0.5468014,0.2144581,0.5874417,-0.03610542,0.5590566,0.1698202,0.5853945,0.05640459,-0.05873563,0.1123889,0.1387898,0.01707989,-0.07424742,0.1422595,0.1613759,0.009089568,-0.05284753,0.07677988,0.09365164,0.05649973,-0.0586466,0.1123794,0.1387832,0.01707923,-0.07423045,0.1422975,0.1614015,0.009077714,-0.05292957,0.07681867,0.09372862,0.02367096,-0.06157517,0.1079026,0.1264705,-0.8841542,-0.1298246,0.4330381,0.1178772,166.4608,-0.8903617,-0.1307361,0.4360783,15.02715,0,0,0,0,0,0,0,0,0,1,0,0,0.3616351,False,True,False,0.02345533,0.9760912,0.2468825,1.007102,0.5294262,-0.5761368,0.1884362,0.5935202,107.1856,0.65782,-0.7158587,0.2341348,0.02654467,0.02390879,0.05311748,0.06401341,-0.07913207,0.381293,0.7992305,0.4578039,125.509,-0.08900712,0.4288754,0.8989682,0.008077066,1.101243,-0.03605809,1.101863,0.03358031,0.03036655,-0.002265007,0.998972,5.196239,0.7407964,0.6698995,-0.04996706,False
1773055716870,7.609662,0.06526065,0.859831,0.1974429,0.8846197,0.15791,-0.3461184,-0.9116147,0.1556446,162.0916,0.1598581,-0.3503885,-0.9228615,0.04472627,0.9811009,0.2344673,1.00972,0.02544815,0.9944597,0.2547572,1.026888,0.009456471,0.9825962,0.2275445,1.008643,-0.03795091,-0.06857907,0.11123,0.1360716,-0.02897187,-0.06759696,0.1428173,0.1606409,-0.003562772,-0.08121379,0.1217237,0.1463729,-0.03660639,-0.06883147,0.1114146,0.1359816,-0.0287373,-0.06798733,0.1433037,0.1611957,-0.003458126,-0.08145089,0.1217403,0.1465159,-0.02191509,-0.07324824,0.1250077,0.146535,0.07159294,0.5959171,-0.1933793,0.7761196,78.18669,0.113534,0.9450216,-0.3066662,5.332572,-0.01715109,-0.05586866,0.1189728,0.1325519,0.5793385,0.6294902,0.4760112,0.2037706,156.4849,0.5917543,0.6429808,0.4862126,0.4765141,True,True,False,-0.1044922,0.5939755,0.1258503,0.6160876,-0.09522033,-0.2337232,-0.3226598,-0.9122485,311.6359,-0.2324504,-0.5705613,-0.7876719,0.01378062,0.5823395,0.180998,0.609975,0.01016729,0.5468807,0.2143811,0.5874872,-0.0361461,0.5591768,0.1697693,0.5854971,0.05638805,-0.05875759,0.1123883,0.1387919,0.01708293,-0.07425766,0.1422406,0.1613643,0.009093415,-0.05281984,0.07676664,0.09362555,0.05647661,-0.05866957,0.1123812,0.138785,0.01707999,-0.07423607,0.1422857,0.1613938,0.00908096,-0.05290685,0.07680791,0.09370728,0.02365786,-0.06157198,0.1078867,0.1264529,-0.8842667,-0.1296408,0.4327816,0.1181768,166.4262,-0.8905068,-0.1305557,0.4358357,15.01837,0,0,0,0,0,0,0,0,0,1,0,0,0.3613307,False,True,False,0.02367859,0.9758254,0.246978,1.006873,0.5304673,-0.5759947,0.1883425,0.5927577,107.2941,0.658654,-0.7151831,0.2338552,0.02632141,0.02417457,0.05302198,0.06394183,-0.07999042,0.3804441,0.7992718,0.4582888,125.4465,-0.08999787,0.4280407,0.8992671,0.008024275,1.101277,-0.03610431,1.101897,0.03338336,0.03024086,-0.002178139,0.9989827,5.169198,0.7402947,0.6706079,-0.04830144,False
1773055716884,7.624131,0.06530616,0.8596603,0.1975361,0.8844779,0.1581657,-0.3458863,-0.9117151,0.155312,162.1302,0.1601086,-0.350135,-0.9229143,0.04520685,0.9810074,0.234635,1.009689,0.02559916,0.994192,0.2547759,1.026637,0.00954777,0.9824228,0.2277249,1.008516,-0.03838276,-0.0685716,0.1111196,0.1360988,-0.02899745,-0.06762768,0.1426283,0.1604905,-0.003583637,-0.08118122,0.1217425,0.146371,-0.0369892,-0.06877532,0.1113511,0.1360048,-0.0287932,-0.06791011,0.1431569,0.1610427,-0.00348511,-0.08139295,0.1217407,0.1464847,-0.02205116,-0.07320526,0.124838,0.1463892,0.06923755,0.5965351,-0.1936546,0.7757899,78.24659,0.1097282,0.9453937,-0.3069054,5.355379,-0.01727951,-0.05582809,0.1188126,0.1324077,0.5790682,0.6303455,0.4752509,0.2036699,156.4967,0.5914655,0.6438406,0.4854255,0.483376,True,True,False,-0.1045242,0.5940889,0.1258219,0.6161965,-0.09540769,-0.2337169,-0.3227293,-0.9122059,311.624,-0.2328539,-0.5704139,-0.7876594,0.01375662,0.5824143,0.1809491,0.6100313,0.0101473,0.5469617,0.2143001,0.5875326,-0.03618912,0.5593012,0.1697156,0.585603,0.05637275,-0.0587794,0.1123872,0.138794,0.01708634,-0.0742688,0.1422205,0.161352,0.009097417,-0.05279131,0.07675295,0.09359862,0.05645432,-0.05869314,0.1123825,0.1387869,0.01708135,-0.07424309,0.1422718,0.1613848,0.009084487,-0.05288205,0.07679613,0.09368397,0.0236453,-0.06156837,0.107869,0.1264337,-0.8843777,-0.1294623,0.4325191,0.1185029,166.3886,-0.8906535,-0.130381,0.4355884,15.00965,0,0,0,0,0,0,0,0,0,1,0,0,0.3609924,False,True,False,0.02390683,0.9755787,0.2470647,1.006661,0.5314445,-0.5758524,0.1882508,0.5920494,107.3949,0.6594409,-0.7145442,0.2335902,0.02609317,0.02442127,0.05293533,0.06387019,-0.08078554,0.3796439,0.7993084,0.4587488,125.3872,-0.09091675,0.4272546,0.8995485,0.007966619,1.101303,-0.03615649,1.101926,0.0333188,0.03009366,-0.00215995,0.9989893,5.152509,0.7412568,0.6695058,-0.04805329,False
1773055716897,7.637419,0.06526436,0.8593698,0.1976529,0.8842186,0.1587815,-0.3455256,-0.9118248,0.1548418,162.1848,0.1607199,-0.3497438,-0.9229563,0.04537297,0.980755,0.2347981,1.00949,0.02559422,0.9938486,0.254945,1.026346,0.009503555,0.9821467,0.2279781,1.008304,-0.03860506,-0.06862764,0.11103,0.1361167,-0.02904865,-0.06764083,0.1425677,0.1604514,-0.003603909,-0.0811474,0.1218199,0.1464172,-0.0373151,-0.0687455,0.1112866,0.136026,-0.0288445,-0.0678561,0.1430373,0.1609227,-0.003508982,-0.08134366,0.1217566,0.1464711,-0.0221769,-0.07317524,0.1246976,0.1462734,0.06707479,0.5967785,-0.1937859,0.7757599,78.25204,0.1062945,0.9457241,-0.3070955,5.375499,-0.01739819,-0.05579975,0.11868,0.1322923,0.578696,0.6311032,0.4746945,0.2036783,156.4957,0.5910864,0.6446157,0.4848582,0.4689409,True,True,False,-0.1045164,0.593994,0.1258177,0.6161028,-0.09543732,-0.2337172,-0.3228033,-0.9121765,311.6158,-0.232889,-0.5703237,-0.7877145,0.01377004,0.582297,0.1809325,0.6099148,0.01016203,0.5468711,0.214261,0.5874343,-0.03619974,0.5592406,0.169702,0.5855418,0.05635567,-0.05881184,0.1123813,0.138796,0.01709393,-0.07428057,0.1421938,0.1613347,0.009101225,-0.0527554,0.07673533,0.09356429,0.05643453,-0.05871695,0.1123822,0.1387887,0.01708387,-0.0742506,0.1422562,0.1613748,0.009087841,-0.05285665,0.07678395,0.09365996,0.02363423,-0.06156461,0.1078501,0.1264137,-0.8844787,-0.1292837,0.4322733,0.1188395,166.3497,-0.8907913,-0.1302064,0.4353585,15.00144,0,0,0,0,0,0,0,0,0,1,0,0,0.3612399,False,True,False,0.02415402,0.9753187,0.2471487,1.006436,0.5324625,-0.57566,0.188114,0.5913649,107.4921,0.6602924,-0.7138605,0.2332752,0.02584598,0.02468127,0.05285129,0.06379998,-0.0815407,0.378785,0.7993517,0.4592494,125.3226,-0.09179334,0.4264121,0.8998594,0.007939543,1.101315,-0.03620184,1.101939,0.03335448,0.02994829,-0.002164362,0.9989924,5.144449,0.7432134,0.6673158,-0.04822689,False
1773055716911,7.651315,0.06521229,0.8590128,0.197797,0.8839,0.1595766,-0.3450645,-0.9119551,0.1542851,162.2493,0.1615105,-0.3492462,-0.9230068,0.04553201,0.9804405,0.2349725,1.009232,0.02556159,0.9934215,0.255161,1.025986,0.00943502,0.9817997,0.228282,1.008034,-0.0388394,-0.06872369,0.1109101,0.1361341,-0.02909992,-0.0676559,0.1425023,0.1604089,-0.003623507,-0.08111124,0.121908,0.1464709,-0.03763398,-0.06874094,0.1112082,0.1360474,-0.02889766,-0.06781449,0.1429248,0.1608147,-0.003532826,-0.08129533,0.1217881,0.146471,-0.02231078,-0.07315388,0.1245626,0.146168,0.06469334,0.5966948,-0.1938205,0.7760179,78.20518,0.1025721,0.9460671,-0.3073048,5.396312,-0.0175246,-0.05577962,0.1185526,0.1321862,0.5781614,0.6319117,0.4742191,0.2037973,156.4818,0.5905554,0.6454579,0.4843848,0.4588816,True,True,False,-0.1045074,0.5938914,0.1258131,0.6160014,-0.09545722,-0.2337132,-0.3228771,-0.9121494,311.6082,-0.2329033,-0.5702299,-0.7877784,0.01378457,0.5821728,0.1809161,0.6097916,0.01017681,0.5467743,0.2142219,0.5873302,-0.03621096,0.5591743,0.1696893,0.5854755,0.05633943,-0.05884548,0.1123744,0.1387982,0.01710236,-0.07429316,0.1421653,0.1613163,0.009105057,-0.05271796,0.07671684,0.09352838,0.05641476,-0.05874367,0.1123806,0.1387907,0.01708771,-0.07425944,0.1422373,0.1613626,0.009091415,-0.05282782,0.07677001,0.09363261,0.02362326,-0.0615603,0.107828,0.1263907,-0.8845825,-0.1290851,0.4320146,0.1192236,166.3054,-0.8909371,-0.1300124,0.4351181,14.99276,0,0,0,0,0,0,0,0,0,1,0,0,0.3614254,False,True,False,0.02425273,0.9749388,0.2472828,1.006103,0.5333831,-0.575697,0.1879454,0.5905523,107.6076,0.6609461,-0.7133797,0.232894,0.02574727,0.02506125,0.05271724,0.0637973,-0.08243168,0.3779787,0.7994834,0.4595254,125.287,-0.09281126,0.4255728,0.9001523,0.007910151,1.101306,-0.03625718,1.101931,0.03327528,0.02980713,-0.002198447,0.9989992,5.12707,0.743963,0.6664225,-0.0491525,False
1773055716924,7.665204,0.06517123,0.8588889,0.1978556,0.8837897,0.1601436,-0.3444109,-0.912138,0.1540765,162.2735,0.162079,-0.3485732,-0.9231616,0.04648149,0.9805461,0.2351493,1.009419,0.02551181,0.9931892,0.2553793,1.025814,0.009123161,0.9818283,0.2291228,1.00825,-0.0399468,-0.06879332,0.1106078,0.1362437,-0.02915513,-0.06764441,0.1424568,0.1603737,-0.003624115,-0.08084936,0.1226141,0.1469148,-0.03811842,-0.06875188,0.1110834,0.1360859,-0.02895123,-0.06777917,0.1428264,0.1607221,-0.003551821,-0.08120269,0.1219598,0.1465629,-0.022539,-0.07311615,0.1244067,0.1460514,0.06077733,0.5952975,-0.1935499,0.7774737,77.94028,0.09663834,0.9465464,-0.307752,5.435078,-0.01774002,-0.055744,0.1184054,0.132068,0.576502,0.6335161,0.4737758,0.2045466,156.3941,0.5889543,0.6471999,0.4840093,0.5596299,True,True,False,-0.1044736,0.5938101,0.1258327,0.6159213,-0.09547868,-0.2336712,-0.3230222,-0.9121066,311.5962,-0.2329014,-0.569995,-0.787949,0.0138159,0.582082,0.1809389,0.6097124,0.01021948,0.5467148,0.2142229,0.5872759,-0.03618668,0.5591235,0.1697088,0.5854311,0.05631657,-0.05887353,0.1123711,0.1387981,0.01711356,-0.07429892,0.1421478,0.1613047,0.009105539,-0.05269398,0.07670816,0.0935078,0.05639435,-0.05877065,0.1123786,0.1387922,0.01709308,-0.07426763,0.1422187,0.1613506,0.009094346,-0.0528,0.07675717,0.09360668,0.02361223,-0.06155616,0.107806,0.1263679,-0.8846825,-0.1288809,0.4317664,0.1196008,166.2619,-0.8910786,-0.1298127,0.434888,14.98344,0,0,0,0,0,0,0,0,0,1,0,0,0.3615555,False,True,False,0.02432828,0.9744905,0.2474619,1.005714,0.5343618,-0.5757601,0.1876522,0.5896986,107.7288,0.6616473,-0.7129067,0.2323511,0.02567172,0.02550954,0.05253807,0.06379672,-0.08333559,0.3770517,0.7996883,0.4597671,125.2558,-0.0938422,0.4245889,0.9005098,0.007858201,1.101336,-0.03630266,1.101962,0.03314434,0.02930964,-0.002000024,0.9990187,5.07689,0.7483512,0.6617691,-0.04515763,False
1773055716939,7.679051,0.06512785,0.8587613,0.1979165,0.8836762,0.1607457,-0.3437001,-0.9123294,0.1539028,162.2937,0.1626839,-0.3478443,-0.92333,0.04732144,0.9806206,0.235312,1.009568,0.02544792,0.9929363,0.2556045,1.025624,0.008832511,0.9818038,0.2298873,1.008397,-0.04094936,-0.06888621,0.1103076,0.1363449,-0.02920906,-0.06763396,0.1423991,0.1603278,-0.003627501,-0.08061703,0.1232122,0.1472872,-0.03871121,-0.06877985,0.1109227,0.1361362,-0.02900474,-0.06774909,0.1427369,0.1606395,-0.003567529,-0.08108141,0.1222191,0.146712,-0.02283583,-0.0730699,0.1242347,0.1459279,0.05588653,0.593058,-0.1930719,0.779668,77.53962,0.08924808,0.9470849,-0.3083265,5.48532,-0.01802023,-0.05570032,0.1182431,0.1319419,0.5738385,0.6358157,0.473365,0.2058478,156.2417,0.5863968,0.6497304,0.4837244,0.647509,True,True,False,-0.1044372,0.5937238,0.1258535,0.6158361,-0.09549241,-0.233621,-0.3231761,-0.9120635,311.5842,-0.2328804,-0.5697392,-0.7881401,0.0138486,0.5819884,0.1809652,0.6096316,0.01026419,0.5466535,0.2142275,0.5872213,-0.0361599,0.5590684,0.1697316,0.5853835,0.05629349,-0.05890173,0.1123674,0.1387977,0.01712574,-0.07430446,0.1421304,0.1612932,0.009105606,-0.05267059,0.07670005,0.09348797,0.05637345,-0.05879782,0.1123763,0.1387933,0.01709984,-0.07427526,0.1422004,0.1613387,0.009096677,-0.05277317,0.07674534,0.09358207,0.02360118,-0.0615522,0.1077843,0.1263453,-0.8847789,-0.1286721,0.4315285,0.1199711,166.2191,-0.8912158,-0.1296082,0.4346679,14.97357,0,0,0,0,0,0,0,0,0,1,0,0,0.3616762,False,True,False,0.02448159,0.9742559,0.2476226,1.00553,0.5362628,-0.5745596,0.1864301,0.5895314,107.7525,0.6639007,-0.7113127,0.230803,0.02551841,0.02574414,0.0523774,0.06369727,-0.08320968,0.3748674,0.7999763,0.4610732,125.0872,-0.09377196,0.4224514,0.9015219,0.007787112,1.101384,-0.03635044,1.102011,0.03311857,0.02908969,-0.001959232,0.9990261,5.05773,0.7506028,0.6592917,-0.04440423,False
1773055716952,7.692971,0.06510705,0.858601,0.1978958,0.8835142,0.1612625,-0.3433323,-0.9123709,0.1539381,162.2896,0.1632078,-0.347474,-0.923377,0.04887547,0.9807318,0.235598,1.009817,0.02551645,0.9923992,0.2555603,1.025094,0.008374128,0.9818765,0.2309307,1.008702,-0.0427143,-0.06866695,0.1099559,0.1364916,-0.02925665,-0.06743954,0.1420446,0.1599397,-0.00361668,-0.08018018,0.1242945,0.1479563,-0.03955543,-0.06875625,0.1107217,0.1362033,-0.02905725,-0.06768473,0.1425913,0.1604925,-0.003577771,-0.08089402,0.1226512,0.1469693,-0.02325848,-0.07297543,0.1239955,0.1457438,0.04961258,0.5896352,-0.1927463,0.7827629,76.9715,0.07972197,0.9474791,-0.3097222,5.546177,-0.01841919,-0.05561116,0.1180173,0.1317571,0.5690714,0.6396548,0.4727346,0.2086187,155.9172,0.5818743,0.6540456,0.4833701,0.8663118,True,True,False,-0.1044308,0.593721,0.1258868,0.6158392,-0.09550506,-0.2335809,-0.3233896,-0.9119967,311.5655,-0.232827,-0.5694353,-0.7883754,0.01385449,0.5820027,0.1809985,0.6096553,0.01028842,0.5466898,0.2142453,0.587262,-0.03615762,0.5591044,0.1697668,0.585428,0.05627934,-0.05892268,0.1123608,0.1387955,0.017139,-0.07430856,0.1421174,0.161285,0.009105183,-0.05264674,0.07669381,0.09346938,0.05635386,-0.05882381,0.1123731,0.1387938,0.01710798,-0.07428218,0.1421831,0.1613275,0.009098446,-0.05274685,0.07673462,0.09355862,0.02359101,-0.06154796,0.1077635,0.1263236,-0.8848647,-0.1284661,0.4313134,0.1203315,166.1775,-0.8913414,-0.1294064,0.4344704,14.96401,0,0,0,0,0,0,0,0,0,1,0,0,0.3612953,False,True,False,0.02468542,0.9740188,0.2478043,1.00535,0.5387824,-0.5725173,0.1844842,0.5898332,107.7097,0.667202,-0.7089777,0.2284562,0.02531458,0.02598119,0.05219568,0.06356288,-0.08234892,0.3717718,0.8003661,0.4630536,124.8313,-0.09290998,0.4194506,0.9030111,0.007743631,1.10144,-0.03638534,1.102068,0.03271717,0.02876474,-0.00155018,0.9990494,4.996837,0.7505329,0.6598639,-0.03556117,False
1773055716967,7.70693,0.06508589,0.8584356,0.1978712,0.8833464,0.1617642,-0.3429825,-0.912401,0.1540125,162.281,0.1637175,-0.347124,-0.9234184,0.05006176,0.980772,0.2357761,1.009956,0.02554961,0.9919198,0.255668,1.024658,0.008013174,0.9818417,0.2317088,1.008844,-0.04408612,-0.06853277,0.1096397,0.1366059,-0.02933345,-0.06718113,0.1418629,0.1596835,-0.003613807,-0.07983306,0.1250779,0.148428,-0.04051623,-0.06870945,0.110496,0.1362789,-0.02911495,-0.06757981,0.1424378,0.1603223,-0.003585296,-0.08067268,0.1231589,0.147272,-0.02375886,-0.07284837,0.1237362,0.1455404,0.04272576,0.5857639,-0.1927453,0.786069,76.36069,0.06912002,0.9476252,-0.3118156,5.613962,-0.01889154,-0.05549123,0.1177725,0.1315543,0.5633354,0.6442468,0.4717424,0.2122701,155.4892,0.5764726,0.6592709,0.4827435,0.9652381,True,True,False,-0.1044243,0.59372,0.1259221,0.6158443,-0.09551135,-0.2335356,-0.3236184,-0.9119264,311.5459,-0.2327537,-0.569108,-0.7886329,0.01385988,0.5820239,0.1810349,0.6096864,0.01031352,0.5467324,0.214267,0.58731,-0.03615461,0.5591438,0.1698055,0.5854766,0.05626627,-0.05894267,0.1123536,0.1387929,0.01715328,-0.07431218,0.142105,0.1612773,0.009104398,-0.0526233,0.07668825,0.09345154,0.05633559,-0.0588486,0.112369,0.1387936,0.01711741,-0.07428843,0.1421668,0.161317,0.009099687,-0.05272108,0.07672496,0.09353628,0.0235817,-0.0615435,0.1077435,0.1263027,-0.8849405,-0.1282634,0.4311205,0.1206814,166.1371,-0.8914559,-0.1292077,0.4342946,14.95477,0,0,0,0,0,0,0,0,0,1,0,0,0.3609408,False,True,False,0.02502936,0.973757,0.2478239,1.00511,0.5425414,-0.5685967,0.1809671,0.5912678,107.5059,0.6727316,-0.7050393,0.2243927,0.02497064,0.02624297,0.05217615,0.06351832,-0.07974926,0.3667668,0.8009449,0.4664866,124.3871,-0.09016019,0.4146467,0.9055049,0.007724769,1.101492,-0.03645374,1.102122,0.03244368,0.02864597,-0.00171063,0.9990615,4.964928,0.7490436,0.661364,-0.03949418,False
1773055716980,7.720784,0.06506439,0.8582652,0.1978432,0.883173,0.1622963,-0.3426184,-0.9124237,0.1541284,162.2675,0.164259,-0.3467619,-0.9234583,0.05106144,0.9807754,0.2358919,1.010036,0.02554745,0.9914683,0.2558344,1.024262,0.007723313,0.9816989,0.2323203,1.008843,-0.04526834,-0.06845105,0.1093305,0.1367038,-0.02941942,-0.06691165,0.1417589,0.1594938,-0.003620792,-0.07951511,0.1256432,0.1487346,-0.04152124,-0.06865566,0.1102542,0.1363583,-0.02917818,-0.06744133,0.1422957,0.1601492,-0.003592662,-0.08043238,0.1236766,0.1475743,-0.02430669,-0.0727008,0.1234742,0.1453344,0.03566932,0.5819265,-0.1929977,0.7892028,75.77784,0.05808083,0.9475586,-0.3142606,5.686144,-0.01940866,-0.05535191,0.1175251,0.1313495,0.5574161,0.6490821,0.4703729,0.2161695,155.0317,0.5709149,0.6648008,0.4817638,1.007454,True,True,False,-0.1044178,0.5937203,0.125959,0.6158511,-0.09551154,-0.2334852,-0.323862,-0.9118528,311.5253,-0.2326615,-0.5687587,-0.7889122,0.01386494,0.5820516,0.1810741,0.6097246,0.01033965,0.5467809,0.2142926,0.587365,-0.03615084,0.5591863,0.1698475,0.5855292,0.05625442,-0.05896171,0.1123459,0.1387899,0.01716849,-0.07431539,0.1420935,0.1612702,0.009103257,-0.05260017,0.07668351,0.09343451,0.05631876,-0.05887206,0.1123642,0.1387928,0.01712799,-0.07429402,0.1421516,0.1613073,0.009100426,-0.052696,0.07671637,0.09351517,0.02357331,-0.06153883,0.1077247,0.1262828,-0.8850061,-0.1280656,0.43095,0.1210189,166.0982,-0.8915589,-0.1290138,0.4341408,14.94593,0,0,0,0,0,0,0,0,0,1,0,0,0.3606179,False,True,False,0.02544741,0.9734869,0.2478564,1.004867,0.5471104,-0.5638816,0.176409,0.5929483,107.267,0.6794373,-0.7002648,0.2190761,0.02455259,0.0265131,0.05214359,0.06344075,-0.07654237,0.360471,0.8017677,0.4705004,123.8664,-0.08674341,0.4085121,0.9086218,0.007705584,1.101527,-0.03652414,1.102159,0.03231575,0.02862116,-0.001867977,0.9990661,4.952929,0.7478983,0.6623927,-0.04323146,False
1773055716993,7.734643,0.06500575,0.8580981,0.1978968,0.8830183,0.1627626,-0.3421968,-0.9124046,0.1546852,162.2029,0.1647455,-0.3463657,-0.9235203,0.05194039,0.980604,0.2364463,1.010044,0.02543285,0.9910145,0.2576059,1.024264,0.007600237,0.9810568,0.2329085,1.008353,-0.04644936,-0.06798108,0.1091896,0.1367528,-0.02982622,-0.06557134,0.1428122,0.1599516,-0.003686515,-0.0788809,0.1257174,0.1484609,-0.04256707,-0.06851517,0.110033,0.1364314,-0.02931286,-0.06705296,0.1424037,0.1601067,-0.003612144,-0.08010977,0.1241026,0.1477568,-0.02490648,-0.0724147,0.123334,0.145174,0.02802283,0.5793554,-0.1943905,0.791059,75.43082,0.04580841,0.9470617,-0.3177666,5.821712,-0.01997486,-0.05508181,0.1173928,0.1312024,0.5525219,0.654412,0.4670919,0.2197488,154.6114,0.566366,0.670809,0.4787954,1.038202,True,True,False,-0.1044112,0.593722,0.1259976,0.6158595,-0.09550581,-0.2334299,-0.3241199,-0.9117759,311.5039,-0.2325509,-0.5683876,-0.7892122,0.01386941,0.5820854,0.181116,0.6097694,0.01036652,0.5468351,0.2143217,0.5874265,-0.03614635,0.5592316,0.1698928,0.5855853,0.05624347,-0.05897993,0.1123374,0.1387864,0.01718459,-0.07431826,0.1420824,0.1612635,0.009101683,-0.0525775,0.07667948,0.09341829,0.05630314,-0.05889443,0.1123587,0.1387915,0.01713972,-0.07429904,0.1421373,0.1612982,0.009100687,-0.05267142,0.07670873,0.09349508,0.0235657,-0.06153396,0.1077066,0.1262636,-0.8850626,-0.1278712,0.4307994,0.1213471,166.0603,-0.8916519,-0.1288231,0.4340067,14.93738,0,0,0,0,0,0,0,0,0,1,0,0,0.3603252,False,True,False,0.02589663,0.9732096,0.2479069,1.004622,0.5520766,-0.5589611,0.1715842,0.5944182,107.0577,0.686529,-0.6950902,0.2133718,0.02410337,0.02679044,0.05209315,0.06334348,-0.07345077,0.3536577,0.802617,0.4746971,123.3207,-0.08345262,0.4018156,0.91191,0.007680908,1.101564,-0.03658039,1.102198,0.03241163,0.02873673,-0.001952011,0.9990595,4.970287,0.7474967,0.6627439,-0.04501846,False
1773055717009,7.748695,0.06494461,0.857927,0.1979523,0.8828599,0.163329,-0.3416805,-0.9123674,0.1554473,162.1145,0.1653388,-0.345885,-0.9235944,0.0526591,0.9804147,0.2369693,1.01002,0.02524754,0.9904948,0.2587499,1.024045,0.007385805,0.9804428,0.233461,1.007882,-0.04752492,-0.0675598,0.10905,0.1368022,-0.03008539,-0.06466712,0.1433595,0.1601215,-0.003740025,-0.07833798,0.125805,0.1482488,-0.04363379,-0.06831391,0.1098263,0.136501,-0.02947526,-0.06655091,0.1426055,0.1601066,-0.00363898,-0.07973675,0.1244623,0.1478582,-0.02553045,-0.07205721,0.1232341,0.1450196,0.0205175,0.5775945,-0.1961157,0.7921504,75.22614,0.0336173,0.9463707,-0.3213295,5.984221,-0.02056388,-0.05474439,0.1172985,0.1310678,0.5484168,0.6596587,0.4630957,0.2227823,154.255,0.5625547,0.6766644,0.4750341,1.046241,True,True,False,-0.1044121,0.593667,0.1259982,0.6158068,-0.0955646,-0.23342,-0.3242341,-0.9117317,311.4915,-0.2326384,-0.5682278,-0.7893017,0.01387151,0.5820163,0.1810994,0.6096987,0.01038641,0.5468007,0.2143115,0.5873911,-0.03615525,0.5592037,0.1698934,0.5855594,0.05622865,-0.05900773,0.112326,0.1387829,0.01719984,-0.07431376,0.1420866,0.1612667,0.009101233,-0.05254885,0.07667749,0.09340049,0.05628752,-0.05891819,0.1123518,0.1387897,0.01715231,-0.07430212,0.1421266,0.1612916,0.009100801,-0.05264571,0.07670218,0.09347524,0.02355789,-0.06152859,0.1076906,0.1262459,-0.8851171,-0.1276305,0.4306647,0.1216804,166.0218,-0.8917434,-0.128586,0.4338889,14.92912,0,0,0,0,0,0,0,0,0,1,0,0,0.3605302,False,True,False,0.02625937,0.9729014,0.2482257,1.004412,0.558485,-0.5541182,0.1673374,0.5941765,107.0921,0.6943441,-0.688915,0.2080445,0.02374063,0.0270986,0.05177434,0.06307562,-0.07241952,0.3460258,0.8031874,0.4794911,122.6957,-0.08252497,0.3943104,0.9152645,0.007716116,1.101565,-0.03664325,1.102201,0.03236437,0.02894226,-0.001979565,0.9990551,4.98193,0.7446619,0.6659235,-0.04554721,False
1773055717023,7.762706,0.06488545,0.8578186,0.1979551,0.8827509,0.1636152,-0.3419297,-0.9121984,0.1555897,162.098,0.1656323,-0.3461452,-0.9234443,0.05255869,0.9803166,0.2369535,1.009916,0.02525958,0.9901147,0.2587616,1.023681,0.007355906,0.9801255,0.2334654,1.007574,-0.0475647,-0.0675122,0.1090729,0.1368108,-0.03013944,-0.06434748,0.1431923,0.1598531,-0.00377128,-0.07809485,0.1257126,0.1480428,-0.04447895,-0.06814537,0.1096682,0.1365624,-0.0296146,-0.06608751,0.1427289,0.1600504,-0.003666677,-0.07939148,0.124726,0.1478953,-0.02602725,-0.07174179,0.1231443,0.1448752,0.01408945,0.5764014,-0.1977396,0.792756,75.11239,0.02311492,0.9456345,-0.3244082,6.107318,-0.02103283,-0.05444659,0.1172138,0.1309423,0.5457479,0.6633728,0.4599795,0.2247549,154.0231,0.5600773,0.6807905,0.4720569,0.8683767,True,True,False,-0.1044412,0.5937384,0.1259119,0.6158629,-0.09557851,-0.2333814,-0.3242844,-0.9117223,311.4889,-0.2326603,-0.5681047,-0.7893836,0.01384063,0.582069,0.1810093,0.6097214,0.0103674,0.5468855,0.2142244,0.5874379,-0.03619994,0.5592972,0.1698162,0.585629,0.05621692,-0.05903204,0.112317,0.1387812,0.01721734,-0.07431389,0.1420881,0.16127,0.009100479,-0.0525213,0.07667556,0.09338333,0.05627275,-0.05894201,0.1123446,0.1387879,0.0171659,-0.07430458,0.1421186,0.1612871,0.009100734,-0.05261968,0.07669662,0.09345601,0.02355047,-0.06152305,0.1076763,0.1262295,-0.8851669,-0.1273749,0.430544,0.1220128,165.9834,-0.8918301,-0.1283337,0.433785,14.92135,0,0,0,0,0,0,0,0,0,1,0,0,0.3604882,False,True,False,0.0265805,0.9725482,0.2486371,1.00418,0.5652571,-0.5495727,0.1638525,0.5929644,107.2647,0.7019833,-0.6825051,0.2034856,0.0234195,0.02745181,0.05136293,0.06277122,-0.07265916,0.3385264,0.8034359,0.4843671,122.058,-0.08305186,0.3869471,0.9183542,0.007786069,1.101538,-0.03664966,1.102175,0.03231067,0.02921156,-0.001938247,0.9990491,4.997777,0.7410682,0.669988,-0.04445508,False
1773055717037,7.776595,0.06482434,0.857711,0.1979561,0.8826421,0.1639552,-0.3422836,-0.9119738,0.1557706,162.077,0.1659813,-0.3465135,-0.9232436,0.05248791,0.9802338,0.2369249,1.009825,0.02523696,0.9897642,0.2588111,1.023354,0.007282972,0.9798353,0.2334926,1.007298,-0.04765616,-0.06744826,0.1090932,0.1368272,-0.03020343,-0.06399155,0.1430978,0.1596376,-0.003799761,-0.07783218,0.1256898,0.1478858,-0.04515795,-0.0679998,0.1095484,0.1366165,-0.02973732,-0.06564904,0.1428059,0.1599614,-0.003694346,-0.07906549,0.1249279,0.1478918,-0.02642754,-0.07145466,0.1230707,0.1447431,0.0083897,0.5755412,-0.1993155,0.793067,75.05388,0.01377315,0.944851,-0.3272111,6.202782,-0.0214107,-0.05417563,0.1171443,0.1308289,0.5439344,0.66609,0.4575223,0.2261266,153.8617,0.558398,0.6838018,0.4696881,0.7222109,True,True,False,-0.1044724,0.5938168,0.1258195,0.6159248,-0.09558772,-0.2333393,-0.3243241,-0.911718,311.4877,-0.2326774,-0.5679891,-0.7894621,0.01380698,0.5821275,0.1809139,0.6097482,0.0103454,0.5469765,0.2141339,0.5874893,-0.03624784,0.5593966,0.1697346,0.5857033,0.05620601,-0.05905591,0.1123077,0.1387795,0.01723568,-0.0743137,0.1420909,0.1612744,0.0090995,-0.05249363,0.07667429,0.09336664,0.05625889,-0.05896568,0.1123369,0.1387862,0.01718038,-0.07430647,0.1421128,0.1612845,0.009100478,-0.05259348,0.07669199,0.09343743,0.02354347,-0.06151734,0.1076634,0.1262145,-0.8852116,-0.1271083,0.4304372,0.1223426,165.9454,-0.8919117,-0.1280703,0.4336952,14.91406,0,0,0,0,0,0,0,0,0,1,0,0,0.3604415,False,True,False,0.02695087,0.9723734,0.2487886,1.004058,0.569533,-0.5467264,0.1616923,0.5920963,107.3882,0.706733,-0.6784323,0.2006439,0.02304913,0.02762657,0.05121137,0.06258669,-0.07291096,0.3337885,0.8035531,0.4874133,121.6586,-0.08350132,0.3822714,0.9202697,0.007774465,1.101542,-0.0366056,1.102177,0.03237675,0.02953691,-0.001861329,0.9990374,5.028233,0.7380962,0.6733562,-0.04243291,False
1773055717049,7.790368,0.06470418,0.857648,0.1979901,0.8825796,0.1640547,-0.3423651,-0.9118839,0.1560128,162.0489,0.1660884,-0.3466093,-0.9231882,0.05237376,0.9801705,0.2370102,1.009778,0.02508061,0.9896398,0.258766,1.023218,0.007108066,0.9797329,0.2335262,1.007205,-0.04773942,-0.06737208,0.1091233,0.1368427,-0.0302048,-0.06397192,0.1430163,0.1595569,-0.003808593,-0.07779045,0.1257005,0.1478731,-0.0457061,-0.06786957,0.1094604,0.1366634,-0.02983411,-0.06530017,0.1428495,0.1598755,-0.003717939,-0.07880052,0.1250887,0.1478869,-0.02675028,-0.07122185,0.1230057,0.1446324,0.004035537,0.5749259,-0.2005708,0.7932309,75.02305,0.006627357,0.9441716,-0.3293873,6.274516,-0.02171535,-0.05395582,0.117083,0.1307333,0.5427908,0.6678478,0.4558786,0.2270075,153.7581,0.5573413,0.6857505,0.4680992,0.6144102,True,True,False,-0.1044592,0.5938423,0.1257758,0.6159382,-0.09569619,-0.2333706,-0.3243123,-0.9117028,311.4835,-0.2329223,-0.5680186,-0.7893686,0.01383233,0.5821254,0.1808378,0.6097242,0.01037602,0.5469897,0.2140765,0.5874811,-0.03624407,0.55943,0.1696817,0.5857196,0.05620762,-0.05907307,0.1122976,0.1387792,0.01724393,-0.07430697,0.1421041,0.1612838,0.009100412,-0.0524678,0.07667251,0.09335075,0.05624831,-0.05898784,0.1123288,0.1387847,0.01719348,-0.07430658,0.142111,0.1612843,0.009100464,-0.05256754,0.07668797,0.09341954,0.02353772,-0.06151117,0.1076536,0.126202,-0.8852488,-0.1268261,0.4303561,0.1226515,165.9097,-0.8919834,-0.127791,0.4336301,14.90874,0,0,0,0,0,0,0,0,0,1,0,0,0.3600346,False,True,False,0.02721003,0.9722,0.2488838,1.003921,0.5726577,-0.5447092,0.1604357,0.5912829,107.5038,0.7100845,-0.6754289,0.1989371,0.02278997,0.02779996,0.05111618,0.06249068,-0.07337963,0.3305127,0.8034889,0.4896759,121.3614,-0.08416016,0.3790698,0.9215331,0.007769677,1.101528,-0.03656821,1.102162,0.03254633,0.02995018,-0.001803053,0.9990198,5.074112,0.735251,0.6766018,-0.04073261,False
1773055717065,7.804561,0.06457815,0.857589,0.1980248,0.8825209,0.1641375,-0.3424604,-0.9117874,0.1562804,162.0179,0.1661794,-0.3467206,-0.9231301,0.05225178,0.9801085,0.237106,1.009734,0.02492378,0.9894971,0.2587025,1.02306,0.006923299,0.9796333,0.2335629,1.007115,-0.0478243,-0.06728237,0.1091616,0.1368588,-0.03019989,-0.06394405,0.1429059,0.1594459,-0.003816632,-0.07774466,0.1257151,0.1478617,-0.04616646,-0.06774481,0.109397,0.1367055,-0.02991167,-0.06501113,0.1428615,0.1597828,-0.00373881,-0.07857575,0.1252222,0.1478807,-0.02701853,-0.07102393,0.1229442,0.1445326,0.0005840621,0.5745056,-0.2016479,0.7932724,75.01524,0.0009592607,0.9435652,-0.3311856,6.327499,-0.02196859,-0.05376898,0.1170249,0.1306466,0.5420424,0.669067,0.4546779,0.2276129,153.6869,0.5566536,0.6871021,0.466934,0.5397476,True,True,False,-0.1044444,0.5938697,0.1257306,0.615953,-0.0958153,-0.2334096,-0.3242848,-0.9116901,311.4799,-0.2331961,-0.5680745,-0.7892472,0.01386068,0.5821234,0.1807564,0.6096988,0.01040854,0.5470006,0.2140175,0.5874704,-0.03623859,0.5594627,0.1696258,0.5857342,0.05621179,-0.05908892,0.1122868,0.138779,0.01725127,-0.074299,0.1421201,0.161295,0.009101497,-0.05244216,0.07667123,0.09333538,0.05624059,-0.05900921,0.1123199,0.1387835,0.01720568,-0.07430498,0.142113,0.1612866,0.009100682,-0.05254104,0.07668444,0.09340174,0.02353303,-0.06150439,0.1076464,0.1261917,-0.8852794,-0.1265209,0.4302979,0.1229498,165.8753,-0.8920474,-0.1274882,0.4335876,14.90517,0,0,0,0,0,0,0,0,0,1,0,0,0.3599724,False,True,False,0.02736393,0.9720591,0.249049,1.003829,0.5748466,-0.5432778,0.1595146,0.5907248,107.5831,0.7124374,-0.6733125,0.1976947,0.02263607,0.02794087,0.05095105,0.06236259,-0.07367566,0.328186,0.8034509,0.4912562,121.1536,-0.08458597,0.3767856,0.9224305,0.007770505,1.10149,-0.03660437,1.102125,0.03264935,0.03013659,-0.001836168,0.9990107,5.097512,0.7341916,0.6776866,-0.04129024,False
1773055717078,7.817983,0.0644466,0.8575337,0.1980605,0.8824655,0.164204,-0.3425691,-0.9116845,0.1565724,161.984,0.1662545,-0.346847,-0.9230692,0.05212222,0.9800478,0.237212,1.009693,0.02477247,0.9893276,0.2587201,1.022897,0.00672913,0.9795364,0.2336025,1.007029,-0.04791064,-0.06717982,0.1092082,0.1368758,-0.03021064,-0.06382952,0.1428341,0.1593376,-0.003823862,-0.07769531,0.1257336,0.1478517,-0.04652903,-0.06762996,0.1093587,0.136741,-0.02997231,-0.06477007,0.1428559,0.1596913,-0.003756016,-0.07839638,0.1253264,0.1478743,-0.02722516,-0.07086036,0.1228957,0.1444498,-0.002079195,0.5742785,-0.2027045,0.7931651,75.03542,-0.003414075,0.9429757,-0.3328445,6.365152,-0.02216362,-0.05361457,0.1169791,0.1305751,0.5416082,0.6699054,0.4537363,0.2280596,153.6343,0.5562673,0.688037,0.4660171,0.4939282,True,True,False,-0.1044284,0.5938989,0.125684,0.6159689,-0.0959446,-0.2334564,-0.3242419,-0.9116798,311.4771,-0.2334979,-0.5681567,-0.789099,0.01389214,0.5821214,0.1806701,0.609672,0.01044288,0.5470093,0.213957,0.5874571,-0.03623152,0.5594946,0.1695671,0.5857473,0.05621852,-0.05910356,0.1122758,0.138779,0.01725775,-0.07428982,0.1421386,0.1613078,0.00910267,-0.05241664,0.07667043,0.09332051,0.05623613,-0.05902829,0.112311,0.1387826,0.0172162,-0.07430191,0.1421181,0.1612909,0.009101084,-0.05251588,0.07668161,0.09338531,0.02352967,-0.06149749,0.1076421,0.126184,-0.8853016,-0.1262166,0.4302652,0.1232172,165.8444,-0.8920996,-0.1271858,0.4335691,14.90347,0,0,0,0,0,0,0,0,0,1,0,0,0.359979,False,True,False,0.0274573,0.9719287,0.2491817,1.003738,0.576408,-0.5422435,0.1589697,0.5903004,107.6433,0.7140977,-0.6717721,0.1969437,0.0225427,0.02807134,0.05081831,0.062279,-0.07394554,0.3265923,0.8033606,0.4924241,120.9999,-0.08496016,0.3752401,0.9230258,0.007766142,1.101449,-0.03663532,1.102086,0.03263539,0.03033874,-0.001970081,0.9990048,5.112696,0.7317087,0.680216,-0.04417062,False
1773055717091,7.832311,0.06441958,0.8575265,0.1980754,0.8824599,0.1641697,-0.3426037,-0.9116341,0.1568254,161.9546,0.1662265,-0.3468961,-0.9230557,0.05199255,0.9800245,0.2372726,1.009678,0.0247105,0.9892838,0.258674,1.022842,0.006650664,0.9795148,0.2336345,1.007015,-0.04786267,-0.06712875,0.1092717,0.1368847,-0.03019889,-0.06383583,0.1427778,0.1592874,-0.003826829,-0.07767909,0.1257598,0.1478655,-0.04682057,-0.06752267,0.1093402,0.1367726,-0.0300207,-0.06456935,0.1428392,0.1596042,-0.003771101,-0.0782425,0.1254194,0.147872,-0.0273895,-0.07071999,0.1228586,0.1443805,-0.004170052,0.5741156,-0.2036059,0.7930439,75.05823,-0.006845527,0.9424641,-0.334238,6.389964,-0.02231875,-0.05348206,0.1169441,0.1305158,0.5413176,0.6705022,0.4530331,0.2283924,153.5951,0.5560135,0.6887053,0.4653322,0.4465391,True,True,False,-0.1044291,0.5940305,0.1255995,0.6160787,-0.09613749,-0.2334013,-0.324169,-0.9116995,311.4825,-0.2339922,-0.5680832,-0.7890055,0.01389078,0.5821832,0.1805685,0.609701,0.0104381,0.5470937,0.2138802,0.5875076,-0.03624647,0.5596077,0.1694766,0.5858302,0.05620825,-0.05912468,0.1122679,0.1387774,0.01725878,-0.07427341,0.1421662,0.1613246,0.009103728,-0.05239858,0.07667387,0.09331329,0.05623019,-0.05904881,0.1123019,0.1387815,0.01722526,-0.07429585,0.1421283,0.161298,0.009101646,-0.0524909,0.07667996,0.09336997,0.02352506,-0.06149045,0.107641,0.1261788,-0.8853303,-0.1258565,0.4302385,0.1234716,165.815,-0.892157,-0.126827,0.4335561,14.90201,0,0,0,0,0,0,0,0,0,1,0,0,0.3595901,False,True,False,0.02748091,0.9718103,0.2492877,1.003651,0.5775554,-0.5415184,0.1586635,0.5899268,107.6964,0.7152772,-0.670647,0.1964979,0.02251909,0.02818966,0.05071229,0.06223747,-0.07424065,0.3254784,0.8032586,0.4932827,120.8868,-0.08534693,0.3741694,0.9234248,0.007737976,1.101437,-0.03668389,1.102075,0.03263019,0.03045739,-0.002010945,0.9990013,5.121722,0.7303021,0.6816723,-0.04500731,False
1773055717107,7.846098,0.06439453,0.8575253,0.1980896,0.8824601,0.1641094,-0.3426398,-0.9115853,0.1570934,161.9236,0.1661726,-0.3469476,-0.9230461,0.05185157,0.9799814,0.2374155,1.009662,0.02465069,0.9892433,0.2586234,1.022788,0.006572291,0.9795022,0.2336691,1.00701,-0.04780686,-0.06700026,0.1093889,0.1368958,-0.0301828,-0.06384309,0.1427171,0.1592329,-0.003828586,-0.0776645,0.1257903,0.1478838,-0.04702951,-0.06741419,0.1093503,0.1367989,-0.03005428,-0.064418,0.1428139,0.1595267,-0.003782979,-0.07812224,0.1254966,0.1478742,-0.02750135,-0.07060479,0.122838,0.1443279,-0.005444213,0.5741149,-0.2043128,0.7928548,75.09379,-0.008933572,0.9420823,-0.335263,6.400221,-0.02242435,-0.05337333,0.1169247,0.130472,0.5412139,0.6708358,0.4525653,0.2285861,153.5723,0.555933,0.6890801,0.4648734,0.4199346,True,True,False,-0.1044297,0.5941701,0.1255115,0.6161954,-0.09634678,-0.2333396,-0.3240798,-0.9117249,311.4897,-0.2345338,-0.5680109,-0.7888968,0.01388863,0.5822467,0.1804634,0.6097304,0.01043081,0.5471796,0.2138024,0.5875592,-0.03626177,0.5597242,0.1693822,0.585915,0.05619767,-0.05914561,0.11226,0.1387757,0.01725842,-0.07425491,0.1421969,0.1613431,0.009104895,-0.05238162,0.07667823,0.09330747,0.05622348,-0.05906881,0.1122932,0.1387803,0.0172321,-0.0742874,0.1421425,0.1613073,0.009102317,-0.05246832,0.0766796,0.09335705,0.02351971,-0.06148388,0.1076433,0.1261765,-0.8853624,-0.1254756,0.4302208,0.1236904,165.7897,-0.8922139,-0.1264466,0.4335501,14.90093,0,0,0,0,0,0,0,0,0,1,0,0,0.3593258,False,True,False,0.02759039,0.9717435,0.2493829,1.003613,0.5784293,-0.5409542,0.1583704,0.5896668,107.7333,0.7161912,-0.6697907,0.1960887,0.02240961,0.02825654,0.05061708,0.06215072,-0.07441869,0.3245916,0.8032053,0.4939267,120.802,-0.08558755,0.3733068,0.9237515,0.007703851,1.101444,-0.03677045,1.102084,0.03243287,0.03039422,-0.001970534,0.9990097,5.100123,0.7289501,0.6831301,-0.04428905,False
1773055717119,7.859672,0.06437135,0.8575299,0.1981032,0.882466,0.1640241,-0.3426772,-0.9115379,0.1573756,161.8908,0.1660938,-0.3470013,-0.9230401,0.05166424,0.9799126,0.2376447,1.00964,0.02459295,0.9892057,0.2585683,1.022737,0.006493941,0.9794983,0.233706,1.007014,-0.04770835,-0.06679393,0.1095744,0.1369089,-0.0301625,-0.06385127,0.1426522,0.1591742,-0.003829142,-0.07765159,0.1258248,0.1479065,-0.04717135,-0.06728698,0.1093961,0.1368217,-0.03007641,-0.06430138,0.1427809,0.1594542,-0.003792399,-0.07802553,0.125564,0.1478806,-0.02756642,-0.07050151,0.1228363,0.1442884,-0.005919962,0.5743337,-0.2048882,0.7925444,75.15214,-0.009707814,0.9418176,-0.3359846,6.396528,-0.02248576,-0.05327583,0.1169231,0.1304413,0.5413026,0.6709461,0.45226,0.228657,153.564,0.5560336,0.6892051,0.4645677,0.4066454,True,True,False,-0.1044282,0.5942649,0.1254603,0.6162761,-0.09648757,-0.2332197,-0.324129,-0.9117233,311.4892,-0.2348744,-0.567714,-0.7890093,0.01388226,0.5822971,0.180415,0.6097641,0.01042173,0.5472523,0.2137757,0.587617,-0.03627026,0.5598115,0.1693314,0.5859842,0.05618405,-0.05916878,0.1122521,0.1387736,0.01725574,-0.07423914,0.1422211,0.1613569,0.009106036,-0.05237139,0.0766791,0.09330255,0.05621544,-0.0590892,0.1122848,0.1387789,0.01723692,-0.07427756,0.1421585,0.1613174,0.009103075,-0.05244854,0.0766795,0.09334593,0.02351343,-0.06147832,0.107647,0.1261758,-0.8854005,-0.1250788,0.4302037,0.1238795,165.7679,-0.8922734,-0.1260497,0.4335432,14.89983,0,0,0,0,0,0,0,0,0,1,0,0,0.3595382,False,True,False,0.02764902,0.9716895,0.2494634,1.003582,0.5789914,-0.5405717,0.1582511,0.589498,107.7572,0.7167777,-0.669215,0.1959111,0.02235098,0.02831054,0.05053663,0.06208868,-0.07455423,0.3240635,0.8031294,0.4943762,120.7428,-0.08576865,0.372809,0.9239357,0.007635158,1.101485,-0.03682994,1.102127,0.03224007,0.03024746,-0.001870874,0.9990206,5.071952,0.7286429,0.6836088,-0.04228275,False
1773055717133,7.873397,0.06428574,0.8574535,0.1981277,0.8823909,0.1639842,-0.3425272,-0.9115673,0.1575731,161.8679,0.1660587,-0.3468604,-0.9230994,0.05011164,0.9797834,0.2372497,1.009343,0.02447929,0.989063,0.2585107,1.022581,0.006375186,0.9793926,0.2337617,1.006924,-0.04624075,-0.0673512,0.1098289,0.1368823,-0.03012654,-0.06390804,0.1425355,0.1590855,-0.003829821,-0.07765865,0.1258157,0.1479024,-0.04697575,-0.06730026,0.1094852,0.1368323,-0.03008676,-0.06421975,0.1427302,0.1593779,-0.003800102,-0.0779495,0.1256161,0.147885,-0.02744652,-0.0704689,0.1229083,0.1443109,-0.006684517,0.5739825,-0.2053345,0.7926772,75.12717,-0.01096467,0.9415081,-0.3368119,6.350791,-0.02237259,-0.053245,0.116991,0.1304701,0.5411428,0.6711297,0.4520539,0.2289035,153.5349,0.5559025,0.6894348,0.4643837,0.4127618,True,True,False,-0.1044264,0.594363,0.1254087,0.6163599,-0.09663199,-0.2330864,-0.3241841,-0.9117223,311.4889,-0.2352249,-0.5673869,-0.78914,0.01387455,0.5823501,0.180369,0.6098009,0.01041018,0.5473275,0.2137528,0.5876785,-0.03627826,0.5599004,0.1692809,0.5860551,0.05616973,-0.05919216,0.1122442,0.1387714,0.01725157,-0.07422207,0.1422469,0.1613713,0.009107212,-0.05236306,0.07668018,0.09329888,0.05620604,-0.05911039,0.1122765,0.1387774,0.01723993,-0.07426616,0.1421767,0.1613285,0.009103925,-0.05243095,0.07667964,0.09333624,0.02350618,-0.06147359,0.1076523,0.1261767,-0.8854447,-0.1246578,0.4301872,0.1240445,165.7488,-0.8923365,-0.1256281,0.4335355,14.89869,0,0,0,0,0,0,0,0,0,1,0,0,0.3597242,False,True,False,0.02766274,0.9716423,0.2495402,1.003556,0.5793065,-0.5403644,0.1582885,0.5893684,107.7756,0.7170839,-0.6688801,0.1959345,0.02233727,0.02835768,0.05045977,0.06204273,-0.07470027,0.3238321,0.8030381,0.4946541,120.7061,-0.0859523,0.3726105,0.9239988,0.007530365,1.101536,-0.03683625,1.102177,0.03193351,0.02999692,-0.001872942,0.999038,5.026831,0.7281947,0.6840336,-0.04270956,False
1773055717147,7.887242,0.0641983,0.8573773,0.1981522,0.882316,0.1639287,-0.3423571,-0.9116067,0.157773,161.8447,0.1660079,-0.3466994,-0.923169,0.04875105,0.9796237,0.2369709,1.009056,0.02436484,0.9889154,0.258448,1.02242,0.006255768,0.9792873,0.2338205,1.006834,-0.0449659,-0.06777237,0.1100665,0.1368564,-0.03008527,-0.06397119,0.1424089,0.1589897,-0.00382958,-0.07766952,0.1258047,0.1478987,-0.04655196,-0.06739847,0.1096058,0.1368322,-0.03008645,-0.06416783,0.1426635,0.1592971,-0.003806212,-0.0778911,0.1256555,0.1478878,-0.02720162,-0.07048244,0.1230276,0.1443727,-0.007473282,0.5732841,-0.2056728,0.7930878,75.04997,-0.01226924,0.9411872,-0.3376627,6.275694,-0.0221414,-0.05325784,0.1171036,0.130537,0.5407902,0.6713541,0.4519303,0.2293228,153.4856,0.5555966,0.6897352,0.4643038,0.5281415,True,True,False,-0.1044244,0.5944644,0.1253568,0.6164468,-0.09677996,-0.2329401,-0.3242452,-0.9117224,311.4889,-0.235585,-0.5670307,-0.7892886,0.01386559,0.5824056,0.1803253,0.6098408,0.01039626,0.547405,0.2137333,0.5877433,-0.03628574,0.5599909,0.1692305,0.5861275,0.05615472,-0.05921577,0.1122364,0.1387691,0.01724602,-0.07420385,0.1422741,0.1613864,0.009108459,-0.05235665,0.07668144,0.09329645,0.0561954,-0.05913223,0.1122682,0.1387757,0.01724119,-0.07425326,0.1421968,0.1613405,0.009104864,-0.05241555,0.07668001,0.09332798,0.02349804,-0.06146964,0.107659,0.126179,-0.8854946,-0.1242155,0.430172,0.1241853,165.7326,-0.8924027,-0.1251846,0.4335279,14.89755,0,0,0,0,0,0,0,0,0,1,0,0,0.3598876,False,True,False,0.02742449,0.9715127,0.2496467,1.00345,0.5797453,-0.5400714,0.1579814,0.5892879,107.787,0.7175748,-0.6684688,0.1955401,0.02257551,0.02848732,0.05035335,0.06210186,-0.07468525,0.3232868,0.8030856,0.4949357,120.669,-0.08595087,0.3720518,0.9242241,0.007408933,1.101578,-0.03684557,1.102219,0.03161928,0.02970969,-0.001996561,0.9990563,4.978629,0.7280009,0.6840346,-0.04596874,False
1773055717160,7.901165,0.06419928,0.8573352,0.1981699,0.8822792,0.1637543,-0.3421677,-0.911671,0.1579927,161.8192,0.1658372,-0.3465199,-0.9232671,0.04827841,0.9795315,0.2369249,1.008933,0.0243517,0.9888065,0.2584028,1.022303,0.006255489,0.9791993,0.2338528,1.006756,-0.0444975,-0.06790537,0.1101629,0.1368468,-0.03004048,-0.06402846,0.1422978,0.1589048,-0.003829675,-0.0776877,0.1257488,0.1478608,-0.04611839,-0.06750429,0.1097217,0.1368305,-0.03007686,-0.06413861,0.1425872,0.1592152,-0.003811096,-0.07784851,0.125675,0.1478821,-0.0269522,-0.07050874,0.123137,0.1444321,-0.008087941,0.5726799,-0.2059182,0.7934545,74.98096,-0.01328877,0.9409335,-0.3383309,6.1992,-0.02190595,-0.05328262,0.1172069,0.1306,0.5404952,0.6715237,0.4518582,0.2296631,153.4455,0.5553393,0.6899664,0.464268,0.5327206,True,True,False,-0.1044376,0.594609,0.125258,0.6165684,-0.09684232,-0.232746,-0.3242721,-0.9117557,311.4982,-0.2357793,-0.5666603,-0.7894964,0.01383126,0.5825243,0.1802623,0.6099347,0.01035769,0.5475358,0.2136878,0.5878479,-0.03630196,0.5601088,0.1691552,0.5862194,0.05614813,-0.05922108,0.1122346,0.1387673,0.01724857,-0.07418812,0.1423013,0.1614034,0.009105342,-0.05237185,0.076697,0.09331746,0.05618557,-0.05915072,0.1122612,0.1387739,0.01724273,-0.07423972,0.1422185,0.1613535,0.009104963,-0.05240645,0.07668354,0.09332579,0.02349086,-0.06146738,0.1076687,0.1261848,-0.885532,-0.1238161,0.4301877,0.1242623,165.7237,-0.892449,-0.1247832,0.433548,14.89629,0,0,0,0,0,0,0,0,0,1,0,0,0.3598524,False,True,False,0.02705527,0.971391,0.2497388,1.003345,0.5802039,-0.539661,0.1574477,0.5893553,107.7775,0.7181862,-0.6680015,0.1948915,0.02294473,0.02860904,0.05026124,0.06221841,-0.07443196,0.322583,0.8032022,0.4952439,120.6283,-0.08567669,0.3713169,0.924545,0.007294465,1.101655,-0.03682341,1.102294,0.03145907,0.02948917,-0.001758905,0.9990684,4.946761,0.7289799,0.6833329,-0.04075792,False
1773055717175,7.915282,0.06420404,0.8572955,0.1981872,0.8822448,0.1635525,-0.3419594,-0.9117466,0.1582167,161.7932,0.1656388,-0.3463216,-0.9233771,0.04775707,0.9794342,0.2368659,1.0088,0.02434462,0.9886965,0.2583561,1.022184,0.006263766,0.9791115,0.2338846,1.006678,-0.04396988,-0.06805716,0.1102661,0.1368347,-0.02999095,-0.06409043,0.1421808,0.1588157,-0.003829043,-0.07771003,0.1256856,0.1478188,-0.0456615,-0.06762088,0.1098362,0.1368267,-0.03005876,-0.06412841,0.1425014,0.1591309,-0.003814872,-0.07781921,0.1256773,0.1478687,-0.02669115,-0.07054731,0.1232414,0.1444915,-0.008565567,0.5721329,-0.2060907,0.7937992,74.91603,-0.01408393,0.9407297,-0.3388647,6.119569,-0.02165955,-0.05331909,0.1173055,0.1306623,0.5402302,0.6716552,0.4518291,0.2299598,153.4106,0.5551069,0.690151,0.4642714,0.5440542,True,True,False,-0.1044515,0.5947589,0.1251561,0.6166947,-0.09689711,-0.2325355,-0.3242995,-0.9117938,311.5089,-0.2359614,-0.5662646,-0.789726,0.01379377,0.5826502,0.1802019,0.6100363,0.01031511,0.5476723,0.2136448,0.5879587,-0.03631774,0.5602283,0.1690799,0.5863128,0.05614214,-0.0592241,0.1122339,0.1387656,0.01725098,-0.07417169,0.1423297,0.1614211,0.009101648,-0.05239154,0.07671462,0.09334262,0.05617644,-0.05916616,0.1122555,0.1387722,0.01724446,-0.07422542,0.1422419,0.1613677,0.009104267,-0.05240331,0.07669008,0.09332933,0.02348455,-0.06146672,0.1076812,0.126194,-0.8855582,-0.1234542,0.4302332,0.1242788,165.7218,-0.8924773,-0.1244188,0.4335947,14.89492,0,0,0,0,0,0,0,0,0,1,0,0,0.3601421,False,True,False,0.02679034,0.971306,0.2498187,1.003276,0.5806,-0.539235,0.156918,0.5894964,107.7574,0.7187681,-0.6675592,0.1942604,0.02320966,0.02869403,0.0501813,0.06229124,-0.07409646,0.3219308,0.8033106,0.4955426,120.5889,-0.08530722,0.3706388,0.9248511,0.007191271,1.101715,-0.03679681,1.102353,0.03130925,0.02913006,-0.001833734,0.9990835,4.906395,0.7314672,0.6805556,-0.04284089,False
1773055717188,7.928985,0.06421208,0.857277,0.1981118,0.8822105,0.1623951,-0.3416416,-0.9118974,0.1592231,161.6764,0.1644936,-0.3460563,-0.9236811,0.04749897,0.979373,0.2367816,1.008709,0.02437712,0.9885538,0.2577056,1.021883,0.00635447,0.9789392,0.2336604,1.006459,-0.04371452,-0.06812482,0.1103141,0.1368252,-0.02981109,-0.06452452,0.1416129,0.1584497,-0.003832931,-0.07784775,0.1253426,0.1475999,-0.04525825,-0.06772459,0.1099343,0.1368228,-0.0300078,-0.06421028,0.1423182,0.1589902,-0.003818584,-0.0778251,0.1256082,0.1478132,-0.02644607,-0.07062119,0.123265,0.1445026,-0.008309888,0.572249,-0.2057387,0.7938096,74.91408,-0.01366384,0.9409416,-0.3382934,6.025671,-0.02142819,-0.0533888,0.1173277,0.1306725,0.54024,0.6716107,0.4519473,0.2298345,153.4253,0.5551001,0.6900844,0.4643789,0.5161975,True,True,False,-0.1043973,0.5948938,0.1250914,0.6168024,-0.0969222,-0.2324454,-0.3243468,-0.9117973,311.5099,-0.2360269,-0.5660557,-0.789856,0.01383939,0.582779,0.1801479,0.6101444,0.01036485,0.547814,0.2136243,0.5880841,-0.0362449,0.5603348,0.1690319,0.5863963,0.05614045,-0.05923062,0.1122277,0.1387627,0.01725164,-0.07415511,0.1423625,0.1614425,0.009096912,-0.05242335,0.07673701,0.09337842,0.05616904,-0.05917941,0.1122498,0.1387702,0.01724594,-0.07421099,0.1422667,0.1613831,0.009102757,-0.05240743,0.07669971,0.09333941,0.02347964,-0.06146874,0.1076967,0.1262073,-0.8855675,-0.1231255,0.430322,0.1242308,165.7273,-0.8924813,-0.1240868,0.4336816,14.89381,0,0,0,0,0,0,0,0,0,1,0,0,0.3605676,False,True,False,0.02652347,0.9712231,0.2498913,1.003206,0.5809559,-0.5388206,0.1564095,0.5896598,107.7343,0.7193149,-0.6671447,0.1936595,0.02347653,0.02877694,0.05010873,0.06237103,-0.07374243,0.3213237,0.8034123,0.4958245,120.5517,-0.08491536,0.3700083,0.9251395,0.007042095,1.101773,-0.03677641,1.102409,0.03128304,0.02890964,-0.00129124,0.9990916,4.884806,0.7340859,0.6783919,-0.03030016,False
1773055717202,7.943055,0.06422345,0.8572618,0.1980301,0.8821782,0.1606705,-0.3412037,-0.9121168,0.1606487,161.5109,0.1627848,-0.3456937,-0.9241195,0.04715056,0.9793038,0.2366714,1.008599,0.02443898,0.9883939,0.2571006,1.021577,0.006502576,0.9787049,0.233352,1.00616,-0.04335525,-0.06823438,0.1103716,0.1368119,-0.0296283,-0.06494997,0.1410432,0.1580807,-0.003839888,-0.07804879,0.1248351,0.1472758,-0.04485683,-0.06783165,0.110026,0.1368174,-0.02992811,-0.0643662,0.1420495,0.1587978,-0.003823054,-0.07787225,0.1254454,0.1476999,-0.02618449,-0.07073425,0.1232258,0.1444769,-0.007416536,0.5731542,-0.2050398,0.7933462,75.00137,-0.0121828,0.9414938,-0.3368094,5.917465,-0.02118124,-0.05349548,0.1172907,0.1306427,0.5405821,0.6714001,0.4521516,0.2292423,153.4951,0.555372,0.6897691,0.4645221,0.5080277,True,True,False,-0.1043391,0.595032,0.1250265,0.6169127,-0.09693728,-0.232358,-0.3243973,-0.9118,311.5106,-0.2360671,-0.565851,-0.7899903,0.01388891,0.5829151,0.1800941,0.6102597,0.01041903,0.5479621,0.2136064,0.5882165,-0.03616448,0.5604421,0.1689851,0.5864803,0.05613981,-0.05923593,0.1122214,0.1387596,0.01725191,-0.07413799,0.1423969,0.161465,0.009091584,-0.05246037,0.07676179,0.09341905,0.05616291,-0.05919127,0.1122438,0.138768,0.01724719,-0.07419568,0.142294,0.1614003,0.009100415,-0.05241854,0.07671273,0.09335611,0.02347579,-0.06147338,0.1077159,0.1262252,-0.8855616,-0.1228112,0.4304558,0.1241201,165.7401,-0.8924628,-0.1237683,0.4338104,14.89289,0,0,0,0,0,0,0,0,0,1,0,0,0.3609447,False,True,False,0.02632992,0.9711335,0.249851,1.003105,0.5813786,-0.5376225,0.1560097,0.5904423,107.6232,0.7203483,-0.6661329,0.1933014,0.02367008,0.02886647,0.05014902,0.06251776,-0.07269013,0.3207168,0.8031791,0.4967498,120.4296,-0.08375464,0.3695346,0.9254348,0.006852135,1.101792,-0.03677696,1.102427,0.03097724,0.0286682,-0.001031319,0.9991084,4.839235,0.7337452,0.6790518,-0.02442843,False
1773055717217,7.957032,0.06423797,0.8572499,0.1979424,0.882148,0.1586073,-0.3407144,-0.9123719,0.1622804,161.3214,0.1607379,-0.3452913,-0.9246281,0.0467188,0.9792287,0.2365279,1.008473,0.02452496,0.9882308,0.2565652,1.021287,0.006676678,0.9784522,0.2330316,1.005841,-0.04289242,-0.06838429,0.110438,0.1367944,-0.02945318,-0.06533569,0.1405108,0.1577325,-0.003847197,-0.07826582,0.1242789,0.1469203,-0.04444564,-0.06794702,0.110112,0.1368096,-0.02982897,-0.0645692,0.1417265,0.1585729,-0.003828094,-0.07795472,0.1252015,0.1475365,-0.02590401,-0.07087784,0.1231443,0.1444271,-0.006076177,0.5747225,-0.2041602,0.7924492,75.17002,-0.009961959,0.942264,-0.3347229,5.801818,-0.02091649,-0.05363103,0.1172137,0.1305865,0.5412442,0.6710624,0.4523563,0.2282628,153.6104,0.5559207,0.6892591,0.4646226,0.5157803,True,True,False,-0.1042774,0.5951734,0.1249615,0.6170255,-0.09694266,-0.2322731,-0.3244507,-0.9118021,311.5112,-0.2360829,-0.5656508,-0.7901295,0.01394211,0.5830582,0.1800407,0.6103817,0.01047747,0.5481164,0.2135909,0.5883557,-0.03607684,0.56055,0.1689393,0.5865649,0.05614023,-0.05923997,0.1122151,0.1387563,0.01725194,-0.07412034,0.1424329,0.1614886,0.009085735,-0.05250242,0.07678881,0.09346431,0.05615817,-0.05920144,0.1122378,0.1387656,0.01724818,-0.07417996,0.142323,0.1614187,0.009097354,-0.05243604,0.07672859,0.09337868,0.02347308,-0.06148037,0.107738,0.126247,-0.8855414,-0.12252,0.4306288,0.1239521,165.7595,-0.8924236,-0.1234722,0.4339756,14.89219,0,0,0,0,0,0,0,0,0,1,0,0,0.3613233,False,True,False,0.02616949,0.9710209,0.2497822,1.002974,0.5817958,-0.5360802,0.1558646,0.5914711,107.4771,0.721539,-0.6648428,0.1933022,0.02383051,0.02897906,0.05021778,0.06268576,-0.07141934,0.3202645,0.8026953,0.4980063,120.2636,-0.08235878,0.36932,0.9256457,0.006659348,1.101816,-0.03677625,1.102449,0.03103889,0.02847191,-0.0004744846,0.9991125,4.828221,0.736883,0.6759413,-0.01126457,False
1773055717230,7.970542,0.06427209,0.857337,0.1979482,0.8822364,0.1506968,-0.3401501,-0.9123664,0.1708097,160.3302,0.1529445,-0.3452235,-0.9259745,0.04577162,0.979242,0.236246,1.008376,0.02437732,0.9880833,0.2563938,1.021098,0.006320905,0.9779593,0.2332947,1.005421,-0.04236715,-0.06855021,0.1105135,0.1367748,-0.02932329,-0.06559649,0.1401458,0.1574916,-0.003852517,-0.07842805,0.1238276,0.1466256,-0.04402313,-0.06806951,0.1101936,0.1367996,-0.02972628,-0.06477831,0.1414032,0.1583501,-0.003833056,-0.07805117,0.1249223,0.1473508,-0.02561481,-0.07103029,0.1230552,0.1443745,-0.004603801,0.576564,-0.203263,0.7913513,75.37605,-0.007530405,0.9430817,-0.3324759,5.689055,-0.02064349,-0.053775,0.1171297,0.1305269,0.542055,0.6706803,0.452526,0.2271231,153.7445,0.5566011,0.6886781,0.4646696,0.5326679,True,True,False,-0.1042233,0.5952368,0.1249619,0.6170776,-0.09705491,-0.2321778,-0.3244993,-0.9117971,311.5098,-0.2363498,-0.5654035,-0.7902263,0.01398969,0.5831061,0.1800442,0.6104296,0.01052821,0.5481678,0.2136277,0.5884179,-0.03601725,0.5605919,0.1689422,0.5866021,0.05614059,-0.05924325,0.1122091,0.1387531,0.01724897,-0.07410106,0.1424701,0.1615123,0.009083731,-0.05251446,0.07679879,0.09347907,0.0561546,-0.05920994,0.112232,0.138763,0.01724834,-0.07416394,0.1423528,0.1614377,0.009094588,-0.05245197,0.07674284,0.09339906,0.02347052,-0.06148628,0.1077601,0.1262682,-0.8855234,-0.1222367,0.4307948,0.1237836,165.779,-0.8923866,-0.123184,0.4341336,14.89261,0,0,0,0,0,0,0,0,0,1,0,0,0.3617556,False,True,False,0.02603011,0.9708987,0.2496815,1.002827,0.5821716,-0.5344352,0.1559931,0.5925552,107.3229,0.7227188,-0.6634579,0.1936528,0.02396989,0.02910125,0.05031852,0.06287601,-0.07016059,0.3200108,0.802038,0.4994056,120.0786,-0.08098239,0.3693703,0.9257469,0.006416019,1.101837,-0.03668933,1.102467,0.03092234,0.02825635,6.16965E-05,0.9991223,4.801391,0.7382194,0.6745735,0.001472902,False
1773055717244,7.98446,0.06431001,0.8574324,0.1979544,0.8823333,0.1424886,-0.3395846,-0.9122243,0.1795164,159.3168,0.1448416,-0.3451923,-0.9272881,0.04478963,0.9792457,0.2359659,1.00827,0.02423684,0.9879425,0.2562067,1.020911,0.005986728,0.9774572,0.2335406,1.004987,-0.04180418,-0.06872772,0.1105901,0.1367526,-0.02918784,-0.06586452,0.1397676,0.157242,-0.003858203,-0.07860046,0.1233386,0.1463056,-0.04356157,-0.06820633,0.1102761,0.1367865,-0.02961437,-0.06500437,0.1410604,0.1581158,-0.003838287,-0.07816567,0.124593,0.1471327,-0.02529892,-0.0711998,0.1229539,0.144316,-0.00291564,0.5787804,-0.2022991,0.7899873,75.63137,-0.004755388,0.9439868,-0.3299483,5.572019,-0.02034531,-0.05393497,0.1170341,0.1304603,0.5430818,0.6702225,0.452669,0.2257324,153.9081,0.5574704,0.6879796,0.4646621,0.5507857,True,True,False,-0.1041666,0.5952983,0.1249658,0.6171283,-0.09717169,-0.2320834,-0.3245497,-0.9117908,311.508,-0.2366261,-0.5651542,-0.790322,0.01404027,0.5831532,0.1800507,0.6104777,0.0105821,0.5482169,0.2136686,0.5884794,-0.03595471,0.5606316,0.1689475,0.5866377,0.05614182,-0.0592455,0.1122032,0.1387498,0.01724535,-0.07408123,0.1425088,0.161537,0.009081813,-0.05252684,0.07680839,0.09349372,0.05615195,-0.05921733,0.112226,0.1387603,0.01724772,-0.07414675,0.1423853,0.1614583,0.009091933,-0.05246754,0.07675646,0.09341874,0.02346798,-0.06149161,0.1077835,0.1262903,-0.8855063,-0.1219454,0.4309641,0.1236036,165.7998,-0.8923492,-0.1228877,0.4342945,14.89412,0,0,0,0,0,0,0,0,0,1,0,0,0.3621309,False,True,False,0.0257065,0.9707513,0.2497858,1.002702,0.5847943,-0.5254441,0.1555258,0.5981103,106.5306,0.7297033,-0.6556465,0.1940643,0.0242935,0.02924865,0.0502142,0.06298511,-0.06329893,0.3173948,0.7989707,0.5068528,119.0912,-0.07342984,0.3681934,0.9268449,0.006247655,1.101862,-0.03668749,1.102491,0.03080404,0.02804207,0.0004084348,0.9991319,4.775067,0.7394507,0.6731496,0.009804475,False
1773055717258,7.998516,0.06435144,0.8575356,0.1979609,0.8824381,0.1351671,-0.3390974,-0.9119833,0.1871614,158.4257,0.1375985,-0.3451973,-0.9283887,0.0438558,0.9792447,0.2357142,1.008169,0.02412087,0.9878284,0.2559614,1.020737,0.005741931,0.9770099,0.2336745,1.004582,-0.04121985,-0.06891051,0.1106657,0.1367283,-0.02904541,-0.06614444,0.1393702,0.1569802,-0.00386419,-0.07878125,0.1228157,0.1459627,-0.04306953,-0.06835396,0.1103579,0.1367703,-0.02949512,-0.06524321,0.140703,0.1578732,-0.003843717,-0.07829489,0.1242199,0.1468858,-0.02496258,-0.07138266,0.122841,0.1442516,-0.001025617,0.5813452,-0.2012757,0.7883685,75.93339,-0.001667119,0.9449644,-0.3271694,5.4525,-0.02002781,-0.05410761,0.1169275,0.1303871,0.5443174,0.6696913,0.4527813,0.2241021,154.0999,0.558523,0.6871689,0.4645979,0.5691395,True,True,False,-0.1041074,0.5953583,0.1249732,0.6171775,-0.09729294,-0.2319899,-0.324602,-0.9117831,311.5059,-0.2369115,-0.5649029,-0.7904165,0.01409351,0.5831997,0.1800601,0.6105261,0.01063886,0.5482638,0.2137137,0.5885405,-0.03588939,0.5606692,0.1689554,0.5866719,0.05614384,-0.05924672,0.1121973,0.1387463,0.01724114,-0.07406078,0.1425489,0.1615625,0.009079958,-0.05253946,0.07681771,0.0935083,0.05615025,-0.0592235,0.11222,0.1387573,0.01724634,-0.07412873,0.1424196,0.1614802,0.009089425,-0.05248261,0.07676929,0.0934375,0.02346555,-0.06149634,0.1078077,0.1263129,-0.88549,-0.1216525,0.4311346,0.1234145,165.8216,-0.8923115,-0.1225897,0.4344559,14.89665,0,0,0,0,0,0,0,0,0,1,0,0,0.36248,False,True,False,0.02537911,0.9706059,0.2498776,1.002576,0.5873301,-0.5162519,0.1552642,0.6036725,105.7332,0.7367113,-0.6475551,0.194754,0.02462089,0.02939409,0.05012245,0.06310675,-0.05639994,0.3148896,0.7956463,0.5144033,118.0848,-0.06576882,0.3671975,0.9278151,0.005940001,1.101883,-0.03653575,1.102505,0.03068223,0.02766191,0.001075468,0.9991458,4.736711,0.7424797,0.6693909,0.02602528,False
1773055717272,8.012391,0.06461965,0.858612,0.1979297,0.8834967,0.09386644,-0.3426148,-0.9037354,0.2388862,152.3584,0.09666513,-0.3528301,-0.9306809,0.03836072,0.9800094,0.2329055,1.008035,0.02156394,0.9883771,0.2547732,1.020913,0.002133787,0.974957,0.2339568,1.002637,-0.03986855,-0.06934815,0.1108451,0.1366942,-0.02895512,-0.06627358,0.1391873,0.1568557,-0.003899198,-0.07922568,0.1213964,0.1450138,-0.04240179,-0.06856047,0.1104591,0.1367467,-0.02938304,-0.06545702,0.1403855,0.1576581,-0.00385523,-0.07848807,0.1236316,0.1464924,-0.024519,-0.07159986,0.1227509,0.1442065,0.001194929,0.5855862,-0.2005713,0.7854033,76.484,0.001930468,0.9460439,-0.324033,5.34,-0.01960908,-0.05431265,0.1168424,0.1303324,0.5469639,0.6689217,0.4521993,0.2211117,154.4513,0.5608456,0.6858987,0.4636759,0.7241359,True,True,False,-0.1041911,0.5953702,0.125016,0.6172118,-0.09746157,-0.2320038,-0.32462,-0.9117551,311.4981,-0.2372862,-0.5648512,-0.7903407,0.01402414,0.5832144,0.1800679,0.6105409,0.01057269,0.5482547,0.213753,0.5885451,-0.0359661,0.5606651,0.1689803,0.5866799,0.05616945,-0.05923686,0.112187,0.1387441,0.01724123,-0.07404675,0.1425773,0.1615812,0.009079583,-0.05253982,0.07682103,0.09351119,0.05615423,-0.05922627,0.1122132,0.1387546,0.01724528,-0.07411172,0.1424523,0.1615011,0.009087385,-0.05249448,0.07678002,0.09345278,0.02346589,-0.06149919,0.1078306,0.1263338,-0.8854609,-0.1213957,0.431317,0.1232393,165.8418,-0.8922626,-0.1223282,0.4346302,14.90149,0,0,0,0,0,0,0,0,0,1,0,0,0.362193,False,True,False,0.02506413,0.9704859,0.2499177,1.002462,0.5893766,-0.5082614,0.1554626,0.6083888,105.0538,0.7426255,-0.6404188,0.1958857,0.02493587,0.02951407,0.05008233,0.06325439,-0.05059943,0.3130379,0.7924824,0.5209786,117.2042,-0.05927978,0.3667397,0.9284331,0.005636345,1.101899,-0.03646411,1.102517,0.03086514,0.02729526,0.001586304,0.9991496,4.726286,0.7485536,0.6619755,0.03847168,False
1773055717286,8.026322,0.06502815,0.8602443,0.1978825,0.8851025,0.06552657,-0.3440857,-0.895919,0.2732041,148.29,0.06811805,-0.3576938,-0.9313513,0.03466569,0.9810508,0.2314789,1.008586,0.02002808,0.9894882,0.2540455,1.021777,0.0001377612,0.9741979,0.2342305,1.001961,-0.03882091,-0.06964657,0.1110026,0.1366722,-0.0288534,-0.06643064,0.1389694,0.15671,-0.003931022,-0.07954463,0.1201579,0.1441552,-0.04165016,-0.06878699,0.1105724,0.1367211,-0.02927271,-0.06565987,0.1400877,0.1574569,-0.003871007,-0.07870783,0.1229034,0.1459971,-0.02402687,-0.07182852,0.1226614,0.1441612,0.003797883,0.591153,-0.1998394,0.7814013,77.22189,0.006086069,0.9473168,-0.3202407,5.230069,-0.01914453,-0.05452847,0.116758,0.1302777,0.5507566,0.6679435,0.4510986,0.2168614,154.9505,0.5641828,0.6842264,0.4620953,0.7988978,True,True,False,-0.1042798,0.5953783,0.1250635,0.6172442,-0.09763883,-0.2320297,-0.324636,-0.9117239,311.4893,-0.2376776,-0.5648189,-0.790246,0.01395211,0.5832279,0.1800759,0.6105545,0.010504,0.5482405,0.2137931,0.5885453,-0.03604758,0.5606577,0.1690071,0.5866855,0.05619837,-0.05922496,0.1121762,0.138742,0.01724123,-0.07403296,0.1426057,0.1615999,0.009079413,-0.05253903,0.07682342,0.09351269,0.05616342,-0.059226,0.1122055,0.138752,0.01724444,-0.07409533,0.1424842,0.1615217,0.009085727,-0.05250375,0.07678905,0.09346525,0.02346874,-0.06150045,0.1078528,0.1263539,-0.8854195,-0.1211674,0.4315136,0.1230726,165.8611,-0.8922024,-0.1220957,0.4348193,14.90852,0,0,0,0,0,0,0,0,0,1,0,0,0.361953,False,True,False,0.02273769,0.9708194,0.2493294,1.002583,0.601015,-0.4527169,0.1583849,0.6393298,100.5163,0.7816224,-0.5887601,0.2059802,0.02726231,0.02918059,0.05067059,0.06451549,-0.01124804,0.3015973,0.7681163,0.5647211,111.2341,-0.01362933,0.3654477,0.9307322,0.005238323,1.101883,-0.03642499,1.102497,0.0309688,0.02649728,0.001879402,0.9991673,4.676662,0.7590394,0.6494434,0.0460638,False
1773055717300,8.040347,0.0667017,0.8641317,0.1968552,0.8887771,0.03291732,-0.3466543,-0.8845575,0.310331,143.8417,0.0346269,-0.3646579,-0.9304975,0.03193006,0.9839776,0.2295143,1.010895,0.0197136,0.9929735,0.252166,1.024682,-0.0005275607,0.9754718,0.2337139,1.003079,-0.03750959,-0.06945018,0.1115443,0.1366471,-0.02877278,-0.06645741,0.1389091,0.1566531,-0.003972085,-0.07961398,0.1189727,0.1432084,-0.0407735,-0.0689261,0.1107763,0.1366919,-0.02916798,-0.06582702,0.1398385,0.1572857,-0.003892159,-0.07889748,0.1220723,0.1454015,-0.02345955,-0.07200731,0.1226224,0.1441237,0.008085187,0.5984724,-0.1986167,0.7760908,78.19193,0.01282099,0.9490205,-0.314954,5.107417,-0.01860899,-0.05469725,0.1167211,0.1302378,0.5566204,0.6659316,0.449949,0.2103686,155.7121,0.5693614,0.6811748,0.4602483,0.8974981,True,True,False,-0.1043097,0.5954502,0.1251159,0.6173292,-0.09782994,-0.2320686,-0.3246948,-0.9116726,311.475,-0.2380769,-0.5647574,-0.7901704,0.0139383,0.583301,0.1800883,0.6106277,0.01049785,0.5482935,0.2138223,0.588605,-0.03607316,0.5607251,0.1690316,0.5867586,0.05621487,-0.0592197,0.1121676,0.1387395,0.01724054,-0.07402324,0.1426231,0.1616108,0.009079851,-0.05252952,0.07681856,0.0935034,0.05617418,-0.05922468,0.1121975,0.1387494,0.01724362,-0.07408025,0.1425133,0.1615403,0.009084499,-0.05250914,0.07679522,0.09347323,0.02347216,-0.06150004,0.107872,0.1263707,-0.8853799,-0.1209589,0.4316922,0.1229365,165.8768,-0.8921472,-0.1218834,0.4349918,14.91632,0,0,0,0,0,0,0,0,0,1,0,0,0.3612567,False,True,False,0.02125479,0.9717624,0.2490675,1.003399,0.6078858,-0.4151263,0.1622273,0.6571358,97.83641,0.8064582,-0.5507317,0.2152206,0.02874521,0.02823758,0.05093251,0.06494435,0.012741,0.2943629,0.7492426,0.5931474,107.2386,0.01582548,0.3656256,0.9306276,0.004939348,1.101884,-0.03646988,1.102499,0.03093369,0.02609085,0.002759756,0.999177,4.649295,0.7626294,0.6432355,0.06803814,False
1773055717314,8.054047,0.06818791,0.8675867,0.1959467,0.892049,0.01117182,-0.3476805,-0.8758111,0.3345869,140.9052,0.01185509,-0.3689447,-0.9293758,0.03034203,0.9864832,0.2284735,1.01305,0.01981404,0.9960253,0.2508498,1.027319,-0.0004058406,0.9769121,0.2330746,1.004331,-0.03634773,-0.06924486,0.1119952,0.1365977,-0.0286464,-0.06648266,0.1388564,0.1565939,-0.004016363,-0.07965928,0.1178065,0.1422677,-0.03985054,-0.06899174,0.1110275,0.1366566,-0.02906069,-0.06596197,0.1396347,0.1571411,-0.003917674,-0.07905408,0.1211839,0.1447427,-0.02287526,-0.07214022,0.1226048,0.1440813,0.01360774,0.6070438,-0.1970568,0.7697281,79.34105,0.02131633,0.9509251,-0.3086865,4.980385,-0.01805743,-0.05482272,0.1167045,0.1301981,0.5641006,0.663018,0.4487213,0.2021065,156.6797,0.5759869,0.6769887,0.4581764,0.9563393,True,True,False,-0.1043406,0.5955224,0.1251724,0.6174156,-0.09802967,-0.2321188,-0.3247567,-0.9116162,311.4593,-0.2384905,-0.5647078,-0.7900808,0.01392536,0.5833761,0.1801013,0.6107029,0.01049305,0.5483462,0.2138505,0.5886644,-0.03609991,0.5607945,0.1690572,0.586834,0.05623259,-0.0592135,0.1121589,0.138737,0.01723983,-0.07401408,0.142639,0.1616205,0.009080534,-0.05251799,0.0768121,0.09349168,0.05618617,-0.05922239,0.1121896,0.1387468,0.01724284,-0.07406666,0.1425391,0.1615568,0.009083685,-0.05251095,0.07679868,0.09347701,0.02347606,-0.06149814,0.1078881,0.1263843,-0.8853427,-0.1207734,0.4318506,0.1228305,165.889,-0.8920979,-0.1216949,0.4351456,14.92463,0,0,0,0,0,0,0,0,0,1,0,0,0.3606707,False,True,False,0.02099463,0.9749861,0.2476889,1.006175,0.6127393,-0.3734398,0.1684255,0.6758152,94.96503,0.8313165,-0.5066537,0.2285064,0.02900537,0.02501386,0.05231109,0.06483406,0.0388501,0.2884411,0.7260318,0.6230332,102.9241,0.04966802,0.3687583,0.9281975,0.004649586,1.101899,-0.0365232,1.102514,0.03072574,0.02587755,0.003511214,0.9991866,4.622105,0.76196,0.6417308,0.08707372,False
1773055717328,8.067944,0.07103261,0.8728632,0.1934244,0.896855,-0.03139728,-0.3469969,-0.8555228,0.3829989,134.9609,-0.03398899,-0.3756399,-0.9261423,0.02846297,0.9901425,0.2258907,1.015982,0.01924974,0.9996769,0.2485781,1.030299,0.0005872622,0.9767284,0.2314974,1.003788,-0.03594437,-0.06881469,0.1123598,0.136573,-0.02778658,-0.0664367,0.1388683,0.1564299,-0.004235368,-0.07880732,0.1143411,0.1389332,-0.03902456,-0.06895488,0.1113055,0.1366258,-0.02879531,-0.06606083,0.1394738,0.1569909,-0.003983698,-0.0790028,0.1197347,0.1435051,-0.0223208,-0.07213259,0.1224355,0.1438464,0.01937412,0.6220773,-0.1922221,0.7587457,81.2925,0.02974288,0.9550045,-0.2950968,4.867433,-0.01753403,-0.05481549,0.1165446,0.1299801,0.5771893,0.6600977,0.444933,0.1820946,159.0164,0.5870034,0.6713215,0.4524983,1.214324,True,True,False,-0.1043972,0.5955577,0.1251919,0.6174632,-0.0983234,-0.2321489,-0.3248429,-0.9115462,311.4398,-0.2391147,-0.5645677,-0.7899921,0.01388423,0.5833836,0.1800748,0.6107014,0.01046697,0.5483479,0.2138276,0.5886571,-0.03615496,0.5608268,0.1690415,0.5868636,0.05623244,-0.05922056,0.1121516,0.1387341,0.01724293,-0.07400426,0.1426542,0.1616297,0.009082093,-0.05249601,0.07680745,0.09347567,0.05619578,-0.05922201,0.1121817,0.1387442,0.01724286,-0.0740537,0.142563,0.1615719,0.009083354,-0.05250785,0.0768005,0.09347673,0.02347866,-0.06149461,0.1079018,0.1263947,-0.8853174,-0.1205695,0.431975,0.1227749,165.8954,-0.8920663,-0.1214886,0.435268,14.93199,0,0,0,0,0,0,0,0,0,1,0,0,0.360177,False,True,False,0.02105769,0.977805,0.2467622,1.008681,0.6156654,-0.3474899,0.176663,0.6848336,93.55496,0.8448825,-0.4768631,0.2424361,0.02894231,0.02219498,0.05323783,0.06453325,0.05148615,0.2869346,0.7088138,0.64234,100.0669,0.06717748,0.3743831,0.9248376,0.0043796,1.10193,-0.0365423,1.102544,0.03065988,0.02551037,0.004230116,0.9991953,4.597309,0.7644288,0.6360384,0.1054676,False
1773055717342,8.081782,0.07322063,0.8769588,0.191508,0.9006072,-0.05700803,-0.3458511,-0.8414532,0.4112101,131.4383,-0.0625403,-0.3794138,-0.923111,0.02780316,0.99299,0.2244423,1.018419,0.01945569,1.00255,0.2470391,1.032721,0.001998164,0.9773555,0.2301895,1.004099,-0.03541566,-0.06846547,0.1126905,0.1365319,-0.02712455,-0.06640306,0.1387825,0.1562233,-0.004377249,-0.07820391,0.1120192,0.1366869,-0.03826238,-0.06885341,0.1115938,0.1365943,-0.02844799,-0.06613186,0.1393292,0.156829,-0.00406524,-0.07883745,0.1180963,0.1420514,-0.02178195,-0.07205319,0.1221905,0.1435153,0.02515402,0.6399904,-0.18611,0.7450789,83.66825,0.03771351,0.9595399,-0.2790354,4.758955,-0.01702539,-0.05474058,0.1163134,0.1296735,0.5923421,0.6570209,0.4391804,0.1567654,161.9616,0.5997575,0.6652459,0.4446783,1.256903,True,True,False,-0.1044561,0.5955909,0.1252126,0.6175094,-0.09863561,-0.2321858,-0.3249345,-0.9114705,311.4187,-0.2397761,-0.5644269,-0.7898926,0.01384201,0.5833865,0.1800464,0.6106948,0.01044104,0.5483454,0.2138001,0.5886443,-0.03621285,0.5608584,0.1690242,0.5868924,0.05623095,-0.05922864,0.1121447,0.1387313,0.01724646,-0.07399481,0.1426682,0.1616381,0.00908392,-0.05247106,0.07680184,0.09345723,0.05620306,-0.05922338,0.112174,0.1387415,0.01724361,-0.07404151,0.1425848,0.1615856,0.009083471,-0.05250024,0.07680078,0.09347269,0.02348003,-0.06148962,0.1079129,0.1264021,-0.8853035,-0.1203521,0.4320664,0.1227666,165.8964,-0.8920515,-0.1212695,0.4353597,14.93837,0,0,0,0,0,0,0,0,0,1,0,0,0.359747,False,True,False,0.02155504,0.981504,0.2448441,1.011812,0.6256837,-0.2901985,0.1941803,0.6975663,91.53585,0.8732255,-0.4050109,0.2710047,0.02844496,0.01849598,0.05515595,0.06475643,0.07306673,0.2788076,0.6695798,0.6845368,93.60163,0.1002317,0.3824635,0.9185181,0.004123877,1.101952,-0.03657309,1.102567,0.0305026,0.02534751,0.005224841,0.9991996,4.585202,0.7625161,0.633647,0.1306126,False
1773055717355,8.095671,0.07485093,0.8796428,0.1899971,0.9030354,-0.1081156,-0.3482895,-0.8124365,0.4549202,125.8804,-0.1214056,-0.3911027,-0.9123044,0.02479514,0.9936765,0.2223077,1.018542,0.01932647,1.004088,0.2437474,1.033431,0.002740227,0.976959,0.2302294,1.003724,-0.03349888,-0.06867998,0.1128602,0.1362958,-0.0263741,-0.06656783,0.1376761,0.1551825,-0.004461,-0.07770318,0.1105547,0.1352037,-0.03725047,-0.06881736,0.1118584,0.1365128,-0.0280149,-0.06622262,0.1389822,0.1564811,-0.004147495,-0.07860193,0.1164819,0.1405827,-0.02113031,-0.07198305,0.1218685,0.1431082,0.03029614,0.6578028,-0.1798936,0.7307639,86.09906,0.04438147,0.9636297,-0.2635301,4.58078,-0.01641028,-0.05467436,0.1160094,0.1292934,0.6067837,0.6539346,0.4324342,0.1310884,164.935,0.6120653,0.6596267,0.4361982,1.253666,True,True,False,-0.1045154,0.5954735,0.1252223,0.6174081,-0.09888501,-0.2321645,-0.3250325,-0.9114138,311.403,-0.2403092,-0.5642035,-0.7898901,0.01379669,0.583249,0.1800156,0.6105533,0.01039677,0.5481949,0.2137767,0.5884948,-0.03628507,0.5607509,0.1690002,0.5867872,0.05624043,-0.05924059,0.1121304,0.1387288,0.01724494,-0.07398985,0.1426738,0.1616406,0.00908858,-0.05243911,0.07678363,0.09342477,0.05621081,-0.05922695,0.112165,0.1387389,0.01724388,-0.07403078,0.1426033,0.1615971,0.009084531,-0.05248755,0.07679722,0.09346275,0.02348127,-0.06148336,0.1079203,0.1264055,-0.8852983,-0.1201167,0.4321298,0.1228117,165.8912,-0.8920511,-0.1210329,0.435426,14.94517,0,0,0,0,0,0,0,0,0,1,0,0,0.3590077,False,True,False,0.02241243,0.9843539,0.2434698,1.014264,0.6356013,-0.2574351,0.2160913,0.6950127,91.94354,0.8840106,-0.3580474,0.3005452,0.02758757,0.0156461,0.05653024,0.06481931,0.0718836,0.2771816,0.6402926,0.7127612,89.07996,0.1024849,0.3951795,0.9128692,0.003898858,1.101965,-0.0366152,1.10258,0.03051234,0.02534773,0.005555361,0.9991975,4.591174,0.761767,0.6328281,0.1386944,False
1773055717370,8.109654,0.07618167,0.8818893,0.1887854,0.9050813,-0.1366817,-0.3485045,-0.7939801,0.4790182,122.7574,-0.1557086,-0.3970181,-0.9045062,0.0231524,0.9941487,0.2216898,1.01883,0.01945554,1.00518,0.2417472,1.034025,0.003955036,0.9769056,0.2297161,1.003559,-0.031629,-0.06881665,0.1130365,0.1360639,-0.02572623,-0.06667674,0.1367843,0.1543294,-0.004546206,-0.07718487,0.1090313,0.1336638,-0.03604555,-0.06881721,0.112106,0.1363923,-0.02753353,-0.06631769,0.1385177,0.1560234,-0.004230835,-0.0783057,0.1148709,0.1390863,-0.0204049,-0.07190631,0.1214938,0.1426451,0.03525148,0.6762109,-0.173315,0.7151631,88.68687,0.05043435,0.9674562,-0.2479621,4.356266,-0.01572547,-0.0546019,0.1156558,0.1288601,0.6212305,0.6504275,0.4245133,0.1039499,168.0667,0.6246144,0.6539704,0.4268255,1.252928,True,True,False,-0.1045768,0.5953444,0.1252322,0.617296,-0.09914106,-0.2321412,-0.3251357,-0.9113552,311.3866,-0.2408553,-0.5639686,-0.7898914,0.01375026,0.5830991,0.1799831,0.6103995,0.01035003,0.5480312,0.2137505,0.588332,-0.03636219,0.5606353,0.1689742,0.586674,0.05625058,-0.05925424,0.1121151,0.1387263,0.01724291,-0.07398606,0.1426769,0.1616414,0.009093979,-0.05240297,0.07676218,0.09338738,0.05621911,-0.05923264,0.1121546,0.1387362,0.01724368,-0.07402144,0.1426187,0.1616063,0.009086502,-0.0524699,0.07678992,0.09344702,0.02348241,-0.06147586,0.1079239,0.1264052,-0.8853014,-0.1198632,0.4321665,0.1229085,165.88,-0.8920649,-0.120779,0.4354682,14.95243,0,0,0,0,0,0,0,0,0,1,0,0,0.3585517,False,True,False,0.02317096,0.9863814,0.2415027,1.01578,0.6425334,-0.1943889,0.2308579,0.7043213,90.45052,0.9051279,-0.2738329,0.3252064,0.02682905,0.01361865,0.05849729,0.06578144,0.09558231,0.2647268,0.5953023,0.7525948,82.3687,0.1451551,0.4020248,0.9040501,0.003690819,1.101975,-0.03665537,1.102591,0.03061503,0.02545066,0.006052928,0.9991888,4.615834,0.7602462,0.6320024,0.1503091,False
1773055717383,8.123614,0.0773596,0.8839166,0.1877278,0.9069371,-0.1558087,-0.3480852,-0.78064,0.495138,120.6423,-0.1793349,-0.4006439,-0.8985118,0.02228147,0.9946706,0.2215839,1.019297,0.01974658,1.006188,0.240317,1.034677,0.005265497,0.9770191,0.2289925,1.00351,-0.02998066,-0.06884408,0.1132173,0.1358547,-0.02518297,-0.06675031,0.1360755,0.1536435,-0.004626914,-0.07668076,0.1075638,0.1321791,-0.03474253,-0.06882282,0.1123394,0.1362489,-0.02703898,-0.06640815,0.1380016,0.1555172,-0.004313532,-0.07796597,0.1132865,0.1375905,-0.01965765,-0.07181632,0.1210824,0.1421441,0.0402968,0.6953263,-0.1663843,0.6980071,91.46534,0.0562733,0.9710028,-0.2323508,4.108734,-0.0150201,-0.05451698,0.1152674,0.1283911,0.6358968,0.6461251,0.4153423,0.07515994,171.3792,0.6377004,0.6479577,0.4165204,1.250495,True,True,False,-0.10464,0.5952046,0.1252424,0.617174,-0.09940349,-0.2321157,-0.325244,-0.9112945,311.3697,-0.241414,-0.5637225,-0.7898963,0.01370265,0.5829377,0.1799495,0.6102343,0.01030106,0.5478553,0.2137218,0.5881569,-0.03644334,0.5605115,0.1689468,0.5865529,0.05626113,-0.05926928,0.112099,0.138724,0.01724054,-0.07398321,0.142678,0.1616408,0.009100053,-0.05236354,0.07673826,0.09334619,0.05622786,-0.05924028,0.112143,0.1387337,0.01724303,-0.07401347,0.142631,0.1616135,0.009089325,-0.05244774,0.07677916,0.09342601,0.02348345,-0.06146723,0.1079242,0.1264014,-0.8853121,-0.1195947,0.4321777,0.1230529,165.8633,-0.8920919,-0.1205106,0.4354874,14.96007,0,0,0,0,0,0,0,0,0,1,0,0,0.3596707,False,True,False,0.02385486,0.9877836,0.2402948,1.016871,0.6518543,-0.1598818,0.2484154,0.6984366,91.39658,0.9108284,-0.223401,0.3471079,0.02614514,0.01221645,0.0597052,0.0663138,0.09465248,0.2581722,0.5648263,0.7780485,77.83553,0.1506715,0.4109685,0.8991122,0.003505323,1.101989,-0.03669685,1.102605,0.03032673,0.02548553,0.006656864,0.999193,4.604116,0.7550043,0.6344795,0.1657271,False
1773055717398,8.137454,0.07903489,0.887123,0.1835451,0.9093528,-0.1898424,-0.3552321,-0.7562741,0.5155769,117.928,-0.2215603,-0.4145824,-0.8826283,0.02115992,0.9963647,0.2164538,1.019825,0.02010848,1.00943,0.233296,1.036234,0.006506301,0.9799767,0.2245367,1.005392,-0.0275619,-0.06916849,0.1132375,0.1355237,-0.0243885,-0.06708279,0.1355247,0.1531726,-0.004618122,-0.0766937,0.1075242,0.1321541,-0.03320336,-0.06889446,0.1125268,0.1360558,-0.02648411,-0.06654831,0.1374811,0.1550198,-0.004376702,-0.07770153,0.1120426,0.1364193,-0.01890032,-0.07177311,0.1207839,0.1417651,0.04632362,0.7112558,-0.1609112,0.6826982,93.89029,0.06339619,0.9733891,-0.2202151,3.827654,-0.01430523,-0.05447619,0.1149856,0.128039,0.6490763,0.6401618,0.4077957,0.05095408,174.1586,0.6499203,0.6409942,0.408326,1.240006,True,True,False,-0.1046341,0.5951591,0.1252996,0.6171407,-0.09948374,-0.2321515,-0.3253123,-0.9112522,311.3579,-0.2415541,-0.5636814,-0.789883,0.01372442,0.5828902,0.1799677,0.6101949,0.01031663,0.5478039,0.2137551,0.5881214,-0.03644469,0.5604872,0.168982,0.5865399,0.05627001,-0.05928763,0.1120826,0.1387222,0.01723251,-0.0739843,0.1426726,0.1616357,0.009104331,-0.0523403,0.07672163,0.09331991,0.05623658,-0.05925008,0.1121305,0.1387313,0.01724085,-0.07400744,0.1426397,0.1616181,0.00909243,-0.0524255,0.07676726,0.09340405,0.02348448,-0.06145964,0.1079222,0.1263962,-0.8853234,-0.1193258,0.4321821,0.1232172,165.8444,-0.8921216,-0.1202421,0.4355007,14.96744,0,0,0,0,0,0,0,0,0,1,0,0,0.3598382,False,True,False,0.02453538,0.9889019,0.239419,1.017767,0.6629624,-0.1379335,0.2676531,0.685432,93.46082,0.9104918,-0.1894335,0.3675864,0.02546462,0.01109815,0.060581,0.06664588,0.08210614,0.2540715,0.5406833,0.7977266,74.17289,0.1361584,0.4213324,0.896627,0.003358095,1.102023,-0.0367615,1.102642,0.03029863,0.02550399,0.007422601,0.9991879,4.618546,0.7519472,0.6329546,0.1842131,False
1773055717411,8.15129,0.0806078,0.8901227,0.1799824,0.911707,-0.2131287,-0.3587277,-0.7382622,0.5299619,115.9942,-0.2513247,-0.4230172,-0.8705701,0.02066713,0.9978558,0.2130561,1.020557,0.02048954,1.011944,0.2280926,1.037534,0.007743344,0.9826128,0.2210875,1.007208,-0.02544462,-0.06940074,0.1132289,0.1352208,-0.0237061,-0.06743792,0.1348996,0.1526687,-0.004609132,-0.07670156,0.1074708,0.1321149,-0.03153291,-0.06899941,0.1126732,0.1358326,-0.02590161,-0.06673319,0.136938,0.1545193,-0.004424897,-0.0774936,0.1110549,0.1354918,-0.01816662,-0.07176432,0.1205625,0.141476,0.05370288,0.7249514,-0.1563608,0.668665,96.07178,0.07222364,0.9749686,-0.2102856,3.527228,-0.0136126,-0.05446789,0.1147766,0.1277721,0.6618189,0.6322731,0.4017083,0.02928143,176.6441,0.6621027,0.6325442,0.4018806,1.261387,True,True,False,-0.1046259,0.5951099,0.1253597,0.6171041,-0.09954793,-0.2321927,-0.3253802,-0.9112104,311.3463,-0.2416557,-0.563655,-0.7898706,0.01374929,0.5828408,0.1799884,0.6101543,0.01033384,0.5477511,0.2137909,0.5880855,-0.03644414,0.5604617,0.1690205,0.5865266,0.05627915,-0.05930753,0.1120655,0.1387206,0.01722348,-0.07398675,0.142665,0.1616292,0.009108924,-0.05231645,0.0767038,0.09329232,0.05624539,-0.05926197,0.1121171,0.1387291,0.01723726,-0.07400315,0.1426449,0.1616204,0.009095842,-0.05240292,0.07675413,0.09338093,0.02348551,-0.06145292,0.1079181,0.1263897,-0.8853356,-0.1190543,0.4321795,0.1234018,165.8231,-0.8921546,-0.1199712,0.4355082,14.97464,0,0,0,0,0,0,0,0,0,1,0,0,0.3600267,False,True,False,0.02577234,0.9924067,0.2332685,1.019779,0.6642509,-0.1015105,0.2807576,0.6853041,93.48095,0.9121104,-0.1393883,0.3855199,0.02422766,0.007593274,0.06673148,0.07139838,0.09099813,0.2490973,0.5096271,0.8185049,70.12921,0.1583954,0.4335899,0.8870796,0.003217224,1.102057,-0.03683293,1.102677,0.03000544,0.02525131,0.008116676,0.9991978,4.590322,0.7492509,0.6305379,0.2026775,False
1773055717425,8.165384,0.08152713,0.8930594,0.1781913,0.9143052,-0.245777,-0.351552,-0.7184196,0.5476113,113.5934,-0.2937341,-0.4201484,-0.8586009,0.02032558,0.9996201,0.212185,1.022094,0.02222222,1.014408,0.2274512,1.039832,0.01000025,0.9853652,0.2220312,1.01012,-0.0246151,-0.07099941,0.1122344,0.1350681,-0.02285744,-0.06765337,0.1345211,0.1523002,-0.004586681,-0.07672358,0.1074827,0.1321366,-0.0300166,-0.0694209,0.1125804,0.1356267,-0.02525266,-0.06692735,0.1364215,0.1540383,-0.004458939,-0.07733107,0.1102719,0.1347585,-0.01760351,-0.07179996,0.120407,0.1412903,0.05301668,0.7349656,-0.152896,0.6585117,97.62707,0.07044746,0.9766069,-0.203165,3.273022,-0.01308106,-0.05450152,0.1146298,0.1275991,0.6674347,0.6320499,0.3935068,0.01403501,178.3917,0.6675003,0.632112,0.3935454,1.239146,True,True,False,-0.1046762,0.5951616,0.125342,0.6171588,-0.09954215,-0.2322263,-0.325401,-0.9111951,311.3421,-0.2416217,-0.5636901,-0.789856,0.01371191,0.5828959,0.1799396,0.6101917,0.01028387,0.5478019,0.2137714,0.5881249,-0.03650451,0.5605343,0.1689883,0.5865904,0.05629181,-0.05932474,0.112048,0.1387189,0.01721012,-0.07398818,0.1426653,0.1616286,0.009113491,-0.05229862,0.07668554,0.09326775,0.05625514,-0.05927515,0.1121025,0.1387269,0.01723156,-0.07400001,0.1426492,0.1616221,0.009099547,-0.05238102,0.07673973,0.09335715,0.02348666,-0.06144731,0.1079135,0.1263832,-0.8853472,-0.1187773,0.4321781,0.123589,165.8014,-0.8921872,-0.119695,0.435517,14.98258,0,0,0,0,0,0,0,0,0,1,0,0,0.3599572,False,True,False,0.02686558,0.9952686,0.2287863,1.02158,0.6671773,-0.07840364,0.2939298,0.6799504,94.32047,0.9098806,-0.106925,0.4008546,0.02313442,0.004731357,0.07121368,0.0750265,0.0900488,0.2465125,0.4867785,0.8331684,67.1488,0.1628312,0.4457574,0.8802196,0.003100752,1.10208,-0.03694452,1.102704,0.029686,0.02505108,0.008708991,0.9992074,4.56278,0.7457501,0.6293149,0.2187809,False
1773055717439,8.179085,0.08243608,0.8956806,0.1765583,0.9166309,-0.2688705,-0.3467143,-0.702589,0.5602379,111.8555,-0.3245928,-0.4185694,-0.8481976,0.01977576,1.000916,0.2113491,1.023178,0.02346065,1.016507,0.2264847,1.041697,0.01179078,0.9878111,0.222212,1.012565,-0.0236214,-0.07247777,0.1112736,0.1348807,-0.02214592,-0.0678732,0.1341146,0.151934,-0.00453634,-0.07674395,0.1074946,0.1321564,-0.02864197,-0.07005252,0.1123108,0.1354305,-0.02460385,-0.0671226,0.135939,0.153591,-0.004474861,-0.07720987,0.1096769,0.1342029,-0.01717813,-0.07185775,0.1203363,0.1412071,0.04578402,0.7415321,-0.1501635,0.6522921,98.57072,0.06040366,0.9783162,-0.1981134,3.05909,-0.01267947,-0.05455607,0.114563,0.1275218,0.6670429,0.638234,0.3843089,0.004309541,179.5062,0.6670489,0.6382397,0.3843123,1.240029,True,True,False,-0.1047282,0.5952164,0.1253218,0.6172164,-0.09951442,-0.2322633,-0.3254155,-0.9111835,311.3388,-0.2415395,-0.5637451,-0.7898422,0.01367281,0.5829562,0.1798889,0.6102335,0.01023044,0.5478582,0.2137521,0.5881695,-0.03656725,0.5606118,0.1689549,0.5866588,0.05630503,-0.05934276,0.1120298,0.1387173,0.01719538,-0.07399045,0.1426646,0.1616276,0.009118262,-0.05228107,0.07666624,0.0932425,0.05626538,-0.05928904,0.1120876,0.138725,0.01722413,-0.07399805,0.1426523,0.1616233,0.009103389,-0.05236049,0.07672464,0.09333361,0.02348789,-0.06144294,0.1079085,0.126377,-0.8853583,-0.118506,0.4321776,0.1237723,165.7803,-0.8922189,-0.1194243,0.4355265,14.9909,0,0,0,0,0,0,0,0,0,1,0,0,0.3599624,False,True,False,0.02922571,0.9981921,0.2281232,1.024345,0.677784,-0.04159959,0.2847003,0.676627,94.83875,0.9204946,-0.05649616,0.3866498,0.02077429,0.001807868,0.07187685,0.07484064,0.1021503,0.2200914,0.4664325,0.8506268,63.44019,0.194287,0.4186078,0.8871416,0.003021508,1.102111,-0.03711906,1.10274,0.02967305,0.02489838,0.009071122,0.9992083,4.560034,0.7458737,0.6258557,0.2280154,False
1773055717453,8.1931,0.0827596,0.8992836,0.1760846,0.9200902,-0.2905876,-0.3348998,-0.6829841,0.58046,109.0342,-0.3568606,-0.4112789,-0.8387492,0.01569879,1.000772,0.2128056,1.023268,0.02359407,1.018398,0.229108,1.044117,0.01271632,0.9898351,0.2256604,1.015312,-0.02258346,-0.07642896,0.1084785,0.1346068,-0.02149957,-0.06799613,0.1338665,0.1516771,-0.004455167,-0.07673366,0.1075071,0.1321578,-0.02731356,-0.07140174,0.1115091,0.135198,-0.02394273,-0.06730627,0.1354975,0.1531762,-0.004470737,-0.07710979,0.1092044,0.1337591,-0.01700635,-0.07195312,0.1204425,0.1413254,0.01800619,0.7405301,-0.1469691,0.6555083,98.0836,0.02384332,0.9805903,-0.1946126,2.906084,-0.01251736,-0.05464611,0.1146634,0.1276345,0.6479895,0.6656383,0.3701379,0.005840689,179.3307,0.6480002,0.6656494,0.3701441,1.288753,True,True,False,-0.1046987,0.5953212,0.1253286,0.6173139,-0.09954993,-0.2322685,-0.325424,-0.9111753,311.3365,-0.2416149,-0.5637326,-0.7898277,0.01371148,0.5830474,0.1798683,0.6103154,0.01025533,0.5479515,0.2137782,0.5882663,-0.03653979,0.5607172,0.1689453,0.586755,0.05631161,-0.05936347,0.1120132,0.1387154,0.01717543,-0.07398161,0.1426852,0.1616396,0.009122117,-0.05228053,0.07665348,0.09323209,0.05627504,-0.0593046,0.112072,0.138723,0.01721396,-0.07399461,0.1426592,0.1616267,0.009107303,-0.05234377,0.07670977,0.09331239,0.02348825,-0.06144052,0.1079061,0.1263739,-0.8853736,-0.1181992,0.4321881,0.1239201,165.7632,-0.8922509,-0.1191173,0.4355451,14.9999,0,0,0,0,0,0,0,0,0,1,0,0,0.3594992,False,True,False,0.0309802,1.000819,0.2271541,1.026742,0.6877145,-0.009258994,0.2719475,0.6730584,95.3929,0.9298599,-0.0125191,0.3677007,0.0190198,-0.0008194447,0.07284595,0.07529248,0.1139387,0.1929898,0.4503129,0.8642865,60.39733,0.2265184,0.3836777,0.8952547,0.002939608,1.102113,-0.03730303,1.102748,0.02981502,0.02503111,0.009301068,0.9991987,4.587762,0.7449114,0.6253881,0.2323819,False
1773055717467,8.207136,0.08322535,0.9026793,0.1754147,0.9233237,-0.3076939,-0.3264833,-0.6668186,0.5950514,106.9674,-0.3828526,-0.4062316,-0.8296986,0.01381398,1.001657,0.2139563,1.024346,0.02404662,1.020554,0.2305098,1.046539,0.01384023,0.9921799,0.2277393,1.018076,-0.02198909,-0.07854626,0.1068402,0.1344168,-0.020955,-0.06812644,0.1336008,0.1514249,-0.004376949,-0.07671832,0.1075168,0.1321542,-0.02614333,-0.07292439,0.1105287,0.1349742,-0.02330479,-0.06747898,0.1350928,0.1527959,-0.004451079,-0.07702743,0.108837,0.1334111,-0.01694925,-0.07206059,0.1205956,0.1415037,-0.01736763,0.7334161,-0.1420694,0.6645416,96.70567,-0.02324202,0.9814854,-0.1901226,2.803108,-0.01246347,-0.05474754,0.1148079,0.1278025,0.6177705,0.7003576,0.3573022,0.01395039,178.4014,0.6178304,0.7004255,0.3573369,1.292006,True,True,False,-0.1046651,0.595432,0.1253352,0.6174164,-0.09957656,-0.2322721,-0.3254267,-0.9111705,311.3352,-0.2416734,-0.563727,-0.789814,0.01375365,0.5831439,0.1798487,0.6104028,0.01028265,0.5480512,0.2138081,0.5883704,-0.03650767,0.5608272,0.1689363,0.5868555,0.05631774,-0.0593848,0.1119963,0.1387134,0.01715419,-0.07397195,0.1427074,0.1616525,0.009125989,-0.05228213,0.07664084,0.09322298,0.05628398,-0.05932139,0.1120562,0.1387209,0.01720145,-0.07398987,0.1426693,0.1616321,0.009111213,-0.05233086,0.07669535,0.09329367,0.0234878,-0.06143994,0.1079062,0.1263736,-0.8853924,-0.1178659,0.4322082,0.1240325,165.7502,-0.8922825,-0.1187832,0.4355716,15.00933,0,0,0,0,0,0,0,0,0,1,0,0,0.359636,False,True,False,0.03169711,1.003472,0.2292636,1.029817,0.7050956,0.04941128,0.2344463,0.6674081,96.26533,0.9468284,0.06635128,0.3148231,0.0183029,-0.003471851,0.07073638,0.07314838,0.1419215,0.1339557,0.4266464,0.8831122,55.95981,0.3025,0.2855212,0.9093799,0.002887347,1.102071,-0.03748473,1.102712,0.02969549,0.024736,0.009510672,0.9992076,4.562094,0.7461008,0.6214934,0.2389561,False
1773055717480,8.220648,0.08378559,0.9058964,0.1746148,0.9263685,-0.3223371,-0.3197961,-0.6524853,0.606706,105.2966,-0.4054931,-0.4022966,-0.8208125,0.01256475,1.002734,0.2147127,1.025541,0.02464461,1.022712,0.2312877,1.048828,0.0150737,0.9946205,0.2290854,1.020773,-0.02149354,-0.08025752,0.1054385,0.1342406,-0.02040321,-0.06828208,0.1332836,0.1511398,-0.00429647,-0.07669689,0.1075239,0.1321448,-0.02515076,-0.07444975,0.1094866,0.1347688,-0.02270282,-0.06764311,0.1347181,0.1524466,-0.004419647,-0.07695995,0.1085601,0.1331453,-0.01694172,-0.0721932,0.1207163,0.1416733,-0.05470112,0.720534,-0.1348036,0.6779872,94.62689,-0.07441584,0.9802201,-0.1833879,2.742828,-0.01245635,-0.05487271,0.1149218,0.1279578,0.5793834,0.7362241,0.3486815,0.02665732,176.9449,0.5795892,0.7364857,0.3488054,1.29261,True,True,False,-0.1046275,0.5955486,0.1253417,0.6175238,-0.09959466,-0.2322742,-0.3254236,-0.9111691,311.3348,-0.2417155,-0.5637279,-0.7898008,0.01379933,0.583245,0.1798297,0.6104947,0.01031218,0.5481567,0.2138424,0.5884817,-0.03647087,0.5609413,0.1689276,0.5869598,0.05632343,-0.05940722,0.1119792,0.1387115,0.01713114,-0.07396145,0.1427319,0.1616668,0.0091299,-0.05228632,0.07662831,0.09321541,0.05629199,-0.05933883,0.1120405,0.138719,0.01718717,-0.07398409,0.142682,0.1616391,0.009115006,-0.05232181,0.07668173,0.09327777,0.02348663,-0.06144104,0.1079085,0.1263759,-0.885414,-0.1175185,0.4322365,0.1241097,165.7413,-0.8923129,-0.1184342,0.4356043,15.01888,0,0,0,0,0,0,0,0,0,1,0,0,0.3598268,False,True,False,0.03255953,1.006401,0.2302617,1.03292,0.7136708,0.110193,0.1895068,0.665296,96.58992,0.9559205,0.1475972,0.2538333,0.01744048,-0.0064013,0.06973833,0.0721705,0.1796825,0.07367852,0.4021929,0.8947216,53.05464,0.4023121,0.1649675,0.9005167,0.002832633,1.102057,-0.03766103,1.102704,0.02966573,0.02449269,0.009421629,0.9992154,4.53973,0.7490117,0.6184008,0.2378809,False
1773055717495,8.234829,0.08303812,0.9076822,0.1748796,0.9280976,-0.3295791,-0.3256965,-0.6468188,0.6057433,105.4353,-0.414221,-0.4093412,-0.8129335,0.01134935,1.005737,0.2123952,1.027982,0.02335912,1.024874,0.2294497,1.050505,0.01419762,0.9970793,0.2279198,1.022896,-0.0227574,-0.08054663,0.1055046,0.1346733,-0.02008176,-0.06854189,0.132854,0.1508358,-0.00418581,-0.07667655,0.1074581,0.1320759,-0.02462106,-0.0757724,0.1086368,0.1347205,-0.02213745,-0.06783404,0.134317,0.1520939,-0.004370267,-0.07689986,0.1083192,0.1329125,-0.01689904,-0.07241228,0.1205846,0.1416678,-0.08825677,0.7071351,-0.1254491,0.6902415,92.70154,-0.1219725,0.9772741,-0.173373,2.732749,-0.01241606,-0.05507955,0.1147975,0.1279312,0.5421579,0.7662575,0.3428958,0.03656878,175.8086,0.5425207,0.7667702,0.3431252,1.252232,True,True,False,-0.1046263,0.5955904,0.1252982,0.6175551,-0.09954083,-0.2322271,-0.3253908,-0.9111987,311.343,-0.2416232,-0.5637029,-0.7898462,0.0138019,0.5832843,0.1797797,0.6105177,0.01029443,0.5481959,0.2138462,0.5885193,-0.0364667,0.5609679,0.168889,0.5869738,0.05633887,-0.05942035,0.1119628,0.1387102,0.01711501,-0.07395137,0.1427557,0.1616816,0.009130381,-0.05230704,0.0766279,0.09322674,0.05630188,-0.05935603,0.1120241,0.1387171,0.01717195,-0.07397719,0.1426976,0.1616481,0.00911825,-0.0523187,0.07667037,0.093267,0.02348649,-0.06144456,0.1079141,0.1263823,-0.8854234,-0.1171663,0.4323058,0.1241336,165.7385,-0.892325,-0.1180796,0.4356755,15.02919,0,0,0,0,0,0,0,0,0,1,0,0,0.3597797,False,True,False,0.03347195,1.009352,0.2306388,1.035908,0.711791,0.1725004,0.1421258,0.665881,96.50011,0.9540693,0.2312159,0.1905024,0.01652806,-0.009351969,0.06936119,0.07191391,0.225002,0.01634878,0.3744658,0.8993788,51.84692,0.5146784,0.03739683,0.8565676,0.002759933,1.102109,-0.03783303,1.102762,0.02922333,0.02440695,0.00987235,0.9992262,4.508408,0.742969,0.6205182,0.250993,False
1773055717508,8.248702,0.08255105,0.9095342,0.1749183,0.9298729,-0.3376351,-0.32929,-0.6398954,0.6067162,105.2951,-0.4247417,-0.4142437,-0.8049824,0.01024483,1.008177,0.2106469,1.029999,0.02242388,1.02679,0.2280901,1.052058,0.0137147,0.9993104,0.2271349,1.02489,-0.02368326,-0.08096818,0.1053702,0.1349801,-0.01970244,-0.06878996,0.1324353,0.1505303,-0.004083396,-0.07665106,0.1073792,0.1319938,-0.02441763,-0.07688338,0.1079501,0.1347609,-0.02162091,-0.06803369,0.1339189,0.1517574,-0.004310754,-0.07684802,0.1081176,0.1327163,-0.01683718,-0.07268834,0.12028,0.1415428,-0.115768,0.6945739,-0.1155045,0.700588,91.0516,-0.1622387,0.9733843,-0.1618694,2.755816,-0.01235768,-0.05534014,0.1145099,0.1277802,0.5107511,0.7884696,0.3399403,0.04347778,175.0163,0.5112344,0.7892156,0.3402619,1.170954,True,True,False,-0.1046241,0.5956326,0.1252516,0.6175858,-0.09947122,-0.2321728,-0.3253495,-0.9112349,311.3531,-0.2415012,-0.5636808,-0.7898999,0.01380444,0.5833248,0.1797296,0.6105416,0.01027512,0.5482365,0.2138529,0.5885592,-0.03646026,0.5609918,0.16885,0.5869851,0.0563552,-0.05943314,0.1119465,0.1387091,0.0170983,-0.07394069,0.1427815,0.1616977,0.009130425,-0.05233202,0.07662916,0.0932418,0.05631293,-0.05937203,0.112008,0.1387155,0.01715668,-0.07396962,0.142715,0.1616584,0.009120774,-0.05232146,0.07666183,0.09326178,0.0234873,-0.06145019,0.1079224,0.1263924,-0.8854209,-0.1168305,0.4324099,0.1241053,165.7418,-0.8923194,-0.1177408,0.4357789,15.03961,0,0,0,0,0,0,0,0,0,1,0,0,0.3597929,False,True,False,0.03230771,1.011924,0.2289755,1.03801,0.7003058,0.2145783,0.1080898,0.6721938,95.52677,0.9458796,0.2898238,0.1459933,0.01769229,-0.01192439,0.07102451,0.07415988,0.2646399,-0.01734957,0.3548215,0.8965303,52.58866,0.597405,-0.03916536,0.8009831,0.002699126,1.102205,-0.03798814,1.102863,0.02863165,0.02401257,0.01014889,0.9992501,4.438229,0.7394251,0.6201354,0.2620996,False
1773055717522,8.262368,0.08222003,0.9115464,0.1747981,0.9317893,-0.346986,-0.3317491,-0.6314287,0.6089673,104.9703,-0.4374534,-0.4182439,-0.7960569,0.008888058,1.010149,0.2091471,1.031612,0.02168678,1.028728,0.2269008,1.053677,0.01350377,1.001504,0.2264392,1.026873,-0.0242737,-0.08175069,0.1048687,0.1351659,-0.01927527,-0.06902292,0.1320333,0.1502281,-0.003996213,-0.07658169,0.1072036,0.131808,-0.02438687,-0.07791425,0.1073087,0.1348351,-0.02112894,-0.06823793,0.1335246,0.151432,-0.004246299,-0.07679319,0.1079242,0.1325249,-0.01678241,-0.07300847,0.1198704,0.1413534,-0.1397417,0.6820729,-0.104767,0.7101216,89.51039,-0.1984745,0.9687448,-0.1488,2.800861,-0.01230595,-0.05564233,0.1141233,0.1275603,0.4817834,0.8065863,0.3389875,0.04890268,174.3939,0.4823604,0.8075523,0.3393934,1.130529,True,True,False,-0.1046207,0.595675,0.125202,0.6176162,-0.0993864,-0.2321114,-0.3253003,-0.9112773,311.3649,-0.2413503,-0.5636601,-0.7899604,0.01380675,0.5833663,0.1796795,0.6105666,0.01025406,0.5482787,0.2138625,0.5886016,-0.03645166,0.561013,0.168811,0.5869936,0.05637235,-0.05944549,0.1119298,0.138708,0.01708112,-0.07392925,0.1428088,0.1617147,0.009130109,-0.05236108,0.07663206,0.09326047,0.05632511,-0.05938709,0.111992,0.1387139,0.0171412,-0.07396135,0.1427342,0.1616699,0.009122686,-0.05232958,0.07665572,0.0932615,0.02348894,-0.06145778,0.1079334,0.1264057,-0.8854078,-0.116506,0.4325462,0.124029,165.7506,-0.8922976,-0.1174126,0.4359121,15.05022,0,0,0,0,0,0,0,0,0,1,0,0,0.360031,False,True,False,0.03144319,1.01415,0.2275611,1.039843,0.6878002,0.2520088,0.08039626,0.6759874,94.93826,0.9333531,0.3419789,0.1090987,0.01855681,-0.01415014,0.07243894,0.07610507,0.2984152,-0.04525052,0.3347046,0.8926778,53.57661,0.6621217,-0.1004016,0.7426406,0.002624099,1.102304,-0.03813892,1.102967,0.02824468,0.02377299,0.01053066,0.9992629,4.400141,0.7357469,0.6192636,0.2743137,False
1773055717536,8.276283,0.08236077,0.9122922,0.1753424,0.9326336,-0.3648557,-0.3316496,-0.6120638,0.6182773,103.6191,-0.4642166,-0.4219676,-0.7787467,0.007973403,1.010627,0.2093003,1.032104,0.02082989,1.029124,0.2266437,1.053991,0.01375644,1.002,0.2273669,1.027564,-0.02523717,-0.08195085,0.1048941,0.1354829,-0.01916537,-0.06948035,0.1316261,0.1500675,-0.003946326,-0.0765548,0.107117,0.1317204,-0.02457039,-0.07878248,0.1067983,0.1349677,-0.02071119,-0.06849829,0.1331218,0.1511369,-0.004183964,-0.07674341,0.1077513,0.1323533,-0.01674683,-0.07338427,0.119355,0.1411075,-0.1577236,0.6722298,-0.09432238,0.7171705,88.35727,-0.2263224,0.9646034,-0.1353461,2.857856,-0.01227241,-0.05599707,0.1136368,0.1272777,0.4610147,0.8183171,0.339436,0.05105148,174.1474,0.4616166,0.8193854,0.3398791,0.9954708,True,True,False,-0.1045265,0.5956728,0.1252166,0.6176011,-0.09941032,-0.2320641,-0.3252614,-0.9113007,311.3714,-0.2414387,-0.563616,-0.7899651,0.01390373,0.5833461,0.1796803,0.6105497,0.01033183,0.5482544,0.2139007,0.5885941,-0.03635096,0.5609859,0.1688306,0.5869671,0.0563846,-0.05946001,0.111914,0.1387063,0.01706726,-0.07392458,0.1428227,0.1617234,0.009128582,-0.05238076,0.07664112,0.09327881,0.05633747,-0.05940225,0.1119758,0.1387123,0.01712583,-0.0739537,0.1427526,0.161681,0.009123911,-0.05234022,0.07665269,0.0932651,0.02349119,-0.0614667,0.1079457,0.1264209,-0.8853817,-0.1161941,0.4327082,0.1239428,165.7606,-0.8922616,-0.117097,0.4360706,15.06016,0,0,0,0,0,0,0,0,0,1,0,0,0.3598113,False,True,False,0.03073105,1.016344,0.2261592,1.041656,0.6732645,0.2883733,0.05551074,0.6785827,94.53403,0.9165996,0.3925988,0.07557375,0.01926895,-0.01634407,0.07384081,0.07804413,0.3305393,-0.07035916,0.3129912,0.8875979,54.85414,0.7175978,-0.1527491,0.679501,0.002638292,1.102542,-0.03836892,1.103213,0.02755306,0.0234125,0.01000031,0.9992961,4.299716,0.7344832,0.6241081,0.2665786,False
1773055717550,8.290383,0.08253039,0.9131886,0.1757319,0.9335986,-0.381822,-0.3308807,-0.5931698,0.6268011,102.371,-0.490031,-0.4246528,-0.7612751,0.007137746,1.011074,0.2096715,1.03261,0.02017517,1.029698,0.2265348,1.054515,0.01413545,1.002664,0.2282119,1.028404,-0.02588356,-0.08217631,0.1048874,0.135736,-0.01899901,-0.06986175,0.1313461,0.1499781,-0.003892703,-0.07652436,0.1070218,0.1316237,-0.02485556,-0.07952043,0.10639,0.13513,-0.0203432,-0.06878721,0.1327411,0.1508831,-0.004122793,-0.0766972,0.1075936,0.1321962,-0.01672781,-0.07377663,0.1188174,0.1408559,-0.1711105,0.6648359,-0.08456596,0.7221932,87.52829,-0.2473798,0.9611742,-0.1222597,2.917035,-0.01225445,-0.05636745,0.1131294,0.1269871,0.4464344,0.8259397,0.3404392,0.05120404,174.1299,0.4470206,0.8270242,0.3408862,0.8757472,True,True,False,-0.1044266,0.5956687,0.125232,0.6175833,-0.0994334,-0.2320125,-0.3252168,-0.9113272,311.3788,-0.2415291,-0.5635709,-0.7899693,0.01400564,0.5833225,0.179683,0.6105303,0.01041378,0.5482267,0.2139405,0.5885842,-0.03624367,0.560954,0.1688528,0.5869364,0.0563969,-0.05947442,0.1118979,0.1387046,0.01705345,-0.07392003,0.1428362,0.1617318,0.009126605,-0.05240267,0.07665217,0.0933,0.05634996,-0.05941742,0.1119594,0.1387107,0.01711062,-0.07394662,0.1427702,0.1616917,0.009124476,-0.05235334,0.07665258,0.09327243,0.02349398,-0.06147686,0.1079592,0.126438,-0.8853434,-0.1158954,0.4328943,0.123846,165.7718,-0.8922122,-0.1167946,0.4362528,15.06943,0,0,0,0,0,0,0,0,0,1,0,0,0.3597721,False,True,False,0.03020077,1.016881,0.2257423,1.042074,0.6546968,0.3306903,0.03294653,0.6789187,94.4816,0.8916981,0.4504008,0.04487323,0.01979923,-0.01688087,0.07425767,0.07868402,0.3640394,-0.09533121,0.2835288,0.8820423,56.22056,0.7726283,-0.2023286,0.6017547,0.002681054,1.102663,-0.03858903,1.103341,0.02705062,0.02329006,0.009830398,0.9993144,4.243636,0.7306209,0.6290505,0.2655131,False
1773055717564,8.303953,0.08244398,0.9135469,0.1759252,0.9339779,-0.4026807,-0.3359919,-0.5709355,0.6316569,101.6551,-0.5194218,-0.4333992,-0.7364551,0.005760297,1.010802,0.2092313,1.032245,0.0190165,1.030592,0.2241386,1.054855,0.01433561,1.0028,0.226576,1.028178,-0.02516587,-0.08253841,0.1049413,0.1358624,-0.01893246,-0.07008632,0.1312513,0.1499914,-0.003987223,-0.07602717,0.1059654,0.1304787,-0.02492075,-0.08015732,0.1060896,0.1352821,-0.02004915,-0.06905442,0.1324312,0.1506934,-0.004095169,-0.07656004,0.1072524,0.1318381,-0.01666684,-0.07406463,0.1184071,0.1406542,-0.1842847,0.6622463,-0.0727661,0.7226161,87.45821,-0.2665965,0.9580423,-0.1052675,2.945857,-0.01219688,-0.05663933,0.112742,0.1267578,0.4357346,0.8322204,0.3396491,0.04673171,174.643,0.436211,0.8331303,0.3400205,0.7390362,True,True,False,-0.104343,0.5956886,0.1251968,0.6175812,-0.09941124,-0.2318423,-0.3250767,-0.9114229,311.4055,-0.2415997,-0.5634477,-0.7900356,0.01407054,0.5833029,0.1796734,0.6105102,0.01044746,0.5482086,0.2139658,0.5885772,-0.03616299,0.5609248,0.1688529,0.5869035,0.05640573,-0.05948203,0.1118861,0.1387019,0.01704318,-0.07391082,0.1428536,0.1617418,0.00912153,-0.05243403,0.07667604,0.09333673,0.05636132,-0.05943059,0.1119445,0.1387089,0.01709688,-0.07393933,0.1427872,0.1617019,0.009123876,-0.05236978,0.07665736,0.09328553,0.02349714,-0.06148774,0.1079748,0.1264572,-0.8852915,-0.1156317,0.433106,0.1237238,165.7859,-0.8921462,-0.116527,0.4364595,15.07707,0,0,0,0,0,0,0,0,0,1,0,0,0.3594521,False,True,False,0.02974433,1.017496,0.2253243,1.04257,0.6375522,0.3659331,0.01536948,0.6777787,94.65939,0.8671042,0.4976881,0.02090329,0.02025567,-0.01749551,0.07467568,0.07932743,0.3910624,-0.1151335,0.2572794,0.8761403,57.63956,0.8112383,-0.2388383,0.5337125,0.002757086,1.102797,-0.03888524,1.103486,0.02659,0.02338107,0.009905197,0.9993238,4.214201,0.7231974,0.6359205,0.2694024,False
1773055717578,8.318019,0.0823888,0.9140099,0.1760621,0.9344516,-0.4203522,-0.3389245,-0.5511544,0.6361314,100.9921,-0.5447935,-0.4392599,-0.7143186,0.004651353,1.010681,0.2091235,1.0321,0.0180167,1.031284,0.2224412,1.055154,0.01459365,1.00284,0.2254288,1.027968,-0.02469983,-0.08285583,0.10498,0.1359999,-0.01886101,-0.07031491,0.1311429,0.1499946,-0.004076431,-0.07557822,0.1049737,0.1294147,-0.02487312,-0.08074296,0.105853,0.1354362,-0.01979456,-0.06932129,0.1321557,0.1505403,-0.004091241,-0.07635313,0.1067613,0.1313184,-0.01657105,-0.07429449,0.1180474,0.1404616,-0.1978305,0.6629498,-0.05901478,0.7196373,87.9509,-0.2849146,0.9547774,-0.08499283,2.962556,-0.01210643,-0.05685631,0.1124024,0.1265445,0.4268839,0.8378933,0.3378348,0.03966718,175.4533,0.42722,0.8385531,0.3381008,0.6546938,True,True,False,-0.1042558,0.5957081,0.1251596,0.6175779,-0.0993831,-0.2316548,-0.3249207,-0.9115292,311.4351,-0.2416697,-0.5633146,-0.7901092,0.01413615,0.5832795,0.1796669,0.6104875,0.01048001,0.5481874,0.2139938,0.5885683,-0.03607892,0.5608904,0.1688558,0.5868663,0.05641416,-0.05948871,0.1118748,0.1386991,0.01703342,-0.07390118,0.1428712,0.161752,0.009115771,-0.05246839,0.07670317,0.09337775,0.0563724,-0.05944278,0.1119299,0.1387068,0.01708357,-0.07393134,0.1428048,0.1617124,0.009122177,-0.05239045,0.07666697,0.09330486,0.02350084,-0.06149999,0.1079934,0.1264797,-0.8852236,-0.115383,0.4333551,0.1235694,165.8037,-0.8920605,-0.1162741,0.436702,15.08369,0,0,0,0,0,0,0,0,0,1,0,0,0.3593706,False,True,False,0.02875892,1.018306,0.2229471,1.042823,0.6174412,0.39797,-0.0008548634,0.6785172,94.54424,0.8405312,0.5417619,-0.001163737,0.02124108,-0.01830566,0.07705289,0.08199652,0.4187494,-0.1307726,0.2324166,0.8680611,59.53179,0.8434752,-0.2634115,0.4681501,0.002850256,1.10292,-0.03918701,1.103619,0.02597453,0.0234879,0.01002093,0.9993365,4.174633,0.7131393,0.644868,0.2751279,False
1773055717592,8.331868,0.08245334,0.9145604,0.1769976,0.9351724,-0.4253691,-0.3403855,-0.545316,0.6370473,100.856,-0.5518364,-0.4415862,-0.7074451,0.004370011,1.0109,0.2102723,1.032546,0.01773812,1.031889,0.2226739,1.05579,0.01491498,1.002561,0.2253764,1.027689,-0.02406848,-0.08301479,0.1050224,0.1360164,-0.01882814,-0.07035301,0.1310946,0.1499662,-0.004188253,-0.07513357,0.1037958,0.1282036,-0.02470196,-0.08122975,0.1056782,0.1355594,-0.01959016,-0.0695371,0.1319317,0.1504166,-0.004111327,-0.07609905,0.1061295,0.1306577,-0.01643831,-0.07442714,0.117761,0.1402757,-0.2114001,0.6668425,-0.04483986,0.7131763,89.01212,-0.3015758,0.9512939,-0.06396695,2.968616,-0.01198112,-0.0569815,0.112132,0.1263488,0.4187011,0.8438559,0.3342561,0.02949803,176.6193,0.4188833,0.844223,0.3344015,0.7035323,True,True,False,-0.1042284,0.5957487,0.1251671,0.6176139,-0.09948882,-0.2315844,-0.3247849,-0.9115841,311.4504,-0.2419983,-0.5633098,-0.7900124,0.01416294,0.5832724,0.179661,0.6104796,0.01048141,0.5481718,0.2140113,0.5885601,-0.03604563,0.5608754,0.1688703,0.586854,0.05642761,-0.05949729,0.1118614,0.1386974,0.01702481,-0.0738963,0.1428792,0.1617559,0.009110503,-0.05249734,0.07672268,0.09340954,0.05638383,-0.05945407,0.1119157,0.1387049,0.0170714,-0.07392408,0.1428202,0.1617214,0.00911976,-0.05241257,0.0766785,0.09332652,0.02350529,-0.06151266,0.1080116,0.1265022,-0.8851455,-0.1151618,0.4336187,0.1234094,165.8222,-0.891964,-0.1160489,0.4369589,15.08953,0,0,0,0,0,0,0,0,0,1,0,0,0.3597652,False,True,False,0.02796464,1.018934,0.2212544,1.043055,0.6021879,0.4262965,-0.01448428,0.6748565,95.11399,0.8160292,0.5776774,-0.01962775,0.02203536,-0.01893449,0.07874557,0.08393413,0.4388363,-0.1468299,0.2094279,0.8613964,61.05254,0.8639645,-0.2890731,0.4123138,0.002943744,1.103035,-0.03945058,1.103745,0.02547515,0.02348207,0.01016555,0.9993479,4.138472,0.7055414,0.6503426,0.2815379,False
1773055717606,8.345694,0.08256201,0.9153751,0.1780568,0.9361796,-0.4313852,-0.341346,-0.5382085,0.6385307,100.6353,-0.5605343,-0.443539,-0.6993387,0.004109599,1.011397,0.2115559,1.033295,0.01748674,1.032684,0.2231029,1.056653,0.01530331,1.00258,0.2256242,1.027768,-0.02360399,-0.08317846,0.1050615,0.1360651,-0.01879063,-0.07041605,0.1310016,0.1499097,-0.004292943,-0.07472303,0.1027045,0.1270833,-0.02446897,-0.08164641,0.1055486,0.1356664,-0.01942144,-0.06972072,0.1317357,0.1503079,-0.004148873,-0.07581252,0.1054,0.1298996,-0.01628226,-0.07449625,0.1175031,0.1400777,-0.2252185,0.6728987,-0.03057017,0.7039527,90.51002,-0.3170989,0.9474152,-0.04304161,2.971357,-0.01183384,-0.05704676,0.1118886,0.1261485,0.4104439,0.8504897,0.3285556,0.01597067,178.1698,0.4104961,0.8505979,0.3285974,0.7966516,True,True,False,-0.1042017,0.5957904,0.1251756,0.6176513,-0.09960669,-0.2315147,-0.324639,-0.9116409,311.4662,-0.2423593,-0.5633128,-0.7898995,0.01418937,0.5832631,0.1796546,0.6104695,0.01048184,0.548153,0.2140266,0.5885482,-0.0360122,0.5608575,0.1688854,0.5868392,0.05644149,-0.05950538,0.111848,0.1386957,0.01701672,-0.0738917,0.1428862,0.1617591,0.009104745,-0.05252801,0.07674371,0.09344348,0.05639576,-0.05946469,0.1119017,0.138703,0.01706009,-0.07391738,0.1428339,0.1617292,0.009116656,-0.05243644,0.07669198,0.0933507,0.02351051,-0.06152591,0.1080299,0.1265252,-0.8850574,-0.1149628,0.4338994,0.1232412,165.8416,-0.8918563,-0.115846,0.4372325,15.09474,0,0,0,0,0,0,0,0,0,1,0,0,0.3602862,False,True,False,0.02767433,1.019342,0.2215417,1.043506,0.6005769,0.441393,-0.01957926,0.6664054,96.41953,0.805506,0.5920054,-0.0262601,0.02232567,-0.01934171,0.07845834,0.08383465,0.4414482,-0.1590488,0.196329,0.8609773,61.14702,0.8678932,-0.3126921,0.3859856,0.00300191,1.10314,-0.03967833,1.103857,0.02487624,0.02341982,0.01029032,0.9993632,4.089758,0.6971623,0.6563457,0.2883887,False
1773055717619,8.359511,0.08282886,0.9159104,0.1784997,0.9368109,-0.436183,-0.339751,-0.5295697,0.643327,99.91929,-0.5697334,-0.4437758,-0.6917132,0.003876418,1.01121,0.2129166,1.033389,0.01719245,1.032691,0.2240011,1.056845,0.01597399,1.001867,0.2261517,1.027199,-0.02350259,-0.08320434,0.1050781,0.1360762,-0.01876777,-0.07044278,0.1309514,0.1498756,-0.004417207,-0.07407712,0.1017294,0.1259199,-0.02426422,-0.081979,0.1054499,0.1357534,-0.01928369,-0.06987149,0.1315706,0.1502155,-0.004204337,-0.07545089,0.1046175,0.1290556,-0.01613085,-0.07450291,0.1172365,0.1398402,-0.2388318,0.6802008,-0.01597292,0.6928428,92.28887,-0.33121,0.9432971,-0.02215112,2.982373,-0.0116909,-0.05705304,0.1116369,0.1259148,0.4020979,0.8573305,0.3214068,-0.0003303082,180.0378,0.4020978,0.8573303,0.3214068,0.8680081,True,True,False,-0.1042151,0.5959264,0.1251564,0.6177809,-0.09970322,-0.2314808,-0.3245097,-0.9116849,311.4785,-0.2426519,-0.5633645,-0.7897726,0.01417386,0.5833519,0.1796266,0.6105457,0.01045109,0.5482377,0.214001,0.5886173,-0.03602446,0.56095,0.1688659,0.5869228,0.05644315,-0.05951074,0.1118429,0.1386946,0.017012,-0.07389277,0.1428854,0.1617584,0.00910053,-0.05254652,0.07675474,0.09346254,0.05640556,-0.05947421,0.1118895,0.1387012,0.01705015,-0.07391229,0.1428445,0.1617353,0.009113324,-0.0524592,0.07670495,0.09337381,0.02351497,-0.06153851,0.1080458,0.1265458,-0.8849757,-0.1148014,0.4341522,0.1230871,165.8594,-0.8917568,-0.1156811,0.4374789,15.09866,0,0,0,0,0,0,0,0,0,1,0,0,0.3600476,False,True,False,0.02751258,1.02001,0.2220412,1.04426,0.600781,0.4584417,-0.02558794,0.6543996,98.25172,0.7945273,0.6062849,-0.03383981,0.02248742,-0.02000952,0.07795885,0.08356822,0.4419338,-0.1748376,0.1814489,0.8609313,61.15737,0.8687152,-0.3436807,0.3566766,0.003074441,1.103261,-0.03989325,1.103986,0.02431478,0.0235955,0.01016695,0.9993742,4.054385,0.687374,0.6670401,0.2874177,False
1773055717633,8.373437,0.08309636,0.9165069,0.1788799,0.9374902,-0.4424362,-0.3381631,-0.5191961,0.6483297,99.16842,-0.5811132,-0.4441568,-0.6819327,0.003609441,1.011072,0.2141922,1.033517,0.01688607,1.032784,0.2247242,1.057085,0.01663693,1.001327,0.2266318,1.026788,-0.02342551,-0.08326048,0.1050916,0.1361077,-0.01874443,-0.07047062,0.130896,0.1498373,-0.004528073,-0.07348879,0.1008381,0.1248576,-0.02408564,-0.08225387,0.1053743,0.1358292,-0.01916947,-0.06999732,0.1314278,0.1501345,-0.004271682,-0.07503898,0.103806,0.1281592,-0.01598412,-0.07446679,0.1169536,0.1395669,-0.2522994,0.6880628,-0.001530161,0.6803765,94.25385,-0.3442656,0.9388701,-0.002087923,3.001846,-0.01155239,-0.05701893,0.1113699,0.1256498,0.393859,0.8640144,0.313094,-0.01808371,182.0724,0.3939233,0.8641554,0.3131451,0.904613,True,True,False,-0.1042318,0.5960697,0.125136,0.6179178,-0.09980653,-0.2314526,-0.3243744,-0.911729,311.4908,-0.2429611,-0.5634297,-0.7896312,0.01415513,0.5834457,0.1795974,0.6106263,0.01041814,0.5483274,0.2139699,0.5886889,-0.03604019,0.5610489,0.1688441,0.5870119,0.05644332,-0.05951543,0.1118394,0.1386938,0.01700817,-0.07389505,0.1428826,0.1617566,0.009096174,-0.05256461,0.07676557,0.09348118,0.05641341,-0.05948279,0.1118791,0.1386997,0.01704141,-0.07390871,0.1428525,0.1617397,0.009109758,-0.05248112,0.07671756,0.09339614,0.02351873,-0.06155063,0.1080596,0.1265642,-0.8848998,-0.1146745,0.4343808,0.1229448,165.8758,-0.8916643,-0.1155511,0.4377014,15.10137,0,0,0,0,0,0,0,0,0,1,0,0,0.359832,False,True,False,0.02738274,1.019892,0.2228622,1.044317,0.6036422,0.4789093,-0.03039525,0.6366618,100.9133,0.7827887,0.6210381,-0.03941584,0.02261726,-0.01989222,0.0771378,0.08280991,0.4381325,-0.1944312,0.1623678,0.8624808,60.80744,0.865721,-0.3841833,0.320828,0.003090569,1.103399,-0.04012804,1.104133,0.02358074,0.02409913,0.01021476,0.9993793,4.037745,0.6693543,0.6840693,0.2899526,False
1773055717648,8.38747,0.08338511,0.9172001,0.1792378,0.9382619,-0.4498005,-0.3365479,-0.5073938,0.6534268,98.39906,-0.5941963,-0.4445872,-0.6702784,0.003340513,1.011012,0.2154611,1.033722,0.01659317,1.032992,0.2253426,1.057416,0.01732545,1.000941,0.2270838,1.026523,-0.02334283,-0.08335453,0.1051017,0.1361589,-0.01872061,-0.0704995,0.1308356,0.1497951,-0.004632354,-0.07293651,0.0999741,0.1238387,-0.02392671,-0.08249106,0.1053165,0.1359001,-0.01907392,-0.0701034,0.1313019,0.1500616,-0.004347195,-0.07459434,0.1029773,0.1272303,-0.01584123,-0.07440054,0.1166507,0.1392615,-0.2657132,0.6960317,0.01246065,0.6669191,96.34056,-0.3565998,0.9341077,0.01672278,3.029367,-0.01141752,-0.05695642,0.111084,0.1253557,0.3857248,0.8704036,0.3037881,-0.03643518,184.1761,0.385981,0.8709816,0.3039899,0.9247055,True,True,False,-0.1042515,0.59622,0.1251146,0.6180618,-0.09991641,-0.2314296,-0.3242334,-0.9117728,311.503,-0.2432862,-0.5635074,-0.7894752,0.01413313,0.5835445,0.1795672,0.6107113,0.010383,0.5484221,0.2139336,0.5887632,-0.03605933,0.5611539,0.16882,0.5871066,0.05644202,-0.05951926,0.111837,0.138693,0.01700524,-0.07389837,0.1428778,0.1617536,0.009091584,-0.0525822,0.07677616,0.09349933,0.0564194,-0.05949042,0.1118703,0.1386983,0.01703384,-0.07390655,0.1428578,0.1617426,0.009105956,-0.05250227,0.07672982,0.09341773,0.02352183,-0.06156228,0.1080715,0.1265805,-0.8848293,-0.1145806,0.4345862,0.1228135,165.891,-0.8915789,-0.1154546,0.4379012,15.10292,0,0,0,0,0,0,0,0,0,1,0,0,0.3596336,False,True,False,0.02729825,1.019871,0.2234935,1.044428,0.6060672,0.5003153,-0.03670544,0.617268,103.7662,0.77034,0.6359243,-0.04665434,0.02270175,-0.01987064,0.07650648,0.08224022,0.4342746,-0.2159646,0.1423345,0.8628475,60.72436,0.8591596,-0.4272598,0.2815916,0.003123903,1.103537,-0.04033131,1.104279,0.02279399,0.02422754,0.01020525,0.9993945,3.987999,0.6550944,0.6962946,0.2932968,False
1773055717660,8.401297,0.08386685,0.9180019,0.1800854,0.9392507,-0.4565868,-0.3307976,-0.4959806,0.6603823,97.34193,-0.6080288,-0.4405175,-0.6604888,0.003694549,1.011003,0.2181777,1.034284,0.01702231,1.033164,0.2276436,1.058083,0.01858512,1.000731,0.2291239,1.026794,-0.02342852,-0.08341303,0.1050782,0.1361913,-0.01871022,-0.07051806,0.130817,0.1497864,-0.004707985,-0.07249326,0.0994214,0.1231343,-0.02382149,-0.08268715,0.1052666,0.1359621,-0.01899748,-0.07018994,0.1312,0.1500032,-0.00442187,-0.07415465,0.1022166,0.1263594,-0.01572114,-0.07432325,0.1163444,0.13895,-0.2776816,0.7029349,0.02497292,0.6543332,98.26179,-0.3672034,0.9295543,0.03302395,3.065643,-0.01130413,-0.05688344,0.1107948,0.125056,0.3786418,0.8755356,0.2955303,-0.05225052,185.9902,0.3791597,0.8767331,0.2959345,0.8835045,True,True,False,-0.1042523,0.5963473,0.1250627,0.6181742,-0.1000726,-0.2314753,-0.3241259,-0.9117824,311.5057,-0.2436792,-0.5636477,-0.789254,0.0141354,0.5836239,0.1794972,0.6107666,0.01038735,0.5484989,0.2138533,0.5888057,-0.03605248,0.5612451,0.1687571,0.5871753,0.05643187,-0.05951808,0.1118426,0.1386929,0.01700207,-0.07389838,0.142882,0.161757,0.009087527,-0.05259083,0.07678986,0.09351503,0.05642198,-0.05949615,0.1118646,0.1386972,0.01702727,-0.07390486,0.1428628,0.1617456,0.009102146,-0.05252059,0.07674223,0.09343785,0.02352325,-0.06157213,0.1080827,0.1265952,-0.8847715,-0.1145155,0.4347533,0.1226993,165.9042,-0.8915079,-0.1153874,0.4380634,15.10321,0,0,0,0,0,0,0,0,0,1,0,0,0.3592448,False,True,False,0.02726928,1.019967,0.224004,1.044631,0.6078295,0.5219367,-0.04470279,0.5967639,106.723,0.7574983,0.6504557,-0.05571018,0.02273072,-0.01996708,0.07599597,0.08179705,0.4306252,-0.2389849,0.1220757,0.861711,60.98153,0.8486907,-0.4709995,0.240591,0.003159363,1.103677,-0.04050695,1.104424,0.02202508,0.02431915,0.01025098,0.999409,3.939811,0.6407399,0.7074775,0.2982151,False
1773055717675,8.415304,0.08438562,0.9189279,0.1809375,0.9403658,-0.463874,-0.3256488,-0.4838519,0.6668292,96.35439,-0.6224738,-0.4369889,-0.6492821,0.004052982,1.011167,0.2206607,1.034971,0.01746075,1.033529,0.2297025,1.058891,0.0198902,1.000715,0.2309459,1.027211,-0.02357187,-0.083488,0.1050473,0.1362381,-0.01870118,-0.07053609,0.1307999,0.1497788,-0.004785828,-0.072023,0.09884879,0.1223981,-0.0237683,-0.08285899,0.1052203,0.1360215,-0.01893463,-0.0702629,0.1311152,0.1499553,-0.004498006,-0.07370341,0.1014883,0.1255082,-0.01561916,-0.07423517,0.1160215,0.1386211,-0.288661,0.7091043,0.03661511,0.6422657,100.078,-0.376605,0.9251415,0.04777034,3.112202,-0.01120787,-0.05680029,0.11049,0.1247395,0.3721851,0.8798414,0.2879794,-0.06652647,187.629,0.3730113,0.8817946,0.2886187,0.8544201,True,True,False,-0.1042545,0.5964791,0.1250082,0.6182907,-0.1002399,-0.2315337,-0.3240178,-0.9117876,311.5071,-0.2440934,-0.5638059,-0.7890133,0.01413681,0.5837063,0.1794236,0.6108238,0.01039354,0.5485789,0.2137654,0.5888484,-0.03604647,0.5613411,0.1686896,0.5872473,0.05641934,-0.05951566,0.1118504,0.1386931,0.01699952,-0.07389891,0.1428858,0.1617603,0.009083344,-0.05259794,0.07680374,0.09353002,0.05642143,-0.05950022,0.1118616,0.1386963,0.01702147,-0.07390361,0.1428676,0.1617487,0.009098219,-0.05253675,0.07675508,0.09345711,0.02352314,-0.06158057,0.1080937,0.1266086,-0.8847241,-0.1144763,0.4348887,0.122598,165.9159,-0.8914488,-0.1153464,0.4381943,15.1023,0,0,0,0,0,0,0,0,0,1,0,0,0.3589027,False,True,False,0.02792618,1.019982,0.2260161,1.045097,0.610393,0.5426087,-0.05342598,0.5745798,109.8596,0.7457927,0.6629722,-0.06527713,0.02207382,-0.01998234,0.07398395,0.07975069,0.4253534,-0.2631672,0.1024272,0.8598409,61.40256,0.8331081,-0.5154459,0.2006166,0.003214556,1.103821,-0.04065733,1.104574,0.02137972,0.02409505,0.01038644,0.9994271,3.879138,0.6316957,0.7119243,0.3068828,False
1773055717688,8.429145,0.08472399,0.9192169,0.1810656,0.9407033,-0.4672599,-0.3196302,-0.4747508,0.6738816,95.26528,-0.6324242,-0.4326113,-0.642563,0.004184678,1.010505,0.2227084,1.034764,0.01771312,1.032976,0.2316911,1.058789,0.02058537,1.000179,0.2327823,1.027117,-0.02384202,-0.08358469,0.1049895,0.1362998,-0.018699,-0.07055919,0.1308058,0.1497945,-0.004785867,-0.07199133,0.09883533,0.1223686,-0.02378384,-0.08301302,0.105172,0.1360808,-0.01888516,-0.07032473,0.1310502,0.1499213,-0.004557665,-0.07334418,0.1009201,0.1248399,-0.01555342,-0.07417832,0.1157337,0.1383424,-0.2967365,0.7133452,0.0455207,0.6332567,101.4184,-0.3834093,0.9217039,0.05881669,3.161746,-0.01114585,-0.05674661,0.1102184,0.1244689,0.3680462,0.8823294,0.2835135,-0.07521608,188.6273,0.3690917,0.8848357,0.2843189,0.6983464,True,True,False,-0.1042352,0.5965148,0.124995,0.6183192,-0.1004389,-0.2315373,-0.3238969,-0.9118078,311.5128,-0.2446046,-0.5638761,-0.7888047,0.0141545,0.5836946,0.1794048,0.6108075,0.01041498,0.5485557,0.2137425,0.5888189,-0.03601208,0.5613202,0.1686709,0.5872198,0.05641419,-0.05950073,0.1118621,0.138694,0.01699783,-0.0738896,0.1429082,0.1617756,0.009077586,-0.05262152,0.07682889,0.09356337,0.05641993,-0.05950033,0.1118617,0.1386959,0.01701658,-0.07390071,0.142876,0.1617542,0.00909395,-0.0525543,0.07677036,0.0934791,0.02352272,-0.06158806,0.1081076,0.1266241,-0.8846778,-0.1144677,0.4350237,0.1224613,165.9316,-0.8913869,-0.1153358,0.4383228,15.10117,0,0,0,0,0,0,0,0,0,1,0,0,0.3594818,False,True,False,0.02860121,1.020187,0.2277841,1.045699,0.6109764,0.5618718,-0.0627119,0.5541437,112.6965,0.7339752,0.6749851,-0.07533676,0.02139879,-0.02018714,0.07221594,0.07797801,0.4217673,-0.2857188,0.08393297,0.8564067,62.16904,0.8169004,-0.5533948,0.1625657,0.003259633,1.103971,-0.04074913,1.104728,0.0207582,0.02422857,0.01040291,0.9994368,3.846104,0.6185846,0.7220002,0.3100018,False
1773055717703,8.442945,0.08500963,0.9194977,0.181164,0.9410223,-0.4713499,-0.3141721,-0.4650116,0.6803598,94.25648,-0.643149,-0.4286826,-0.6345004,0.004256092,1.009903,0.2244877,1.034561,0.01792624,1.032514,0.2333853,1.058714,0.02125663,0.9997424,0.2343903,1.027071,-0.02415809,-0.08369416,0.1049206,0.1363696,-0.01869884,-0.07058266,0.1308162,0.1498147,-0.004786305,-0.07195374,0.09882605,0.122339,-0.02386238,-0.08315706,0.1051195,0.1361419,-0.01884617,-0.07037842,0.1310013,0.1498988,-0.004604944,-0.07305304,0.1004729,0.1243091,-0.01551924,-0.07414717,0.115475,0.1381055,-0.3024847,0.7162247,0.05250839,0.6267121,102.3841,-0.3881738,0.9191196,0.06738317,3.2146,-0.01111359,-0.05671722,0.1099743,0.1242364,0.3653241,0.8837857,0.2809834,-0.08068504,189.2559,0.3665189,0.8866763,0.2819024,0.5872697,True,True,False,-0.1042158,0.5965478,0.1249824,0.6183453,-0.100651,-0.231544,-0.3237738,-0.9118264,311.518,-0.2451458,-0.5639492,-0.7885842,0.01417223,0.5836796,0.1793875,0.6107885,0.01043861,0.548528,0.2137194,0.5887851,-0.03597593,0.561294,0.1686522,0.5871872,0.05640826,-0.05948302,0.1118761,0.1386953,0.01699675,-0.07387935,0.1429329,0.1617927,0.009071513,-0.05264612,0.07685598,0.09359886,0.05641752,-0.05949675,0.1118647,0.1386957,0.01701248,-0.0738963,0.1428878,0.1617622,0.009089318,-0.05257327,0.07678804,0.09350383,0.023522,-0.06159475,0.1081245,0.1266417,-0.8846321,-0.1144879,0.4351593,0.122291,165.9513,-0.8913221,-0.1153537,0.4384502,15.09979,0,0,0,0,0,0,0,0,0,1,0,0,0.3600416,False,True,False,0.02903958,1.019493,0.2294031,1.045387,0.611432,0.576371,-0.06787498,0.5379038,114.9179,0.7252994,0.683709,-0.08051538,0.02096042,-0.01949275,0.0705969,0.07617893,0.4177059,-0.3017145,0.06897324,0.8542441,62.64736,0.8034781,-0.5803629,0.1326735,0.003341049,1.104108,-0.04081755,1.104867,0.02022495,0.02424236,0.0101507,0.99945,3.800856,0.6098703,0.7310126,0.3060878,False
1773055717717,8.456812,0.08530033,0.9198133,0.1812561,0.9413747,-0.4759414,-0.3089931,-0.4546711,0.6864964,93.29319,-0.6545449,-0.424947,-0.6252927,0.004276581,1.009284,0.2261625,1.034323,0.01816189,1.032147,0.23492,1.0587,0.02196879,0.9994112,0.2358777,1.027104,-0.02447484,-0.08389316,0.1047703,0.1364327,-0.01870074,-0.07060629,0.1308309,0.1498389,-0.00478699,-0.07191045,0.09882078,0.1223093,-0.02399115,-0.08331314,0.1050464,0.1362036,-0.01881566,-0.070426,0.1309655,0.149886,-0.004642734,-0.07281288,0.1001191,0.1238835,-0.01551558,-0.07414249,0.1152413,0.1379072,-0.30663,0.7177665,0.05835438,0.622402,103.0165,-0.3917605,0.9170417,0.07455544,3.272667,-0.01111008,-0.05671281,0.1097535,0.1240387,0.3632185,0.8847152,0.2797568,-0.0841897,189.6589,0.3645125,0.8878672,0.2807535,0.513984,True,True,False,-0.1041961,0.5965784,0.1249702,0.618369,-0.1008757,-0.2315535,-0.3236485,-0.9118436,311.5228,-0.245716,-0.5640249,-0.7883527,0.01418978,0.5836613,0.1793715,0.6107668,0.01046415,0.5484963,0.2136959,0.5887475,-0.0359381,0.5612628,0.1686333,0.5871497,0.05640147,-0.05946259,0.111892,0.1386966,0.01699643,-0.07386792,0.1429598,0.1618111,0.009065147,-0.05267189,0.07688469,0.09363632,0.05641419,-0.05948967,0.1118703,0.1386959,0.01700916,-0.07389042,0.1429027,0.1617723,0.009084309,-0.05259372,0.07680807,0.0935313,0.02352099,-0.06160072,0.1081443,0.1266612,-0.8845866,-0.1145356,0.4352963,0.1220876,165.9748,-0.8912537,-0.1153988,0.4385771,15.09815,0,0,0,0,0,0,0,0,0,1,0,0,0.3605709,False,True,False,0.0294055,1.018919,0.2307443,1.045134,0.609276,0.5892026,-0.07310839,0.5256218,116.5798,0.7161901,0.6925943,-0.08593725,0.0205945,-0.01891935,0.06925568,0.07468885,0.416878,-0.3144817,0.05580823,0.8509992,63.359,0.7938005,-0.5988221,0.1062675,0.003424723,1.104218,-0.0408791,1.10498,0.0200038,0.02423416,0.0100338,0.9994558,3.780618,0.6064314,0.7346781,0.3041826,False
1773055717731,8.470711,0.08538972,0.9200127,0.1816371,0.941651,-0.4878404,-0.2982803,-0.4358147,0.6950583,91.93626,-0.6785426,-0.4148813,-0.6061795,0.004557036,1.008152,0.2294523,1.033944,0.01907247,1.032022,0.2375208,1.059174,0.02360751,1.00058,0.2391451,1.029032,-0.02471677,-0.08452007,0.1042199,0.1364417,-0.01869908,-0.07065812,0.1310632,0.1500659,-0.004643955,-0.07187045,0.1004615,0.12361,-0.02414371,-0.08356935,0.1048731,0.1362539,-0.01879117,-0.07047455,0.130986,0.1499237,-0.004642988,-0.07261447,0.1001924,0.1238262,-0.0155977,-0.07422545,0.1151602,0.1378933,-0.3086503,0.7121453,0.06474426,0.6272098,102.3109,-0.3962896,0.9143546,0.083128,3.334689,-0.01118762,-0.05679112,0.109677,0.1240138,0.3595091,0.885401,0.2824686,-0.08384649,189.6194,0.3607794,0.8885295,0.2834667,0.4669312,True,True,False,-0.1042267,0.5967301,0.1249245,0.6185113,-0.100978,-0.2314434,-0.3236509,-0.9118594,311.5272,-0.2459862,-0.5638047,-0.7884258,0.01414415,0.5838131,0.1793604,0.6109074,0.01042616,0.5486285,0.213688,0.5888671,-0.03595187,0.5613677,0.168603,0.587242,0.05640442,-0.05943285,0.1119074,0.1386974,0.01699811,-0.07385143,0.1429951,0.161835,0.009057613,-0.05270642,0.07691263,0.09367796,0.05641216,-0.05947787,0.111878,0.1386962,0.01700686,-0.07388232,0.1429219,0.1617853,0.009078766,-0.05261713,0.07682979,0.09356176,0.02352071,-0.06160612,0.1081671,0.1266833,-0.8845363,-0.1146151,0.43545,0.1218284,166.0047,-0.8911746,-0.1154752,0.4387179,15.09729,0,0,0,0,0,0,0,0,0,1,0,0,0.3612455,False,True,False,0.02975924,1.018468,0.2319318,1.044967,0.605229,0.6013706,-0.07850996,0.5156429,117.9191,0.70638,0.7018768,-0.09163121,0.02024076,-0.01846802,0.06806821,0.073376,0.4182488,-0.3254301,0.04336425,0.8469255,64.24234,0.7866084,-0.6120425,0.08155596,0.003482283,1.104292,-0.04096442,1.105057,0.01977949,0.02403976,0.01001547,0.9994651,3.747968,0.6048557,0.7351344,0.3062725,False
1773055717744,8.48457,0.08550127,0.9202741,0.1820702,0.9420003,-0.4983757,-0.2887224,-0.4180006,0.7025216,90.74068,-0.7002979,-0.4057013,-0.5873579,0.004813634,1.007135,0.2324443,1.033622,0.0199118,1.031987,0.2398816,1.059687,0.02508968,1.001835,0.2421579,1.030991,-0.02503541,-0.08513553,0.1036632,0.1364584,-0.01870376,-0.07070538,0.1312803,0.1502784,-0.004499755,-0.07192419,0.1020755,0.124951,-0.02433041,-0.083901,0.1046199,0.1362962,-0.01877287,-0.0705227,0.1310476,0.1499978,-0.004613281,-0.07246954,0.1005926,0.1240644,-0.01575045,-0.07438977,0.1151798,0.1380156,-0.3086232,0.7012529,0.07107323,0.6387056,100.6093,-0.4010951,0.9113675,0.09236872,3.399175,-0.01133183,-0.05694622,0.1096955,0.1241144,0.3540517,0.885884,0.2887903,-0.08035924,189.2184,0.3552004,0.888758,0.2897272,0.531513,True,True,False,-0.10426,0.5968868,0.1248773,0.6186584,-0.1010764,-0.2313216,-0.3236666,-0.9118739,311.5312,-0.2462451,-0.5635524,-0.7885258,0.01409415,0.5839751,0.1793529,0.6110589,0.01038546,0.5487693,0.2136839,0.5889961,-0.03596721,0.5614771,0.1685734,0.587339,0.056408,-0.05939971,0.1119243,0.1386984,0.01700055,-0.07383345,0.1430334,0.1618609,0.009049598,-0.05274294,0.07694206,0.0937219,0.0564113,-0.05946168,0.1118876,0.1386967,0.01700556,-0.07387219,0.142945,0.161801,0.009072724,-0.05264321,0.07685306,0.09359495,0.02352108,-0.06161093,0.1081929,0.1267077,-0.8844818,-0.1147244,0.4356185,0.1215183,166.0405,-0.8910856,-0.115581,0.4388709,15.09716,0,0,0,0,0,0,0,0,0,1,0,0,0.361901,False,True,False,0.03066848,1.018241,0.2339462,1.04522,0.5923994,0.6215352,-0.09182623,0.5043064,119.4294,0.6860248,0.7197654,-0.1063388,0.01933152,-0.01824081,0.06605378,0.07120068,0.4283966,-0.342191,0.02406254,0.8359442,66.57143,0.7805856,-0.6235096,0.04384459,0.003525342,1.104371,-0.04107019,1.10514,0.0193194,0.02414731,0.009861383,0.9994731,3.720085,0.595215,0.743959,0.3038212,False
1773055717759,8.498725,0.08564842,0.9205927,0.1824433,0.9423971,-0.5107256,-0.2844691,-0.3992173,0.7063019,90.13037,-0.7214547,-0.4018432,-0.5639373,0.004682302,1.006633,0.2337799,1.033434,0.02013272,1.032435,0.2404091,1.060247,0.02560943,1.005478,0.244807,1.035167,-0.02543641,-0.0856313,0.103162,0.1364629,-0.01872139,-0.07075504,0.13141,0.1504173,-0.004129335,-0.07265731,0.1058296,0.1284369,-0.0245654,-0.0842735,0.1043094,0.1363303,-0.01876192,-0.07057196,0.1311246,0.1500869,-0.004511276,-0.07250957,0.1017162,0.1249967,-0.01601466,-0.07471589,0.1153618,0.1383737,-0.3031959,0.6808069,0.07421445,0.6626208,96.99989,-0.4048252,0.9090091,0.09909067,3.433022,-0.01158121,-0.05725409,0.1098673,0.1244306,0.3412972,0.8844187,0.3126134,-0.05994328,186.8731,0.341912,0.8860117,0.3131765,1.056659,True,True,False,-0.1042237,0.5969592,0.1248344,0.6187136,-0.1011515,-0.231306,-0.3237011,-0.9118571,311.5266,-0.2464058,-0.5634636,-0.7885388,0.01412493,0.5840648,0.1793275,0.6111379,0.01043508,0.5488466,0.2136666,0.5890628,-0.03590558,0.5615167,0.1685367,0.5873626,0.05640938,-0.05936979,0.1119403,0.138699,0.01700446,-0.07381365,0.1430712,0.1618857,0.009042365,-0.05277434,0.07696753,0.09375978,0.0564109,-0.05944232,0.1118987,0.1386972,0.01700532,-0.07385986,0.1429716,0.1618189,0.009066328,-0.05267085,0.07687718,0.09362969,0.02352167,-0.0616149,0.1082208,0.1267336,-0.8844272,-0.1148474,0.435794,0.1211701,166.0807,-0.8909922,-0.1156999,0.4390289,15.09748,0,0,0,0,0,0,0,0,0,1,0,0,0.3621091,False,True,False,0.03138927,1.018201,0.2357976,1.045619,0.5756977,0.6414862,-0.1028087,0.4964856,120.4645,0.6632119,0.7390012,-0.1184371,0.01861073,-0.01820087,0.06420243,0.06927902,0.4415634,-0.3541977,0.003893735,0.8243486,68.95499,0.7800336,-0.6256998,0.006878388,0.003587715,1.104413,-0.04102968,1.10518,0.01932401,0.02404345,0.01015616,0.9994726,3.721978,0.5950541,0.7403824,0.3127439,False
1773055717771,8.512306,0.08581197,0.920958,0.1828338,0.9428444,-0.5213068,-0.2799217,-0.3819856,0.7099086,89.54504,-0.7401836,-0.3974501,-0.5423668,0.004545279,1.006198,0.2350705,1.033302,0.02040099,1.03284,0.2411527,1.060815,0.02634209,1.008376,0.247025,1.038527,-0.02606355,-0.08607274,0.1026637,0.1364831,-0.01874388,-0.07080487,0.1315345,0.1505523,-0.003831315,-0.07309582,0.1086807,0.1310312,-0.0248728,-0.08464845,0.10397,0.136359,-0.01875821,-0.07061974,0.1312088,0.1501825,-0.004372683,-0.07263036,0.1031504,0.1262311,-0.01634375,-0.07513176,0.1155142,0.138764,-0.2949836,0.6559116,0.0746273,0.6907934,92.61411,-0.40797,0.9071428,0.1032115,3.457227,-0.01189187,-0.05764667,0.1100112,0.1247679,0.3262448,0.879905,0.3442342,-0.02889618,183.3117,0.326381,0.8802723,0.3443779,1.221839,True,True,False,-0.1041853,0.5970304,0.1247905,0.618767,-0.1012204,-0.2312944,-0.3237489,-0.9118356,311.5205,-0.2465449,-0.5633692,-0.7885628,0.01415785,0.5841588,0.1793024,0.6112212,0.01048946,0.5489283,0.2136504,0.589134,-0.03584007,0.5615566,0.1684992,0.587386,0.05641089,-0.05933769,0.1119574,0.1386997,0.01700932,-0.07379238,0.1431113,0.1619119,0.009034886,-0.05280663,0.0769935,0.09379856,0.0564109,-0.05942099,0.1119107,0.1386977,0.01700614,-0.0738461,0.1430001,0.1618378,0.009059918,-0.05269855,0.07690091,0.09366413,0.02352242,-0.06161789,0.1082491,0.1267594,-0.8843751,-0.1149771,0.4359671,0.120804,166.123,-0.8908997,-0.1158254,0.4391836,15.0982,0,0,0,0,0,0,0,0,0,1,0,0,0.3623873,False,True,False,0.03136154,1.018841,0.2361389,1.046318,0.5358196,0.6651263,-0.1098768,0.5083615,118.8905,0.6222186,0.7723754,-0.127594,0.01863847,-0.01884079,0.06386109,0.06914192,0.4778568,-0.3475059,-0.02177768,0.8064852,72.49214,0.8082085,-0.5877435,-0.03683302,0.003668833,1.104491,-0.04104776,1.105259,0.01883851,0.02401175,0.00990573,0.9994851,3.677332,0.5871312,0.7483633,0.3087274,False
1773055717786,8.526222,0.0863554,0.9213093,0.1839518,0.9434544,-0.5353594,-0.2747058,-0.3617515,0.7120834,89.19064,-0.7625173,-0.391266,-0.515246,0.005391233,1.005971,0.2374554,1.03363,0.02116241,1.03318,0.2421644,1.061392,0.02793879,1.009923,0.248643,1.040456,-0.02607445,-0.08656225,0.102175,0.1364282,-0.01874957,-0.07109514,0.1311915,0.1503904,-0.003743509,-0.07322045,0.1093755,0.1316748,-0.02512372,-0.08505504,0.1035922,0.1363705,-0.0187564,-0.07071915,0.1312052,0.1502258,-0.00424186,-0.07275413,0.1044481,0.12736,-0.01664824,-0.07559028,0.1154956,0.1390334,-0.2884114,0.6318018,0.07476725,0.7155804,88.61842,-0.4128831,0.9044729,0.1070351,3.472278,-0.0121793,-0.05807948,0.1099935,0.1249806,0.3114558,0.8751453,0.3702902,-0.001337074,180.1532,0.3114561,0.8751459,0.3702905,1.164476,True,True,False,-0.1041708,0.5971223,0.1247814,0.6188513,-0.1013198,-0.2311766,-0.323757,-0.9118515,311.525,-0.2468083,-0.5631308,-0.7886505,0.01415336,0.5842302,0.1793276,0.6112967,0.01049431,0.5490026,0.2136783,0.5892134,-0.03581798,0.5616128,0.1685048,0.58744,0.05639788,-0.05932457,0.1119698,0.1386988,0.01701184,-0.07377533,0.1431435,0.1619329,0.00902882,-0.05282804,0.07701489,0.09382758,0.05640819,-0.05940095,0.111923,0.1386979,0.01700732,-0.07383139,0.1430299,0.1618576,0.009053455,-0.05272549,0.07692461,0.09369811,0.02352166,-0.06162054,0.1082777,0.126785,-0.8843324,-0.1150827,0.4361254,0.1204441,166.1645,-0.8908175,-0.1159266,0.4393237,15.09811,0,0,0,0,0,0,0,0,0,1,0,0,0.362076,False,True,False,0.03125608,1.019397,0.236689,1.046981,0.48642,0.6875713,-0.1119646,0.5273568,116.3459,0.5724987,0.8092464,-0.1317783,0.01874392,-0.01939726,0.06331103,0.06881769,0.5204965,-0.3300305,-0.04942084,0.7859523,76.38232,0.8418361,-0.5337818,-0.07993186,0.00377854,1.104566,-0.04104595,1.105335,0.01874453,0.02409368,0.009730636,0.9994867,3.671794,0.5850835,0.7520498,0.3037279,False
1773055717800,8.540271,0.08696273,0.9217252,0.1851739,0.9441553,-0.5475493,-0.2693638,-0.3427776,0.7142384,88.83836,-0.7823223,-0.3848591,-0.4897505,0.006287515,1.005751,0.2399855,1.034006,0.02194713,1.033435,0.2435085,1.061963,0.02954117,1.011604,0.2505033,1.042577,-0.0261681,-0.08702929,0.1016857,0.1363776,-0.01875674,-0.07139266,0.1308361,0.1502226,-0.003635106,-0.07333275,0.1102928,0.1324968,-0.02534313,-0.08547768,0.1031877,0.1363686,-0.01875647,-0.07086108,0.1311274,0.1502248,-0.004114679,-0.07287624,0.1056753,0.1284335,-0.0169392,-0.07608857,0.1153385,0.1392098,-0.2827367,0.6082184,0.07446442,0.7379602,84.88409,-0.4189661,0.9012725,0.1103432,3.478351,-0.01245397,-0.05854985,0.1098453,0.1250967,0.2971223,0.8700119,0.392705,0.02410594,177.2374,0.2972086,0.8702645,0.3928191,1.126191,True,True,False,-0.1041562,0.5972144,0.124774,0.6189363,-0.1014185,-0.2310474,-0.3237702,-0.9118686,311.5298,-0.2470715,-0.5628682,-0.7887555,0.01414716,0.5843,0.1793575,0.6113721,0.01049784,0.5490776,0.2137107,0.5892951,-0.03579715,0.5616701,0.1685133,0.5874959,0.05638279,-0.0593126,0.1119824,0.1386977,0.01701463,-0.0737578,0.1431765,0.1619544,0.009022767,-0.05284855,0.07703594,0.09385583,0.05640287,-0.05938245,0.1119354,0.1386979,0.01700885,-0.07381597,0.1430607,0.1618779,0.009047029,-0.05275128,0.07694793,0.09373116,0.02351941,-0.06162282,0.1083061,0.1268099,-0.8842996,-0.1151635,0.4362669,0.1200955,166.2048,-0.8907465,-0.1160031,0.4394475,15.09725,0,0,0,0,0,0,0,0,0,1,0,0,0.3617794,False,True,False,0.03176847,1.02014,0.2375505,1.047915,0.4373625,0.7091123,-0.1187973,0.5401492,114.6124,0.5196987,0.8426071,-0.1411617,0.01823153,-0.02014041,0.06244953,0.06810263,0.5600265,-0.3182852,-0.07696138,0.7610138,80.89271,0.8632581,-0.4906237,-0.1186328,0.003878672,1.104618,-0.04102724,1.105386,0.01859539,0.02432246,0.009342305,0.9994876,3.668381,0.5809686,0.7598969,0.291878,False
1773055717813,8.554002,0.08756407,0.9221575,0.1863595,0.944866,-0.5584103,-0.2639824,-0.3247497,0.7162604,88.50683,-0.8002061,-0.3782887,-0.4653687,0.007152691,1.00553,0.2424438,1.034369,0.02272505,1.033674,0.244945,1.062543,0.03110202,1.013505,0.2524266,1.04493,-0.02637709,-0.08747141,0.1011917,0.1363333,-0.01877643,-0.07166634,0.1305264,0.1500859,-0.003498434,-0.07343756,0.1115118,0.1335672,-0.02555618,-0.08589696,0.1027713,0.1363574,-0.0187606,-0.07102778,0.1310029,0.1501955,-0.003987758,-0.07299244,0.1068856,0.1294926,-0.01722884,-0.07661621,0.1150769,0.1393182,-0.2774119,0.5850384,0.07334861,0.7585465,81.32755,-0.4257272,0.8978229,0.1125637,3.477403,-0.01272738,-0.05904793,0.1095984,0.1251417,0.2831549,0.8641784,0.413046,0.04912189,174.3688,0.283497,0.8652226,0.413545,1.131679,True,True,False,-0.1041415,0.5973068,0.1247681,0.6190218,-0.1015164,-0.2309072,-0.3237882,-0.9118868,311.5348,-0.2473345,-0.5625821,-0.7888772,0.0141393,0.5843686,0.179392,0.6114475,0.0105,0.5491534,0.2137473,0.5893791,-0.03577751,0.5617284,0.1685245,0.5875537,0.05636578,-0.05930164,0.1119952,0.1386965,0.01701772,-0.07373984,0.1432101,0.1619762,0.009016776,-0.05286818,0.07705677,0.0938834,0.05639525,-0.05936584,0.1119477,0.1386976,0.01701068,-0.07380031,0.1430914,0.1618981,0.009040807,-0.05277534,0.07697033,0.09376249,0.02351585,-0.06162472,0.1083337,0.1268337,-0.8842769,-0.1152197,0.4363886,0.1197663,166.2428,-0.8906879,-0.116055,0.4395525,15.09568,0,0,0,0,0,0,0,0,0,1,0,0,0.3617787,False,True,False,0.03226958,1.020667,0.2387301,1.048711,0.3914568,0.7280809,-0.1241183,0.5488665,113.4214,0.4683002,0.8710039,-0.1484829,0.01773042,-0.02066743,0.06126992,0.06704859,0.5937392,-0.3073623,-0.1035936,0.7363903,85.15035,0.8775894,-0.4543037,-0.1531188,0.004018087,1.104641,-0.0409805,1.105409,0.01866816,0.02469233,0.009308982,0.9994774,3.704692,0.5775411,0.7639122,0.2879941,False
1773055717828,8.568071,0.08774723,0.9221685,0.1874736,0.9451141,-0.5682899,-0.2624443,-0.3116421,0.7148768,88.7338,-0.8127129,-0.3753223,-0.4456803,0.007460281,1.005826,0.2433251,1.034867,0.02251042,1.033402,0.2451217,1.062314,0.0317828,1.014497,0.2528569,1.046016,-0.02670971,-0.08749572,0.1010925,0.13634,-0.01897356,-0.07220154,0.1296827,0.1496351,-0.003485095,-0.07341374,0.1117006,0.1337114,-0.02579817,-0.08623961,0.1024141,0.1363505,-0.01880553,-0.07127564,0.130724,0.1500755,-0.003882175,-0.07308126,0.1079077,0.1303841,-0.01749519,-0.0771281,0.1146746,0.1393022,-0.2725038,0.5662927,0.07162658,0.7745476,78.47193,-0.4308254,0.8953024,0.1132408,3.459401,-0.01297879,-0.05953114,0.1092187,0.1250645,0.2738949,0.8592128,0.4268878,0.06710086,172.305,0.2745136,0.8611534,0.4278519,0.992637,True,True,False,-0.1041091,0.5972797,0.1247295,0.6189824,-0.1015203,-0.2307326,-0.323801,-0.911926,311.5458,-0.2473964,-0.5622761,-0.789076,0.01414978,0.5843367,0.1793969,0.6114187,0.01050817,0.5491211,0.2137612,0.5893541,-0.03574884,0.5616761,0.1685113,0.5874982,0.05636593,-0.05929285,0.1119982,0.1386952,0.01702252,-0.07372922,0.1432317,0.161991,0.009011658,-0.05288699,0.07706984,0.09390423,0.0563891,-0.05935053,0.1119583,0.1386971,0.01701316,-0.0737854,0.1431208,0.1619176,0.009034696,-0.05279877,0.07699121,0.09379222,0.02351303,-0.06162689,0.1083595,0.1268563,-0.884251,-0.1152659,0.4365153,0.1194505,166.2792,-0.8906277,-0.1160971,0.4396632,15.09458,0,0,0,0,0,0,0,0,0,1,0,0,0.3613012,False,True,False,0.03272095,1.021021,0.2400136,1.049362,0.3469871,0.7447038,-0.127922,0.5555649,112.5007,0.417316,0.8956438,-0.1538498,0.01727905,-0.02102053,0.05998638,0.06586953,0.6238768,-0.2958269,-0.1293406,0.711713,89.25108,0.8881182,-0.4211237,-0.1841225,0.004162132,1.104639,-0.0410011,1.105407,0.01852218,0.02486728,0.009336289,0.9994755,3.711447,0.5719817,0.767924,0.288313,False
1773055717841,8.581808,0.08792999,0.9222049,0.1884966,0.94537,-0.5777029,-0.2599972,-0.2978403,0.7141092,88.85951,-0.8252494,-0.3714064,-0.4254653,0.00778617,1.005958,0.2444125,1.035253,0.02241486,1.033174,0.2455391,1.062187,0.03254956,1.015521,0.2534406,1.047175,-0.02706811,-0.08755788,0.1009442,0.1363407,-0.01916521,-0.07263851,0.129012,0.1492908,-0.003459306,-0.07335687,0.1120456,0.1339679,-0.02605951,-0.08651675,0.1021071,0.1363456,-0.01887992,-0.07155826,0.1303688,0.1499101,-0.003794996,-0.07313824,0.1087723,0.1311297,-0.01774303,-0.07759772,0.1142174,0.1392187,-0.2680884,0.5512305,0.0697618,0.787024,76.18347,-0.4345579,0.8935168,0.1130804,3.433914,-0.01321276,-0.05997443,0.1087871,0.1249245,0.2677108,0.8552189,0.4364986,0.08000667,170.8221,0.2685717,0.857969,0.4379022,0.8788121,True,True,False,-0.1040755,0.5972456,0.1246902,0.6189359,-0.1015121,-0.2305448,-0.3238171,-0.9119687,311.5577,-0.2474336,-0.5619483,-0.7892977,0.01416016,0.5842989,0.1794037,0.6113849,0.01051491,0.5490837,0.2137777,0.5893253,-0.03572117,0.5616187,0.1684994,0.5874382,0.05636674,-0.05928528,0.1120001,0.1386938,0.0170278,-0.07371923,0.1432523,0.1620052,0.009006705,-0.05290499,0.07708171,0.09392364,0.0563845,-0.05933711,0.1119669,0.1386964,0.01701617,-0.07377178,0.1431479,0.1619356,0.009028938,-0.05282064,0.07700984,0.09381928,0.02351098,-0.0616292,0.1083829,0.126877,-0.8842236,-0.1153004,0.436641,0.11916,166.3128,-0.8905689,-0.1161278,0.4397743,15.09394,0,0,0,0,0,0,0,0,0,1,0,0,0.3609167,False,True,False,0.03249822,1.021171,0.2402666,1.049559,0.3134009,0.7538596,-0.132139,0.5621521,111.5905,0.3789456,0.911522,-0.1597746,0.01750178,-0.02117133,0.05973339,0.06574661,0.6469148,-0.2861801,-0.1451805,0.691755,92.46162,0.8958398,-0.3962987,-0.2010442,0.004294046,1.104613,-0.04103673,1.105383,0.01859953,0.02531851,0.009441103,0.9994618,3.759646,0.5670056,0.7718332,0.2878114,False
1773055717854,8.595823,0.08821689,0.9216397,0.1897537,0.9450971,-0.5824685,-0.2614492,-0.293419,0.7115336,89.28034,-0.8289572,-0.3720891,-0.4175879,0.007826261,1.005782,0.2446977,1.03515,0.0221206,1.032532,0.245606,1.061572,0.03276687,1.015582,0.2537186,1.047308,-0.02737516,-0.08750776,0.1008894,0.1363293,-0.01942485,-0.07299263,0.1284462,0.149009,-0.003466713,-0.07333367,0.1120543,0.1339627,-0.02633494,-0.08672824,0.1018488,0.1363396,-0.01899431,-0.0718607,0.1299629,0.1497168,-0.003726223,-0.07317926,0.1094703,0.1317302,-0.0179715,-0.07800799,0.1137503,0.1390948,-0.2641147,0.5397725,0.06772664,0.7964309,74.41875,-0.4367486,0.8925851,0.1119949,3.404611,-0.01342843,-0.06036172,0.1083461,0.1247507,0.2643257,0.8524137,0.4424182,0.08825775,169.8732,0.2653611,0.8557529,0.4441513,0.714868,True,True,False,-0.1040742,0.5972727,0.1246068,0.618945,-0.10143,-0.2304723,-0.3238429,-0.911987,311.5628,-0.2472581,-0.5618274,-0.7894389,0.01415504,0.584364,0.1793421,0.6114289,0.01050691,0.5491296,0.2137229,0.5893481,-0.03571647,0.5616384,0.1684385,0.5874392,0.05638799,-0.05926733,0.1119982,0.1386933,0.01703387,-0.07371897,0.1432562,0.1620092,0.009001283,-0.05292153,0.07709263,0.09394139,0.05638523,-0.05932252,0.1119734,0.1386957,0.01701987,-0.07376074,0.1431706,0.161951,0.009023157,-0.05284175,0.07702716,0.09384482,0.02351196,-0.06163163,0.1084037,0.1268961,-0.8841773,-0.1153712,0.436791,0.1188852,166.3445,-0.8904927,-0.1161952,0.4399109,15.0947,0,0,0,0,0,0,0,0,0,1,0,0,0.3602745,False,True,False,0.03235959,1.021161,0.240705,1.049646,0.2861849,0.7623494,-0.1365799,0.5641521,111.3131,0.3466089,0.9233091,-0.1654168,0.01764041,-0.0211612,0.059295,0.06538255,0.6639972,-0.2808547,-0.1597532,0.67432,95.19728,0.8991898,-0.3803355,-0.2163389,0.004449323,1.104558,-0.04105139,1.10533,0.01871762,0.02584371,0.009411896,0.9994465,3.812988,0.5626215,0.7768202,0.2829064,False
1773055717869,8.609661,0.08851629,0.9211055,0.1910167,0.9448587,-0.587681,-0.261938,-0.287392,0.7095248,89.60748,-0.8339681,-0.3717118,-0.407833,0.008137763,1.005523,0.2454065,1.035069,0.02194738,1.031876,0.2459312,1.061006,0.03312386,1.01558,0.2541605,1.047425,-0.02745805,-0.0874323,0.1008427,0.136263,-0.01964888,-0.07331987,0.1279272,0.1487523,-0.003478891,-0.07329094,0.1120296,0.133919,-0.02656793,-0.08687684,0.1016375,0.1363218,-0.0191302,-0.0721655,0.129537,0.1495114,-0.003674928,-0.07320245,0.1100098,0.1321903,-0.01815562,-0.07834352,0.1133171,0.1389536,-0.2607875,0.5312383,0.0661049,0.8033716,73.09344,-0.4379466,0.8921208,0.1110115,3.370002,-0.01360224,-0.06067846,0.1079372,0.1245686,0.262384,0.8505345,0.4461285,0.0933582,169.2863,0.2635349,0.8542651,0.4480853,0.5911968,True,True,False,-0.104074,0.5972981,0.1245199,0.6189521,-0.1013284,-0.2304046,-0.3238726,-0.9120048,311.5678,-0.2470342,-0.5617166,-0.7895876,0.01415001,0.584434,0.1792759,0.6114762,0.01049798,0.5491781,0.2136636,0.5893716,-0.03571349,0.5616598,0.1683751,0.5874414,0.05641266,-0.05924884,0.111995,0.1386928,0.01704038,-0.07372063,0.143257,0.1620113,0.008995907,-0.05293717,0.07710239,0.0939577,0.05639091,-0.05930727,0.1119779,0.1386951,0.01702411,-0.07375244,0.1431885,0.1619635,0.009017519,-0.05286151,0.07704274,0.0938682,0.02351573,-0.06163407,0.1084213,0.1269131,-0.8841146,-0.1154736,0.4369593,0.1186332,166.3736,-0.8904025,-0.1162949,0.440067,15.09672,0,0,0,0,0,0,0,0,0,1,0,0,0.3599153,False,True,False,0.03207076,1.020577,0.2409565,1.049127,0.2711137,0.7635824,-0.1384975,0.5694364,110.5781,0.3298078,0.9288923,-0.1684812,0.01792924,-0.02057719,0.05904353,0.06504627,0.6748769,-0.2745112,-0.1638173,0.6650931,96.62107,0.9037394,-0.3676027,-0.2193706,0.004588202,1.104518,-0.04098925,1.105288,0.01891249,0.02617547,0.009153557,0.9994366,3.846918,0.5634642,0.7798519,0.272714,False
1773055717884,8.623785,0.08881387,0.9206203,0.1922314,0.9446601,-0.5937102,-0.2617906,-0.2796084,0.7076674,89.90912,-0.8402998,-0.3705218,-0.3957399,0.00858216,1.00527,0.246273,1.035033,0.02183051,1.03126,0.2463025,1.06049,0.03357529,1.015582,0.2545601,1.047538,-0.02744647,-0.08734756,0.1007966,0.1361722,-0.01984505,-0.07363497,0.1274273,0.1485047,-0.00349871,-0.07321642,0.1119423,0.1338057,-0.02675328,-0.08697769,0.1014581,0.1362887,-0.01928088,-0.07247767,0.1290879,0.1492932,-0.003637786,-0.0732054,0.110424,0.1325357,-0.01829572,-0.07861789,0.1129121,0.1387971,-0.2579655,0.5247777,0.0651886,0.8085868,72.08382,-0.4384358,0.8919073,0.110794,3.329879,-0.01373449,-0.06093745,0.1075549,0.1243787,0.2608902,0.848976,0.449158,0.09712888,168.8523,0.2621295,0.8530088,0.4512916,0.60127,True,True,False,-0.1040749,0.597322,0.1244297,0.6189571,-0.1012079,-0.2303412,-0.3239062,-0.9120224,311.5727,-0.2467641,-0.5616153,-0.7897444,0.01414499,0.5845088,0.1792053,0.6115269,0.01048813,0.5492293,0.2135999,0.5893961,-0.03571209,0.5616831,0.1683095,0.5874447,0.05644069,-0.05922976,0.1119903,0.1386923,0.01704742,-0.07372404,0.1432546,0.1620115,0.0089906,-0.05295197,0.07711112,0.09397269,0.05640138,-0.05929097,0.1119805,0.1386945,0.01702902,-0.07374647,0.1432024,0.1619736,0.009011857,-0.05288055,0.07705712,0.09389018,0.02352222,-0.06163658,0.1084366,0.1269286,-0.8840348,-0.1156086,0.4371495,0.1183957,166.401,-0.8902967,-0.1164274,0.4402459,15.09999,0,0,0,0,0,0,0,0,0,1,0,0,0.3595589,False,True,False,0.03193972,1.019988,0.2414025,1.048652,0.2588818,0.7657952,-0.1414057,0.571439,110.2987,0.3154615,0.933163,-0.1723106,0.01806029,-0.0199877,0.05859753,0.06449305,0.6830749,-0.2717262,-0.1684049,0.6566685,97.90743,0.9057194,-0.3602938,-0.2232955,0.00471298,1.104455,-0.04092485,1.105224,0.0192542,0.02658646,0.009206862,0.9994187,3.90749,0.5647655,0.7798358,0.2700563,False
1773055717898,8.637722,0.08905585,0.9198626,0.1931228,0.9441263,-0.5941688,-0.2615624,-0.2790745,0.7075776,89.92368,-0.8408418,-0.3701518,-0.3949341,0.009349473,1.004503,0.2475509,1.034599,0.02191725,1.030371,0.2471533,1.059826,0.03406373,1.014273,0.2550581,1.046406,-0.0268089,-0.08726815,0.1007938,0.135992,-0.01999118,-0.07379312,0.1272575,0.1484572,-0.003577583,-0.07288669,0.1112481,0.1330466,-0.02676489,-0.0870392,0.1013179,0.136226,-0.01942889,-0.07275432,0.128702,0.1491136,-0.003625231,-0.07313885,0.1105986,0.1326442,-0.01832809,-0.07877379,0.112613,0.1386467,-0.2570449,0.5209258,0.06712655,0.8112079,71.57176,-0.439575,0.8908404,0.1147938,3.292649,-0.01376505,-0.06108463,0.1072725,0.1242103,0.2591545,0.848366,0.4510965,0.09811653,168.7386,0.2604109,0.8524789,0.4532835,0.5563741,True,True,False,-0.1040395,0.597337,0.1243481,0.6189492,-0.1010481,-0.2304178,-0.3239317,-0.9120116,311.5697,-0.2463599,-0.5617694,-0.7897606,0.01419806,0.5846056,0.1791087,0.6115924,0.01053862,0.5492923,0.2135397,0.5894339,-0.03565767,0.5617042,0.1682392,0.5874415,0.0564881,-0.05920475,0.1119819,0.1386941,0.01704908,-0.07372143,0.1432662,0.1620207,0.008986617,-0.052973,0.07712013,0.09399156,0.05641942,-0.05927302,0.1119808,0.1386944,0.01703319,-0.07374126,0.1432157,0.1619834,0.009006605,-0.0528998,0.07707024,0.09391129,0.02353247,-0.06163921,0.1084518,0.1269448,-0.883934,-0.1157583,0.4373799,0.1181507,166.4292,-0.8901691,-0.1165749,0.4404651,15.10624,0,0,0,0,0,0,0,0,0,1,0,0,0.3598103,False,True,False,0.03190963,1.019461,0.2418551,1.048243,0.2467525,0.7690874,-0.1450507,0.5714701,110.2944,0.3006892,0.9371995,-0.1767568,0.01809037,-0.01946092,0.05814493,0.06392825,0.6905307,-0.2707216,-0.1742521,0.6476986,99.26339,0.9063311,-0.3553258,-0.2287084,0.004778657,1.104446,-0.04076316,1.105208,0.01924719,0.02674892,0.009083926,0.9994156,3.917893,0.5630603,0.7825173,0.2657426,False
1773055717910,8.651236,0.08929396,0.9191746,0.1939803,0.9436544,-0.5949743,-0.2612125,-0.2778969,0.7074934,89.93732,-0.8418813,-0.3696125,-0.3932207,0.01008741,1.0038,0.2487794,1.034218,0.02198142,1.029495,0.2479733,1.059167,0.03453501,1.013171,0.2555749,1.045479,-0.02623044,-0.08718797,0.1007845,0.1358208,-0.0201367,-0.07397772,0.1270291,0.1483731,-0.00364275,-0.07260393,0.1106948,0.1324309,-0.02665612,-0.08706991,0.1012082,0.1361426,-0.0195727,-0.0730055,0.1283576,0.1489583,-0.003628795,-0.07302982,0.1106185,0.1326008,-0.01828546,-0.07884934,0.1123862,0.1384999,-0.2573411,0.5187061,0.07083531,0.8122204,71.37312,-0.441143,0.889184,0.1214283,3.256621,-0.01372479,-0.06115594,0.1070584,0.1240561,0.2572668,0.8482916,0.4524325,0.09757415,168.801,0.2585002,0.8523586,0.4546016,0.5342473,True,True,False,-0.104003,0.5973503,0.1242642,0.6189391,-0.1008681,-0.2305145,-0.3239594,-0.9119973,311.5657,-0.245902,-0.5619617,-0.7897671,0.01425572,0.5847095,0.1790046,0.6116626,0.01059318,0.5493596,0.2134759,0.5894745,-0.03560049,0.5617272,0.1681659,0.587439,0.05654057,-0.05917858,0.1119717,0.1386961,0.01705049,-0.07371947,0.1432769,0.1620295,0.008982845,-0.05299417,0.07712832,0.09400985,0.05644402,-0.05925383,0.111979,0.1386947,0.0170367,-0.07373683,0.1432281,0.1619928,0.009001779,-0.05291898,0.07708205,0.09393132,0.02354595,-0.06164191,0.1084666,0.1269612,-0.8838156,-0.1159196,0.4376433,0.1179028,166.4578,-0.8900234,-0.1167338,0.4407172,15.11506,0,0,0,0,0,0,0,0,0,1,0,0,0.3611901,False,True,False,0.03207564,1.018441,0.2427596,1.047465,0.2438414,0.7703248,-0.1444835,0.5711966,110.3326,0.2970729,0.9384897,-0.1760247,0.01792436,-0.01844072,0.05724046,0.06275199,0.6917187,-0.2697149,-0.1766465,0.6462005,99.48851,0.9063784,-0.3534149,-0.2314648,0.004852518,1.104458,-0.04062334,1.105216,0.019365,0.02694486,0.008955491,0.9994092,3.939215,0.5634399,0.7839819,0.260567,False
1773055717925,8.665156,0.08939962,0.9187836,0.1945284,0.9433964,-0.5948938,-0.2613078,-0.2780395,0.7074699,89.94113,-0.8417395,-0.3697351,-0.3934093,0.01037554,1.003378,0.249422,1.033966,0.0219534,1.029203,0.2484661,1.058998,0.03480387,1.012237,0.2557701,1.044631,-0.02599511,-0.08712926,0.1007641,0.1357227,-0.02026795,-0.07402149,0.1271324,0.1485012,-0.00371519,-0.07229514,0.1100668,0.1317387,-0.02651851,-0.08708243,0.1011147,0.1360542,-0.01971721,-0.07321909,0.1280993,0.1488598,-0.003646787,-0.07287645,0.110502,0.1324197,-0.0182171,-0.07885688,0.1122259,0.1383652,-0.2583621,0.5183041,0.07601105,0.8116848,71.47826,-0.4423283,0.8873616,0.1301346,3.236115,-0.01366025,-0.06116307,0.1069071,0.1239219,0.2556371,0.8485665,0.4532154,0.09581877,169.0031,0.2568187,0.8524886,0.4553102,0.4768924,True,True,False,-0.1039704,0.597369,0.1242125,0.6189412,-0.1007014,-0.2305869,-0.3239037,-0.9120172,311.5712,-0.2455222,-0.5621988,-0.7897163,0.01429436,0.5847604,0.1789451,0.6116947,0.01062878,0.5494084,0.2134481,0.5895105,-0.03554317,0.561731,0.1681344,0.5874302,0.05655716,-0.05917323,0.1119649,0.1386951,0.01704768,-0.07371841,0.1432858,0.1620366,0.008977107,-0.05302962,0.07714976,0.09404688,0.05646755,-0.05923707,0.111976,0.1386948,0.01703898,-0.073733,0.1432401,0.1620019,0.00899665,-0.052942,0.07709613,0.09395536,0.02355919,-0.06164716,0.1084827,0.12698,-0.8836905,-0.116067,0.4379272,0.1176409,166.4881,-0.8898696,-0.1168786,0.4409893,15.12304,0,0,0,0,0,0,0,0,0,1,0,0,0.3605422,False,True,False,0.03233741,1.017566,0.2436289,1.046824,0.2415169,0.7723649,-0.1445329,0.569414,110.5813,0.293798,0.9395586,-0.1758199,0.01766259,-0.01756608,0.05637111,0.06162983,0.6921558,-0.2703057,-0.1797642,0.644624,99.72502,0.9053708,-0.3535719,-0.2351396,0.004928499,1.104491,-0.04047347,1.105244,0.01922674,0.02737933,0.008918744,0.9994004,3.968321,0.5553132,0.7907789,0.2575941,False
1773055717939,8.679056,0.08950436,0.9184364,0.1950423,0.9431744,-0.5948964,-0.2613792,-0.2780424,0.7074402,89.94595,-0.8417076,-0.3698204,-0.3933969,0.01066323,1.003004,0.2500083,1.033748,0.02191423,1.028953,0.2489116,1.058858,0.03505737,1.011429,0.2559658,1.043904,-0.02578108,-0.08705284,0.1007434,0.1356174,-0.02041297,-0.07406655,0.1272304,0.1486275,-0.003779319,-0.07201711,0.109526,0.1311361,-0.0263653,-0.0870762,0.1010366,0.1359625,-0.01986176,-0.07339703,0.1279164,0.1488094,-0.003674347,-0.07269716,0.1102967,0.1321505,-0.018136,-0.07881314,0.1121211,0.1382446,-0.2598518,0.5191631,0.08190186,0.8100857,71.7914,-0.4431975,0.8854732,0.13969,3.227715,-0.01358372,-0.06112178,0.1068081,0.1238078,0.2542351,0.8490306,0.4536255,0.09346851,169.2737,0.2553529,0.8527635,0.45562,0.4426977,True,True,False,-0.103937,0.5973864,0.1241609,0.6189421,-0.1005201,-0.2306724,-0.323839,-0.9120384,311.5772,-0.2451085,-0.5624723,-0.78965,0.01433457,0.5848094,0.1788833,0.6117244,0.01066555,0.5494576,0.2134198,0.5895468,-0.03548322,0.5617333,0.1681036,0.5874199,0.05657293,-0.05916984,0.1119573,0.1386939,0.01704404,-0.07371806,0.1432939,0.1620432,0.008971254,-0.05306718,0.07717232,0.09408601,0.05648944,-0.0592231,0.1119722,0.1386946,0.01704003,-0.0737299,0.1432513,0.1620105,0.008991376,-0.05296802,0.07711197,0.09398251,0.02357187,-0.06165472,0.1084996,0.1270004,-0.8835626,-0.1161974,0.4382223,0.1173735,166.5189,-0.8897125,-0.1170062,0.4412725,15.13001,0,0,0,0,0,0,0,0,0,1,0,0,0.3609353,False,True,False,0.03247758,1.017017,0.2441936,1.046427,0.2413597,0.7738345,-0.1440121,0.5676144,110.8319,0.2931633,0.9399243,-0.1749217,0.01752242,-0.01701748,0.05580643,0.06091787,0.6912919,-0.2711464,-0.1818236,0.6446203,99.72558,0.9042372,-0.3546702,-0.2378324,0.005078405,1.10453,-0.04037436,1.105279,0.01906926,0.02750229,0.008749656,0.9994016,3.964571,0.5512858,0.795082,0.2529496,False
1773055717953,8.692973,0.08961467,0.9181011,0.1955614,0.9429659,-0.5949792,-0.2614275,-0.2779105,0.7074046,89.95174,-0.8417824,-0.3698701,-0.3931904,0.01097621,1.002643,0.250602,1.033545,0.02187102,1.028711,0.24935,1.058726,0.03531181,1.010677,0.2561817,1.043237,-0.02555536,-0.08696289,0.1007226,0.1355015,-0.02057072,-0.07411284,0.1273229,0.1487514,-0.003839134,-0.07175294,0.109031,0.1305794,-0.02619695,-0.08705235,0.1009706,0.1358656,-0.02000929,-0.07354744,0.1277914,0.148796,-0.003708638,-0.07249987,0.1100309,0.131821,-0.01804699,-0.07873039,0.1120589,0.1381353,-0.2617202,0.5208619,0.0881622,0.8077332,72.24992,-0.4439335,0.8834933,0.149542,3.227842,-0.01349969,-0.06104365,0.1067494,0.1237094,0.252862,0.8496732,0.4537812,0.09055121,169.6094,0.253905,0.8531779,0.455653,0.4607887,True,True,False,-0.103903,0.5974028,0.1241094,0.6189419,-0.1003248,-0.2307707,-0.323766,-0.9120611,311.5835,-0.2446621,-0.5627807,-0.7895685,0.01437616,0.5848567,0.1788193,0.611752,0.01070339,0.5495076,0.213391,0.5895836,-0.03542073,0.5617342,0.1680739,0.5874085,0.0565879,-0.05916827,0.1119488,0.1386925,0.01703968,-0.07371826,0.143301,0.1620491,0.008965268,-0.05310663,0.07719614,0.09412722,0.05650991,-0.0592117,0.1119673,0.1386942,0.01703996,-0.07372747,0.1432616,0.1620185,0.008985949,-0.05299686,0.07712948,0.09401261,0.02358409,-0.06166442,0.1085171,0.1270223,-0.8834311,-0.1163125,0.4385298,0.1171007,166.5504,-0.8895512,-0.1171183,0.4415677,15.13604,0,0,0,0,0,0,0,0,0,1,0,0,0.3616006,False,True,False,0.03265746,1.016572,0.2447026,1.046119,0.2417502,0.7753794,-0.1437087,0.5654128,111.1381,0.2930987,0.9400724,-0.1742329,0.01734254,-0.01657224,0.05529737,0.06027605,0.6900434,-0.2725567,-0.1837977,0.6448034,99.69813,0.9027865,-0.356587,-0.2404632,0.005230465,1.104552,-0.0402857,1.105299,0.01903038,0.02775379,0.008430554,0.9993981,3.976007,0.5485792,0.8000443,0.2430233,False
1773055717967,8.707036,0.08970501,0.9178803,0.1957305,0.9427946,-0.5949947,-0.2615623,-0.2780229,0.7072975,89.96909,-0.8416767,-0.3700049,-0.3932899,0.01107071,1.002419,0.2506972,1.033352,0.02187356,1.028622,0.2494591,1.058665,0.03550404,1.010134,0.2560897,1.042695,-0.02556229,-0.08692864,0.1006983,0.1354628,-0.02064963,-0.07413948,0.1274474,0.1488822,-0.003888606,-0.07154714,0.108638,0.1301397,-0.02606386,-0.08702613,0.1009129,0.1357803,-0.02014372,-0.07367283,0.1277184,0.1488135,-0.003746387,-0.07229905,0.1097365,0.1314659,-0.01797353,-0.07863384,0.1120197,0.1380389,-0.2635995,0.5232871,0.09432483,0.8048533,72.80783,-0.4441637,0.8817357,0.1589368,3.237492,-0.01343035,-0.06095251,0.1067125,0.123625,0.2517071,0.8503873,0.4537218,0.0873056,169.9828,0.2526719,0.8536466,0.4554608,0.471589,True,True,False,-0.1039217,0.5973783,0.124151,0.6189297,-0.1000846,-0.2308589,-0.3237197,-0.9120817,311.5892,-0.2441037,-0.5630586,-0.7895437,0.01435348,0.5848327,0.1788634,0.6117413,0.01069362,0.549538,0.2134793,0.5896438,-0.03539081,0.5616781,0.1681504,0.5873749,0.05656457,-0.05919262,0.1119443,0.1386898,0.01703969,-0.07371037,0.1433252,0.1620669,0.008955062,-0.05317422,0.07723801,0.09419873,0.05652137,-0.0592077,0.1119625,0.1386932,0.01703991,-0.07372389,0.143275,0.1620287,0.008979475,-0.05303407,0.07715224,0.09405164,0.02359232,-0.0616792,0.1085381,0.127049,-0.8833107,-0.1163574,0.4388424,0.1167926,166.5859,-0.8893976,-0.1171592,0.4418665,15.13796,0,0,0,0,0,0,0,0,0,1,0,0,0.3635928,False,True,False,0.03287264,1.016185,0.2451986,1.045866,0.2425017,0.7771073,-0.143591,0.5627423,111.5087,0.2933611,0.9400882,-0.173706,0.01712736,-0.01618528,0.05480137,0.05965317,0.688464,-0.2745059,-0.1858789,0.6450682,99.65843,0.9009835,-0.3592422,-0.2432572,0.00541937,1.104581,-0.04025988,1.105327,0.01897313,0.02792513,0.008153375,0.9993967,3.980533,0.5463069,0.804068,0.2347659,False
1773055717981,8.721015,0.08978893,0.9176847,0.1958937,0.942646,-0.5950687,-0.2616881,-0.2780516,0.7071775,89.98855,-0.8416384,-0.3701198,-0.3932637,0.01120161,1.002222,0.2508085,1.033189,0.0218581,1.028568,0.2495466,1.058632,0.03571204,1.009586,0.2559529,1.042138,-0.02552159,-0.08688044,0.1006758,0.1354075,-0.02074492,-0.07416645,0.1275771,0.1490199,-0.003945273,-0.07130618,0.108203,0.1296457,-0.02595063,-0.08699542,0.100863,0.1357018,-0.02026939,-0.07377685,0.1276886,0.1488565,-0.003787895,-0.07209065,0.1094147,0.1310839,-0.01790944,-0.07852203,0.1120012,0.1379519,-0.2655892,0.5263016,0.100461,0.8014841,73.45589,-0.4441172,0.8800793,0.1679904,3.254556,-0.01336985,-0.06084697,0.106695,0.1235513,0.2506858,0.8511984,0.4534445,0.08370599,170.3968,0.2515686,0.854196,0.4550413,0.4870782,True,True,False,-0.1039428,0.5973505,0.1241977,0.6189158,-0.0998278,-0.2309564,-0.3236693,-0.9121029,311.5952,-0.2435055,-0.5633616,-0.789512,0.0143277,0.5848013,0.1789124,0.611725,0.01068243,0.5495691,0.2135752,0.5897073,-0.03535923,0.5616164,0.1682345,0.5873381,0.05653598,-0.05922154,0.1119396,0.1386867,0.01703954,-0.07370197,0.1433507,0.1620856,0.00894421,-0.05324677,0.07728314,0.09427567,0.05652442,-0.05921059,0.1119577,0.1386919,0.01703983,-0.07371932,0.1432908,0.1620405,0.008972119,-0.05307849,0.07717957,0.09409841,0.02359677,-0.06169849,0.108562,0.1270796,-0.8832015,-0.1163374,0.4391567,0.1164562,166.6247,-0.8892522,-0.1171344,0.4421653,15.13607,0,0,0,0,0,0,0,0,0,1,0,0,0.3654974,False,True,False,0.0330658,1.015947,0.2453098,1.045666,0.243836,0.7786223,-0.1434954,0.5600896,111.876,0.2943344,0.9398748,-0.1732133,0.0169342,-0.01594675,0.05469023,0.05943136,0.6865973,-0.2766183,-0.1875561,0.6456696,99.5682,0.8991385,-0.3622475,-0.2456154,0.00562024,1.104597,-0.04022296,1.105343,0.01883808,0.02803249,0.007785571,0.9993992,3.972461,0.5435206,0.8087997,0.2246311,False
1773055717994,8.73448,0.0897699,0.91711,0.1961614,0.9421405,-0.5950817,-0.2618846,-0.2783819,0.7069637,90.02319,-0.8414025,-0.3702859,-0.3936118,0.01113254,1.001675,0.2509414,1.03269,0.02180107,1.028049,0.2497325,1.058172,0.03572729,1.008904,0.2560547,1.041503,-0.02559054,-0.08686917,0.1006552,0.135398,-0.02077829,-0.07418609,0.1275995,0.1490535,-0.003975107,-0.07121348,0.1080377,0.1294577,-0.02587762,-0.08696962,0.1008205,0.1356398,-0.02037268,-0.07386053,0.1276704,0.1488965,-0.003825811,-0.07191186,0.1091347,0.130753,-0.01786587,-0.07842628,0.1119825,0.1378766,-0.2672434,0.5290911,0.1055189,0.7984419,74.03686,-0.4438729,0.8787839,0.1752597,3.271791,-0.0133287,-0.06075659,0.1066773,0.1234871,0.2499728,0.851862,0.4531299,0.08073822,170.738,0.2507915,0.854652,0.4546139,0.4670509,True,True,False,-0.1038869,0.5973354,0.124219,0.6188961,-0.09956945,-0.2310708,-0.323706,-0.9120892,311.5914,-0.2428572,-0.5635986,-0.7895427,0.01438357,0.58481,0.1789344,0.6117411,0.01075715,0.5496233,0.2136201,0.5897753,-0.03524794,0.5615831,0.1682837,0.5873137,0.05651205,-0.05924417,0.111937,0.1386845,0.01703993,-0.0737059,0.1433561,0.1620923,0.008934861,-0.05331499,0.07731971,0.0943433,0.05652191,-0.05921739,0.1119535,0.1386904,0.01703985,-0.0737166,0.143304,0.162051,0.008964574,-0.05312644,0.07720797,0.09414804,0.02359894,-0.06172061,0.1085847,0.1271101,-0.8831035,-0.1163111,0.4394498,0.1161204,166.6635,-0.8891182,-0.1171033,0.4424428,15.13132,0,0,0,0,0,0,0,0,0,1,0,0,0.3667574,False,True,False,0.03325573,1.015758,0.2453964,1.045509,0.2454846,0.7801701,-0.1435289,0.5571995,112.2753,0.2956297,0.9395354,-0.1728475,0.01674427,-0.01575816,0.05460365,0.05924735,0.6845025,-0.2790594,-0.1891779,0.6463698,99.46309,0.8970913,-0.3657281,-0.2479317,0.005811349,1.104632,-0.04020918,1.105378,0.01886998,0.02842105,0.007250867,0.9993916,3.997411,0.5410421,0.8148917,0.2078977,False
1773055718009,8.748548,0.08975233,0.9164066,0.1965073,0.9415263,-0.5951431,-0.262112,-0.2787252,0.7066925,90.06712,-0.8411669,-0.3704654,-0.3939463,0.01106859,1.001011,0.2511353,1.032093,0.02174512,1.027414,0.2499755,1.05761,0.03576999,1.008043,0.2561725,1.040699,-0.02565688,-0.08685508,0.1006361,0.1353873,-0.02081315,-0.07420646,0.1276227,0.1490884,-0.004014015,-0.07107662,0.1078008,0.1291859,-0.02583128,-0.08694541,0.1007815,0.1355864,-0.02046527,-0.07393373,0.1276603,0.1489368,-0.003865267,-0.07173555,0.1088544,0.1304232,-0.01783341,-0.07833178,0.1119614,0.1378015,-0.2688256,0.5320851,0.1102888,0.7952701,74.63844,-0.4434198,0.8776586,0.1819181,3.291273,-0.01329807,-0.06066738,0.1066575,0.1234228,0.2494173,0.8525096,0.4527265,0.07783253,171.072,0.2501761,0.8551033,0.4541039,0.4593882,True,True,False,-0.1038283,0.5973184,0.1242431,0.6188747,-0.09929726,-0.2311949,-0.32375,-0.9120718,311.5865,-0.2421704,-0.5638478,-0.7895753,0.01444213,0.5848169,0.1789588,0.6117562,0.01083639,0.5496798,0.2136663,0.5898462,-0.0351304,0.561548,0.1683365,0.5872882,0.05648454,-0.05926965,0.1119346,0.1386822,0.01704025,-0.0737111,0.14336,0.1620981,0.008925169,-0.05338668,0.07735781,0.09441412,0.05651407,-0.05922835,0.1119496,0.1386886,0.01703993,-0.07371544,0.1433158,0.1620609,0.008956312,-0.05318108,0.07723941,0.09420387,0.02359913,-0.06174696,0.1086079,0.1271427,-0.8830084,-0.1162772,0.4397443,0.1157614,166.7049,-0.888985,-0.1170643,0.4427207,15.12359,0,0,0,0,0,0,0,0,0,1,0,0,0.3678307,False,True,False,0.03332707,1.015206,0.2455629,1.045014,0.2471509,0.7811527,-0.1435931,0.5550658,112.5695,0.2971255,0.9391039,-0.1726281,0.01667293,-0.01520562,0.05443709,0.05892872,0.6827351,-0.2810106,-0.1900636,0.6471335,99.34834,0.8955351,-0.3685982,-0.249304,0.005983909,1.104663,-0.04011378,1.105407,0.01844031,0.02832682,0.006878457,0.999405,3.9533,0.5346233,0.8212542,0.1994209,False
1773055718022,8.762484,0.08973886,0.9156471,0.1968985,0.9408675,-0.5952858,-0.2624186,-0.2791387,0.7062953,90.13143,-0.8408973,-0.370691,-0.3943098,0.01099799,1.000319,0.2513161,1.031465,0.02169339,1.026745,0.2502185,1.057018,0.03584313,1.007084,0.2562515,1.039792,-0.02574385,-0.08683397,0.100618,0.1353768,-0.02084946,-0.07422768,0.1276468,0.1491246,-0.004061731,-0.07089283,0.1074869,0.1288244,-0.02581306,-0.08692204,0.1007472,0.1355425,-0.02054544,-0.07399544,0.1276575,0.1489761,-0.003906142,-0.07155894,0.1085695,0.1300895,-0.01781081,-0.07823663,0.1119369,0.1377246,-0.2703373,0.5353664,0.1148176,0.7919076,75.27173,-0.4427107,0.8767285,0.188028,3.313207,-0.01327674,-0.06057759,0.1066343,0.1233564,0.2490198,0.8531626,0.4522135,0.07487775,171.4116,0.2497207,0.8555639,0.4534864,0.4628822,True,True,False,-0.1037671,0.5972998,0.1242698,0.6188518,-0.09901176,-0.2313282,-0.3238012,-0.9120508,311.5806,-0.2414467,-0.5641091,-0.7896104,0.01450307,0.5848221,0.1789856,0.6117705,0.0109199,0.5497389,0.2137138,0.58992,-0.03500695,0.5615114,0.1683925,0.5872619,0.05645337,-0.05929795,0.1119321,0.1386796,0.01704062,-0.07371744,0.1433624,0.1621031,0.008915172,-0.05346169,0.07739737,0.09448802,0.05650144,-0.05924283,0.1119459,0.1386867,0.01704008,-0.07371586,0.1433255,0.1620697,0.008947751,-0.05323956,0.07727231,0.09426305,0.0235974,-0.06177615,0.1086304,0.1271759,-0.8829207,-0.1162373,0.4400265,0.1153976,166.7469,-0.8888589,-0.1170191,0.442986,15.11332,0,0,0,0,0,0,0,0,0,1,0,0,0.3688948,False,True,False,0.03339261,1.014532,0.245783,1.044414,0.2488906,0.7819791,-0.1437453,0.5530817,112.8426,0.2987427,0.9386073,-0.1725371,0.01660739,-0.01453245,0.05421701,0.05853616,0.6810206,-0.2829359,-0.1907121,0.6479098,99.23161,0.8940599,-0.371445,-0.2503714,0.006127925,1.104715,-0.04000443,1.105456,0.01826211,0.02837166,0.006244724,0.9994111,3.932851,0.5322104,0.8268319,0.1819892,False
1773055718035,8.776164,0.08960073,0.9147536,0.197311,0.9400713,-0.5951197,-0.2625828,-0.2817194,0.7053488,90.28454,-0.8395443,-0.3704296,-0.3974259,0.01092872,0.9996942,0.2513956,1.030877,0.02175155,1.026078,0.250407,1.056415,0.03584221,1.006339,0.2564535,1.03912,-0.02582276,-0.08683137,0.100592,0.1353708,-0.02087015,-0.0742518,0.1276282,0.1491236,-0.004075429,-0.07086388,0.1074403,0.12877,-0.02581505,-0.08690332,0.1007151,0.135507,-0.02061221,-0.07404845,0.1276514,0.1490064,-0.003940851,-0.07141537,0.108338,0.1298184,-0.01779981,-0.07816172,0.1119086,0.1376576,-0.2714407,0.5380877,0.1183822,0.789156,75.78657,-0.4419472,0.8760894,0.1927444,3.332169,-0.01326635,-0.06050684,0.1066075,0.1232974,0.248785,0.8536354,0.4518169,0.07262781,171.6701,0.2494436,0.8558955,0.4530131,0.4365614,True,True,False,-0.1037819,0.5972515,0.1243096,0.6188158,-0.09900837,-0.2313835,-0.323846,-0.9120213,311.5724,-0.2413997,-0.5641535,-0.789593,0.01448344,0.5847188,0.1790171,0.6116804,0.01091961,0.5496899,0.2137211,0.5898771,-0.03498513,0.5614381,0.1684337,0.5872024,0.05639651,-0.05934628,0.1119317,0.1386768,0.01703837,-0.07373709,0.143343,0.1620947,0.00890975,-0.05350235,0.07742022,0.09452923,0.05647993,-0.05926404,0.111943,0.1386847,0.01703973,-0.07372021,0.1433291,0.1620748,0.008939957,-0.05329354,0.07730267,0.0943177,0.02359116,-0.06180606,0.1086477,0.127204,-0.882865,-0.1161717,0.4402289,0.1151178,166.7792,-0.8887737,-0.1169492,0.4431752,15.09932,0,0,0,0,0,0,0,0,0,1,0,0,0.3679682,False,True,False,0.0334573,1.01382,0.2460022,1.043776,0.2507892,0.7826202,-0.1440331,0.5512395,113.0958,0.3005814,0.9380032,-0.1726297,0.0165427,-0.01382041,0.05399783,0.05814147,0.6793279,-0.2848963,-0.1910529,0.6487269,99.10863,0.8926528,-0.3743604,-0.2510479,0.006271675,1.104746,-0.03991564,1.105484,0.01808213,0.02857315,0.005865532,0.9994109,3.933448,0.5268852,0.8325775,0.1709125,False
1773055718049,8.790134,0.08946946,0.9138647,0.1977373,0.9392835,-0.5949899,-0.2627122,-0.2848921,0.7041348,90.48062,-0.8379356,-0.3699827,-0.4012189,0.01091686,0.9991583,0.2514247,1.030364,0.02189396,1.025483,0.2505537,1.055875,0.03590113,1.005653,0.2566227,1.0385,-0.02590146,-0.08682829,0.1005661,0.1353646,-0.02089015,-0.07427693,0.1276055,0.1491195,-0.004089502,-0.07083295,0.1073897,0.1287112,-0.02583309,-0.08688758,0.1006839,0.1354771,-0.02067033,-0.07409646,0.1276418,0.1490301,-0.003971844,-0.07129306,0.1081401,0.1295869,-0.01779718,-0.07810024,0.111876,0.1375959,-0.272247,0.5404713,0.1213307,0.7867981,76.22543,-0.4410926,0.8756678,0.1965792,3.349292,-0.01326387,-0.06044881,0.1065768,0.1232421,0.2486597,0.8539941,0.4514982,0.07079931,171.8802,0.2492852,0.8561422,0.4526339,0.4184045,True,True,False,-0.1037984,0.5972004,0.1243523,0.6187778,-0.09902459,-0.2314381,-0.323896,-0.911988,311.5631,-0.2413957,-0.5641847,-0.7895723,0.01446135,0.5846039,0.1790504,0.6115798,0.01091808,0.549633,0.2137243,0.5898251,-0.03496531,0.5613616,0.1684752,0.5871399,0.05633372,-0.05939918,0.1119316,0.1386738,0.01703579,-0.07375929,0.1433199,0.1620841,0.008904635,-0.05354177,0.0774423,0.09456914,0.05644945,-0.05929221,0.1119406,0.1386824,0.01703891,-0.07372836,0.1433272,0.1620767,0.008932591,-0.05334539,0.07733181,0.09437018,0.02358053,-0.06183774,0.1086607,0.1272285,-0.8828366,-0.1160804,0.4403653,0.1149051,166.8037,-0.8887231,-0.1168544,0.4433016,15.08139,0,0,0,0,0,0,0,0,0,1,0,0,0.3671102,False,True,False,0.03356916,1.013109,0.2461866,1.043133,0.2541042,0.7818372,-0.1444606,0.5507202,113.1671,0.3044294,0.9366798,-0.173071,0.01643084,-0.01310945,0.05381343,0.05777296,0.6775361,-0.2864563,-0.1892015,0.650454,98.84831,0.8920282,-0.3771417,-0.2490983,0.006312247,1.104835,-0.03972431,1.105567,0.01747194,0.02868044,0.005565477,0.9994204,3.901676,0.5132521,0.8425104,0.1634903,False
1773055718064,8.804006,0.08939108,0.9129743,0.1980437,0.9384744,-0.5928315,-0.2620817,-0.2898571,0.704164,90.47591,-0.8349299,-0.3691097,-0.4082279,0.01101844,0.9984419,0.251707,1.02974,0.02220252,1.024655,0.2511218,1.055213,0.036057,1.004742,0.257142,1.037752,-0.02597343,-0.08683056,0.1005394,0.13536,-0.02089268,-0.0743049,0.1275428,0.1490801,-0.004096321,-0.07083138,0.1073709,0.1286948,-0.02586221,-0.08687569,0.1006537,0.1354526,-0.02071656,-0.07414,0.1276211,0.1490405,-0.003997654,-0.07119667,0.1079804,0.1294014,-0.01780004,-0.07805508,0.1118366,0.1375386,-0.2727528,0.5424317,0.1236089,0.784917,76.574,-0.4402072,0.8754534,0.1994976,3.362742,-0.01326658,-0.06040617,0.1065397,0.1231893,0.2486233,0.8542437,0.4512641,0.06939622,172.0414,0.249224,0.8563077,0.4523544,0.4026259,True,True,False,-0.103775,0.5971832,0.1243542,0.6187577,-0.09892069,-0.2314101,-0.324021,-0.9119619,311.5558,-0.2411083,-0.5640368,-0.7897655,0.01447547,0.5845785,0.179068,0.6115611,0.01094425,0.5496483,0.2137279,0.5898412,-0.03492745,0.5613543,0.1684871,0.5871341,0.05629754,-0.05943556,0.1119291,0.1386728,0.01703658,-0.07377448,0.1433036,0.1620766,0.008903041,-0.05356051,0.0774452,0.09458198,0.05641796,-0.05932193,0.1119382,0.1386804,0.01703842,-0.07373792,0.1433223,0.1620767,0.008926464,-0.05339007,0.07735534,0.09441414,0.0235688,-0.061867,0.1086688,0.1272475,-0.8828303,-0.1159765,0.4404442,0.1147567,166.8208,-0.8887014,-0.1167477,0.4433733,15.06365,0,0,0,0,0,0,0,0,0,1,0,0,0.3651909,False,True,False,0.03374059,1.012457,0.2463416,1.042541,0.257647,0.7805225,-0.1450464,0.5507851,113.1582,0.3086898,0.9351528,-0.1737817,0.01625941,-0.01245737,0.05365843,0.05743502,0.6759306,-0.287786,-0.1865751,0.6522936,98.5705,0.8917685,-0.3796818,-0.2461523,0.006446975,1.104914,-0.03956042,1.105641,0.01735729,0.02876907,0.004979836,0.999423,3.893039,0.5110154,0.8469895,0.1466112,False
1773055718077,8.817951,0.0893202,0.912124,0.1983499,0.9377052,-0.5906147,-0.2613176,-0.2948555,0.7042355,90.46437,-0.8318911,-0.3680704,-0.415309,0.01114966,0.9977645,0.2520218,1.029161,0.0225421,1.023853,0.2517277,1.054585,0.03623959,1.003863,0.2576923,1.037043,-0.02604447,-0.08683293,0.1005126,0.1353553,-0.02089242,-0.07433395,0.1274714,0.1490335,-0.00410256,-0.07083186,0.1073525,0.12868,-0.02590017,-0.08686674,0.1006241,0.1354322,-0.02075328,-0.07418066,0.1275897,0.149039,-0.0040195,-0.07112019,0.1078494,0.1292507,-0.01780687,-0.07802272,0.1117907,0.1374838,-0.2730178,0.544076,0.1253878,0.7834032,76.85353,-0.4392788,0.8754045,0.2017458,3.373107,-0.01327301,-0.06037565,0.1064962,0.1231375,0.2486521,0.854411,0.4510973,0.06830777,172.1664,0.2492341,0.856411,0.4521532,0.3913257,True,True,False,-0.1037508,0.5971656,0.1243561,0.6187369,-0.09881872,-0.231372,-0.3241589,-0.9119335,311.5479,-0.2408229,-0.5638575,-0.7899808,0.01448957,0.5845523,0.1790877,0.6115422,0.01097035,0.5496635,0.2137308,0.5898569,-0.03489172,0.5613505,0.168498,0.5871315,0.05625996,-0.05947356,0.1119267,0.1386718,0.01703742,-0.07379094,0.1432852,0.162068,0.008902149,-0.05357556,0.07744496,0.09459022,0.05638506,-0.0593535,0.1119358,0.1386786,0.01703821,-0.07374895,0.1433146,0.1620749,0.008921402,-0.05342876,0.07737402,0.09445085,0.02355586,-0.06189448,0.1086725,0.1272616,-0.8828441,-0.1158596,0.440471,0.114666,166.8313,-0.8887059,-0.1166289,0.4433956,15.04582,0,0,0,0,0,0,0,0,0,1,0,0,0.3640053,False,True,False,0.03403825,1.011608,0.2468606,1.041849,0.2632717,0.7787981,-0.143614,0.5509416,113.1367,0.3154678,0.9332022,-0.1720868,0.01596175,-0.01160789,0.05313945,0.05668617,0.672621,-0.2882953,-0.1835519,0.6563351,97.95808,0.891515,-0.3821166,-0.243286,0.006588981,1.10496,-0.03941004,1.105682,0.01724342,0.02907782,0.004475949,0.9994184,3.908491,0.5056555,0.8526938,0.1312552,False
1773055718091,8.832001,0.08892144,0.9111505,0.1984304,0.9367373,-0.5886822,-0.2607025,-0.3000672,0.7038801,90.52171,-0.8287578,-0.3670218,-0.4224401,0.01096979,0.9970632,0.2519792,1.028469,0.02259247,1.023012,0.2519816,1.053831,0.03609795,1.002971,0.2579369,1.036236,-0.02613241,-0.0868228,0.1004948,0.1353525,-0.0208835,-0.0743578,0.1274082,0.1489901,-0.004101641,-0.0708566,0.107374,0.1287115,-0.02594882,-0.0868575,0.1005969,0.1354153,-0.02078062,-0.074218,0.1275515,0.1490286,-0.004036707,-0.07106462,0.1077496,0.1291374,-0.01781819,-0.07800192,0.1117415,0.1374335,-0.2729634,0.5454314,0.1266429,0.782277,77.06096,-0.438192,0.8755888,0.2033016,3.380522,-0.01328371,-0.06035601,0.1064498,0.1230889,0.2487699,0.854489,0.4510055,0.06750485,172.2586,0.2493385,0.8564423,0.4520365,0.3804886,True,True,False,-0.1037917,0.5971606,0.1243989,0.6187476,-0.09875945,-0.2313931,-0.324185,-0.9119254,311.5456,-0.2406678,-0.5638838,-0.7900092,0.01445111,0.5845353,0.1791242,0.6115356,0.0109332,0.5496726,0.2137651,0.5898771,-0.03491688,0.561339,0.1685451,0.5871356,0.05624511,-0.05949993,0.1119211,0.1386726,0.01703901,-0.07379995,0.1432725,0.162061,0.008899758,-0.05359681,0.07745228,0.09460803,0.05635575,-0.05938417,0.1119328,0.1386773,0.01703838,-0.07375963,0.1433057,0.162072,0.008916868,-0.05346402,0.07739042,0.09448381,0.02354454,-0.06192007,0.1086744,0.1272736,-0.8828555,-0.1157406,0.4404978,0.1145953,166.8394,-0.8887101,-0.1165081,0.4434189,15.02947,0,0,0,0,0,0,0,0,0,1,0,0,0.363273,False,True,False,0.03435256,1.010784,0.2474165,1.041192,0.2688141,0.7769645,-0.1421127,0.5512433,113.0953,0.3221859,0.9312273,-0.1703286,0.01564744,-0.01078439,0.05258355,0.0559122,0.6693767,-0.2886213,-0.1804498,0.6603563,97.34589,0.8913704,-0.3843403,-0.2402946,0.006745943,1.105002,-0.03928537,1.105721,0.01729391,0.02929764,0.00411179,0.9994127,3.927672,0.5046589,0.8549435,0.1199874,False
1773055718105,8.845807,0.08853099,0.9101795,0.1985251,0.9357759,-0.5869185,-0.260055,-0.3047684,0.7035726,90.57132,-0.8259205,-0.3659533,-0.4288747,0.01078925,0.9963402,0.2519749,1.027765,0.02262445,1.022146,0.2522574,1.053057,0.03595046,1.002076,0.2582043,1.035431,-0.02622177,-0.08681118,0.1004782,0.13535,-0.02087117,-0.07438175,0.1273391,0.1489412,-0.004099273,-0.07088636,0.1074014,0.1287507,-0.02600519,-0.08684789,0.1005722,0.1354016,-0.02079938,-0.07425204,0.1275073,0.1490104,-0.004049634,-0.07102757,0.1076775,0.1290572,-0.01783273,-0.07799109,0.1116903,0.1373876,-0.2726402,0.5465266,0.1274465,0.7814944,77.20479,-0.4369849,0.8759671,0.20427,3.385156,-0.01329745,-0.06034577,0.1064016,0.1230436,0.2489551,0.8544941,0.4509769,0.06694615,172.3228,0.2495148,0.856415,0.4519907,0.3724727,True,True,False,-0.103836,0.5971559,0.1244444,0.6187596,-0.09870721,-0.2314133,-0.3242073,-0.911918,311.5435,-0.2405308,-0.5639104,-0.7900317,0.01441017,0.584518,0.1791618,0.6115292,0.01089206,0.5496799,0.2138003,0.589896,-0.0349472,0.5613283,0.1685934,0.5871409,0.0562322,-0.05952603,0.111915,0.1386736,0.01704078,-0.07380887,0.1432589,0.1620533,0.00889771,-0.053616,0.07745815,0.09462351,0.05633022,-0.05941348,0.1119291,0.1386765,0.01703888,-0.0737698,0.1432961,0.1620681,0.008912911,-0.05349547,0.07740442,0.0945127,0.02353489,-0.06194348,0.1086747,0.1272834,-0.8828648,-0.1156217,0.4405237,0.1145445,166.8453,-0.8887141,-0.1163877,0.4434423,15.01474,0,0,0,0,0,0,0,0,0,1,0,0,0.3626828,False,True,False,0.03435373,1.009902,0.2476378,1.040388,0.274191,0.7747101,-0.1409697,0.5520608,112.983,0.3288435,0.9291275,-0.1690682,0.01564627,-0.009902,0.05236223,0.0555397,0.6665446,-0.2887735,-0.1767621,0.6641412,96.76705,0.8915706,-0.3862636,-0.2364371,0.006918713,1.105023,-0.03920867,1.10574,0.0170436,0.02945593,0.003518323,0.9994146,3.921289,0.4981645,0.860962,0.1028365,False
1773055718119,8.859549,0.08816637,0.9088002,0.1988835,0.9344763,-0.5837094,-0.2597216,-0.3101715,0.704004,90.50172,-0.821899,-0.3657041,-0.4367407,0.0104902,0.9949988,0.2523624,1.026557,0.02252864,1.020722,0.2530261,1.051857,0.0356618,1.000545,0.2589293,1.034122,-0.026313,-0.08679991,0.100461,0.1353477,-0.02086103,-0.07439058,0.1273303,0.1489367,-0.004097225,-0.07092465,0.1074187,0.1287861,-0.02606853,-0.08683798,0.1005492,0.1353904,-0.02081209,-0.07428072,0.1274707,0.1489951,-0.00405943,-0.07100627,0.1076241,0.1290012,-0.01785139,-0.07798672,0.1116446,0.1373503,-0.2720913,0.5474643,0.1278993,0.7809551,77.30378,-0.435634,0.876522,0.2047742,3.389392,-0.01331504,-0.06034166,0.1063583,0.1230061,0.2492099,0.8544438,0.4509905,0.06654629,172.3687,0.2497635,0.8563418,0.4519923,0.3692248,True,True,False,-0.103856,0.5970813,0.1244788,0.6186979,-0.09858991,-0.2315023,-0.3241896,-0.9119144,311.5425,-0.2402403,-0.5641163,-0.7899734,0.01439551,0.5844293,0.179179,0.6114491,0.01088101,0.5496317,0.2138305,0.5898617,-0.03495467,0.5612594,0.1686322,0.5870867,0.05621267,-0.05955745,0.1119068,0.1386726,0.01704024,-0.07381347,0.143252,0.1620491,0.008896056,-0.05362759,0.07746277,0.09463371,0.05630602,-0.05944312,0.1119245,0.1386757,0.01703916,-0.07377879,0.143287,0.1620642,0.008909442,-0.05352271,0.07741644,0.09453763,0.02352542,-0.06196488,0.1086741,0.1272916,-0.8828777,-0.1154751,0.4405423,0.1145204,166.8481,-0.8887247,-0.1162398,0.4434598,15.00103,0,0,0,0,0,0,0,0,0,1,0,0,0.362615,False,True,False,0.03433051,1.009003,0.2478797,1.039572,0.27901,0.7726016,-0.1398844,0.5528766,112.8708,0.3348401,0.9272,-0.1678754,0.01566949,-0.009003401,0.05212036,0.05516453,0.6640067,-0.2887986,-0.1733828,0.6675544,96.24281,0.8918097,-0.3878777,-0.2328658,0.007102251,1.105043,-0.03912263,1.105758,0.01692372,0.02980002,0.003066256,0.9994079,3.943585,0.4918631,0.8660939,0.08911624,False
1773055718132,8.87361,0.08781077,0.9074383,0.1992479,0.9331959,-0.5806348,-0.2593442,-0.315247,0.7044311,90.43281,-0.8180577,-0.3653907,-0.4441523,0.01019952,0.9936681,0.2527665,1.025364,0.02243202,1.01931,0.2538003,1.050671,0.03537603,0.9990335,0.2596608,1.032833,-0.02640573,-0.08678754,0.1004448,0.1353458,-0.02084855,-0.07439742,0.1273259,0.1489346,-0.004094067,-0.07096826,0.1074392,0.1288271,-0.02613922,-0.08682737,0.1005272,0.1353808,-0.02081975,-0.07430531,0.1274402,0.1489824,-0.004066691,-0.07099826,0.1075853,0.1289646,-0.01787399,-0.07798772,0.1116029,0.1373199,-0.2713341,0.5482953,0.1280605,0.7806091,77.36724,-0.434121,0.8772451,0.2048904,3.393424,-0.01333638,-0.06034259,0.106319,0.1229749,0.2495365,0.8543437,0.4510406,0.06626878,172.4006,0.2500862,0.8562256,0.4520341,0.3703961,True,True,False,-0.1038773,0.5970021,0.1245145,0.6186323,-0.09846929,-0.2316001,-0.3241634,-0.911912,311.5418,-0.239943,-0.5643467,-0.7898985,0.0143807,0.5843354,0.179195,0.6113636,0.01086914,0.5495791,0.2138615,0.5898238,-0.03496496,0.561188,0.1686716,0.5870304,0.05619379,-0.05958943,0.1118979,0.1386715,0.01703955,-0.07381735,0.1432452,0.1620449,0.008894793,-0.05363635,0.07746601,0.09464121,0.05628249,-0.0594738,0.1119189,0.1386748,0.01703924,-0.07378687,0.1432782,0.1620602,0.008906371,-0.05354656,0.07742684,0.09455936,0.0235159,-0.0619849,0.1086727,0.1272984,-0.8828947,-0.1152985,0.4405542,0.1145215,166.8479,-0.8887419,-0.1160621,0.4434719,14.98795,0,0,0,0,0,0,0,0,0,1,0,0,0.3625375,False,True,False,0.03417935,1.007514,0.2485971,1.038294,0.2844931,0.7701977,-0.1371632,0.5541168,112.7002,0.3417586,0.9252303,-0.1647727,0.01582065,-0.007514238,0.05140293,0.05430486,0.6607488,-0.2876187,-0.1699768,0.6721566,95.53255,0.8924106,-0.3884592,-0.2295715,0.007268078,1.105065,-0.03896733,1.105776,0.01688942,0.03011333,0.002632374,0.9994003,3.968716,0.4877575,0.8696567,0.07602154,False
1773055718148,8.887476,0.08747874,0.9061521,0.1996011,0.9319897,-0.5777456,-0.2589422,-0.3199326,0.704842,90.36644,-0.8144553,-0.3650341,-0.4510131,0.009924196,0.9924065,0.2531601,1.024236,0.02234489,1.017972,0.2545524,1.049554,0.03509629,0.9976273,0.26039,1.031647,-0.02650615,-0.08677508,0.1004279,0.135345,-0.0208338,-0.07440213,0.127326,0.148935,-0.004087319,-0.07103241,0.1074916,0.128906,-0.02621531,-0.0868165,0.1005066,0.1353732,-0.02082267,-0.07432548,0.1274164,0.1489725,-0.004070967,-0.07100537,0.1075658,0.1289525,-0.01790054,-0.07799524,0.1115665,0.1372981,-0.2703677,0.5489432,0.1278929,0.7805166,77.3842,-0.4324949,0.8781193,0.2045844,3.396908,-0.01336142,-0.06034971,0.1062847,0.1229514,0.2499076,0.8541942,0.4511346,0.06615732,172.4134,0.2504562,0.8560694,0.452125,0.3717886,True,True,False,-0.1038996,0.5969187,0.1245517,0.618563,-0.0983454,-0.2317064,-0.3241292,-0.9119105,311.5414,-0.2396393,-0.5646017,-0.7898092,0.01436572,0.5842364,0.17921,0.6112731,0.0108565,0.5495227,0.2138934,0.5897825,-0.03497791,0.5611144,0.1687115,0.5869722,0.05617534,-0.05962199,0.1118883,0.1386703,0.01703866,-0.07382052,0.1432387,0.1620404,0.008893819,-0.05364246,0.07746795,0.09464616,0.05626027,-0.05950453,0.1119126,0.1386738,0.01703912,-0.07379384,0.14327,0.1620561,0.008903769,-0.05356647,0.07743537,0.09457737,0.0235066,-0.06200297,0.1086706,0.1273037,-0.8829152,-0.1150986,0.440559,0.1145465,166.8451,-0.8887651,-0.1158613,0.443478,14.97587,0,0,0,0,0,0,0,0,0,1,0,0,0.362523,False,True,False,0.03402044,1.006041,0.2493172,1.037032,0.2896578,0.7678637,-0.1345098,0.5553295,112.5332,0.3483011,0.9233232,-0.1617423,0.01597956,-0.006040931,0.05068281,0.05348445,0.6576482,-0.2863971,-0.1667344,0.676517,94.85587,0.8930256,-0.3889008,-0.2264099,0.007440016,1.10506,-0.03881114,1.105766,0.01712727,0.03057088,0.002137687,0.9993836,4.023567,0.4878819,0.8708324,0.06089348,False
1773055718161,8.90138,0.08697508,0.9047128,0.1997009,0.9305645,-0.5717348,-0.2603383,-0.3298235,0.70467,90.39422,-0.8057879,-0.3669139,-0.4648445,0.009248704,0.9910207,0.2529278,1.022829,0.02194242,1.016501,0.2549325,1.048211,0.0342631,0.9961787,0.2609295,1.030354,-0.02659209,-0.08677223,0.1004101,0.1353468,-0.02082505,-0.07439172,0.1273809,0.1489755,-0.00405666,-0.0712375,0.1078086,0.1292824,-0.02629364,-0.08680728,0.1004864,0.1353676,-0.02082316,-0.07433931,0.127409,0.1489731,-0.004067995,-0.07105379,0.1076163,0.1290212,-0.01793766,-0.07802417,0.1115471,0.1373037,-0.2688984,0.5487236,0.1268595,0.7813467,77.23191,-0.4308598,0.8792278,0.2032688,3.397516,-0.0133965,-0.06037701,0.1062664,0.1229528,0.2503335,0.8538834,0.4514239,0.0665854,172.3642,0.2508902,0.8557822,0.4524278,0.3721671,True,True,False,-0.1039682,0.5968163,0.1245849,0.6184824,-0.09819585,-0.2316685,-0.3240625,-0.9119599,311.5552,-0.239339,-0.5646603,-0.789858,0.01428425,0.5840964,0.1792595,0.6111519,0.01076863,0.5494304,0.2139483,0.5897149,-0.03505712,0.5610144,0.168763,0.5868962,0.05614834,-0.05965834,0.111881,0.1386691,0.01704046,-0.07382945,0.1432279,0.1620352,0.00889312,-0.05364749,0.07746435,0.09464601,0.05623701,-0.05953649,0.111906,0.1386728,0.0170394,-0.07380124,0.1432613,0.1620517,0.008901557,-0.05358333,0.07744139,0.09459165,0.02349643,-0.06202014,0.1086666,0.1273067,-0.8829467,-0.1148838,0.4405379,0.1146,166.8389,-0.8888024,-0.1156457,0.4434596,14.96377,0,0,0,0,0,0,0,0,0,1,0,0,0.3628438,False,True,False,0.03386399,1.004646,0.2500145,1.035841,0.2943899,0.7656281,-0.1319825,0.5565328,112.3673,0.3543342,0.9215268,-0.1588571,0.01613601,-0.004645705,0.04998553,0.05273051,0.6547966,-0.2851338,-0.1636924,0.6805475,94.22711,0.8936715,-0.3891528,-0.2234087,0.007594072,1.105055,-0.03868227,1.105758,0.01731061,0.03108019,0.001598779,0.9993657,4.081519,0.4861134,0.8727882,0.04489662,False
1773055718175,8.915156,0.08650348,0.9033434,0.1998132,0.9292133,-0.5658981,-0.2615733,-0.3392226,0.7044621,90.4278,-0.7973298,-0.3685473,-0.4779522,0.008619882,0.9897037,0.252732,1.0215,0.02157553,1.015105,0.2553369,1.046948,0.03347378,0.9947984,0.2614814,1.029134,-0.02668512,-0.08677096,0.1003911,0.1353502,-0.02081518,-0.07437751,0.1274465,0.1490232,-0.004025671,-0.07143958,0.1081212,0.1296534,-0.02637446,-0.08679977,0.1004667,0.1353638,-0.02082152,-0.07434722,0.1274168,0.1489835,-0.004059267,-0.07113361,0.1077206,0.1291518,-0.01798346,-0.07806925,0.1115416,0.1373308,-0.2670548,0.547841,0.1251525,0.7828721,76.95139,-0.4292226,0.8805149,0.2011508,3.396432,-0.01343972,-0.06041957,0.1062611,0.1229739,0.2508124,0.8534371,0.4518713,0.06746356,172.2634,0.251385,0.8553856,0.4529029,0.3855373,True,True,False,-0.1040405,0.5967092,0.1246191,0.6183981,-0.09804053,-0.23162,-0.3239852,-0.9120164,311.571,-0.2390336,-0.5647149,-0.7899114,0.01419734,0.5839484,0.1793126,0.611024,0.01067381,0.5493317,0.2140068,0.5896424,-0.03514377,0.5609105,0.1688164,0.5868174,0.0561206,-0.05969566,0.1118733,0.1386677,0.01704249,-0.07383853,0.1432168,0.1620297,0.008892674,-0.05365023,0.07745896,0.0946431,0.056213,-0.05956934,0.1118993,0.1386717,0.01704004,-0.07380893,0.1432521,0.1620472,0.008899725,-0.05359714,0.07744502,0.09460227,0.02348552,-0.06203627,0.1086608,0.1273076,-0.8829884,-0.1146563,0.4404928,0.1146797,166.8297,-0.8888526,-0.1154178,0.4434183,14.95179,0,0,0,0,0,0,0,0,0,1,0,0,0.3631715,False,True,False,0.03335829,1.003059,0.2504035,1.03438,0.302441,0.7598999,-0.12688,0.5612336,111.7177,0.3654182,0.9181334,-0.1533002,0.01664171,-0.003058553,0.04959655,0.05240342,0.6507762,-0.2806008,-0.1563505,0.687974,93.06012,0.8967127,-0.3866434,-0.2154373,0.007722441,1.10505,-0.03858069,1.10575,0.01724256,0.03168857,0.00119817,0.9993483,4.137147,0.4776904,0.8779047,0.03319429,False
1773055718189,8.928951,0.08646543,0.9023889,0.200256,0.9283773,-0.5595099,-0.2642673,-0.3497577,0.7034068,90.59805,-0.787169,-0.3717951,-0.4920708,0.008235924,0.9888687,0.252487,1.020627,0.0214358,1.014168,0.2557425,1.046136,0.03282759,0.9939899,0.262171,1.028507,-0.02678097,-0.08676853,0.1003807,0.1353598,-0.02080158,-0.07436642,0.1275123,0.149072,-0.003978129,-0.07172369,0.1085676,0.1301808,-0.0264585,-0.0867933,0.1004489,0.1353629,-0.0208174,-0.0743512,0.1274365,0.1490018,-0.004042518,-0.07125574,0.1078954,0.1293644,-0.01803916,-0.07813625,0.1115499,0.137383,-0.2647067,0.5461122,0.1225191,0.7852903,76.50491,-0.4275479,0.8820673,0.1978899,3.391913,-0.0134923,-0.06048281,0.106269,0.1230175,0.2513922,0.8527873,0.4525419,0.06900986,172.0858,0.2519929,0.8548249,0.4536231,0.4118508,True,True,False,-0.104057,0.5966558,0.1246198,0.6183496,-0.0980373,-0.2315872,-0.3238893,-0.9120591,311.5829,-0.2390811,-0.564766,-0.7898607,0.01417387,0.5838365,0.1793129,0.6109166,0.01064239,0.5492483,0.2140006,0.5895619,-0.03516933,0.5608378,0.1688148,0.586749,0.05609881,-0.05972758,0.1118662,0.1386669,0.01704249,-0.07385226,0.1432025,0.1620234,0.008892062,-0.05365914,0.07745232,0.09464267,0.05618941,-0.05960203,0.1118925,0.1386707,0.01704054,-0.07381787,0.1432419,0.1620423,0.008898144,-0.05360996,0.07744653,0.09461062,0.02347459,-0.06205229,0.1086534,0.1273071,-0.8830344,-0.1144401,0.4404336,0.1147696,166.8193,-0.8889083,-0.1152013,0.4433633,14.94029,0,0,0,0,0,0,0,0,0,1,0,0,0.3630827,False,True,False,0.03286777,1.001551,0.250813,1.033002,0.3098179,0.754199,-0.1219116,0.5659809,111.0591,0.3758018,0.9148257,-0.1478758,0.01713223,-0.00155139,0.04918703,0.05210839,0.6471125,-0.2758847,-0.1492286,0.6948842,91.96403,0.899865,-0.3836411,-0.207515,0.007869452,1.105062,-0.03844154,1.105758,0.01733936,0.03213302,0.001120179,0.9993326,4.186804,0.4746737,0.8796574,0.03066547,False
1773055718203,8.942952,0.08641985,0.9014872,0.200667,0.9275855,-0.553704,-0.2665504,-0.3591156,0.7024236,90.75645,-0.7779373,-0.3744952,-0.5045465,0.007897831,0.9880815,0.2522925,1.019813,0.02131717,1.01329,0.2561495,1.045382,0.03222915,0.9932328,0.2628435,1.027928,-0.02688071,-0.08676686,0.100371,0.1353713,-0.02078653,-0.0743527,0.1275865,0.1491266,-0.003927833,-0.07200593,0.1089947,0.1306909,-0.02654684,-0.08678777,0.1004325,0.1353645,-0.02081094,-0.07435151,0.127468,0.1490279,-0.004018568,-0.07141267,0.1081251,0.1296417,-0.01810305,-0.0782204,0.1115691,0.1374548,-0.2619575,0.5437405,0.1190825,0.7883806,75.93113,-0.4258172,0.8838609,0.193571,3.385312,-0.01355261,-0.06056224,0.1062871,0.1230789,0.2520887,0.8519531,0.4533904,0.07116951,171.8377,0.2527295,0.8541186,0.4545429,0.4357834,True,True,False,-0.1040729,0.596602,0.1246191,0.6183001,-0.09804952,-0.231548,-0.3237824,-0.9121057,311.596,-0.2391713,-0.5648131,-0.7897995,0.01415062,0.5837192,0.1793113,0.6108035,0.01060996,0.549158,0.2139908,0.5894736,-0.03519651,0.5607622,0.1688098,0.5866769,0.05607733,-0.0597594,0.111859,0.1386661,0.01704242,-0.07386672,0.1431875,0.1620166,0.008891628,-0.05366715,0.07744414,0.09464047,0.05616599,-0.05963492,0.1118855,0.1386697,0.01704094,-0.07382807,0.1432305,0.1620369,0.008896783,-0.05362192,0.07744603,0.09461686,0.02346353,-0.06206836,0.1086443,0.1273052,-0.8830847,-0.1142318,0.4403604,0.1148704,166.8077,-0.8889693,-0.1149931,0.4432949,14.92911,0,0,0,0,0,0,0,0,0,1,0,0,0.3629765,False,True,False,0.03259657,1.000513,0.2512766,1.032099,0.3168962,0.7468943,-0.1165239,0.572842,110.1027,0.3866163,0.9112181,-0.1421602,0.01740343,-0.0005130768,0.04872337,0.05174079,0.6442847,-0.2692821,-0.1403647,0.7019132,90.8386,0.9045608,-0.3780659,-0.1970688,0.008004311,1.10507,-0.0382736,1.105762,0.01719587,0.03259389,0.0007479457,0.9993204,4.224777,0.4665239,0.8842721,0.02029176,False
1773055718216,8.956842,0.08636694,0.9005942,0.2010681,0.9267997,-0.5484291,-0.2684992,-0.3674493,0.7015089,90.90363,-0.7695515,-0.376756,-0.515602,0.007594749,0.987298,0.2521562,1.019018,0.02121323,1.012429,0.256571,1.044649,0.03167267,0.9924835,0.2635106,1.027358,-0.02698325,-0.08676565,0.100362,0.1353843,-0.02077005,-0.07433644,0.1276692,0.1491868,-0.003876913,-0.07228029,0.1094028,0.131181,-0.0266376,-0.08678317,0.1004179,0.1353685,-0.02080244,-0.07434838,0.1275098,0.149061,-0.003989174,-0.07159285,0.1083907,0.1299615,-0.018172,-0.0783152,0.1115961,0.1375398,-0.2589754,0.5409484,0.1150612,0.791876,75.27766,-0.4240758,0.8858103,0.1884143,3.377877,-0.01361769,-0.06065172,0.1063126,0.1231521,0.252879,0.850988,0.4543422,0.07379346,171.5362,0.2535703,0.8533143,0.4555843,0.4560474,True,True,False,-0.1040882,0.596548,0.124617,0.6182501,-0.09807669,-0.2315026,-0.3236648,-0.912156,311.61,-0.239303,-0.5648566,-0.7897285,0.01412762,0.5835969,0.179308,0.6106851,0.01057655,0.549061,0.2139779,0.5893779,-0.03522532,0.560684,0.1688015,0.5866015,0.05605613,-0.05979124,0.1118516,0.1386653,0.0170422,-0.07388198,0.1431717,0.1620097,0.008891407,-0.05367421,0.07743436,0.09463645,0.05614317,-0.0596674,0.1118784,0.1386688,0.0170412,-0.07383926,0.1432183,0.1620312,0.008895667,-0.05363279,0.07744361,0.09462094,0.02345255,-0.06208413,0.108634,0.127302,-0.8831386,-0.114035,0.4402748,0.11498,166.7951,-0.8890348,-0.1147963,0.4432142,14.91846,0,0,0,0,0,0,0,0,0,1,0,0,0.3629003,False,True,False,0.0323266,0.9995435,0.2517287,1.031261,0.3227643,0.7399765,-0.1116214,0.5794814,109.1718,0.3960369,0.9079627,-0.1369612,0.0176734,0.000456512,0.04827133,0.05140699,0.6421096,-0.2627802,-0.1321712,0.7079355,89.86563,0.9091468,-0.3720639,-0.1871379,0.008090161,1.105079,-0.03810691,1.105766,0.01736816,0.03323345,0.0005315482,0.9992965,4.298259,0.4631408,0.8862058,0.01417431,False
1773055718230,8.970774,0.08661629,0.9000406,0.2011635,0.9263057,-0.5373016,-0.2736709,-0.3854634,0.6984478,91.39481,-0.7507766,-0.3824029,-0.5386117,0.0073063,0.9870859,0.2508559,1.018489,0.02121754,1.011942,0.2563142,1.044114,0.0307548,0.9923283,0.2637936,1.027253,-0.02706891,-0.08678386,0.1003439,0.1353996,-0.02074743,-0.07433156,0.1277103,0.1492164,-0.003771533,-0.07280191,0.1102162,0.1321437,-0.02672753,-0.08678331,0.1004024,0.1353748,-0.02079099,-0.07434487,0.1275516,0.1490934,-0.003943898,-0.07184441,0.1087718,0.1304165,-0.01825225,-0.07844876,0.1116305,0.1376543,-0.2552835,0.5366613,0.109322,0.7967896,74.35076,-0.4224753,0.8881345,0.1809199,3.363094,-0.01369346,-0.0607778,0.106345,0.1232506,0.2539306,0.8495122,0.4557719,0.07823798,171.0254,0.2547113,0.8521239,0.4571731,0.531074,True,True,False,-0.1040741,0.5966096,0.1245973,0.6183032,-0.09822764,-0.2313726,-0.3236393,-0.9121819,311.6173,-0.2397049,-0.5646186,-0.7897772,0.01413525,0.5836093,0.17929,0.6106918,0.0105736,0.5490685,0.2139559,0.5893769,-0.0352162,0.560703,0.1687674,0.5866093,0.0560551,-0.05980684,0.1118435,0.138665,0.01704228,-0.07388937,0.1431711,0.1620125,0.008890176,-0.05369612,0.07742722,0.09464292,0.05612484,-0.05969644,0.1118712,0.138668,0.01704142,-0.07384969,0.1432085,0.1620273,0.008894525,-0.05364598,0.07744019,0.09462551,0.02344361,-0.06209991,0.1086248,0.1273002,-0.8831829,-0.1138633,0.4402126,0.1150476,166.7873,-0.8890865,-0.1146244,0.4431551,14.91007,0,0,0,0,0,0,0,0,0,1,0,0,0.3617864,False,True,False,0.03205873,0.9985961,0.2521825,1.030446,0.3276307,0.7334163,-0.107199,0.5858901,108.2682,0.4042874,0.9050157,-0.1322807,0.01794127,0.001403868,0.04781747,0.05109178,0.6404869,-0.256452,-0.1245487,0.7130896,89.02631,0.9135808,-0.3657992,-0.1776544,0.008241095,1.105071,-0.03795573,1.105753,0.01737482,0.03362612,0.0004112028,0.9992834,4.338505,0.4590289,0.8883756,0.01086365,False
1773055718243,8.984447,0.08683996,0.8994913,0.2012655,0.925815,-0.5272576,-0.2779993,-0.4011468,0.6955553,91.85703,-0.7338591,-0.3869309,-0.5583328,0.007107072,0.9868565,0.2497456,1.017993,0.02125232,1.011452,0.2561427,1.043598,0.02997311,0.9921023,0.2640406,1.027075,-0.02715458,-0.08680494,0.1003251,0.1354164,-0.02072286,-0.07432612,0.1277528,0.1492467,-0.003681089,-0.07323722,0.1109025,0.1329534,-0.02681529,-0.08678775,0.1003865,0.1353833,-0.02077701,-0.07434101,0.127593,0.1491249,-0.003890014,-0.07213036,0.1092108,0.1309386,-0.01833674,-0.07860124,0.1116649,0.1377804,-0.2513365,0.5315911,0.1026113,0.8023165,73.29622,-0.4210706,0.8905882,0.1719074,3.34524,-0.01377322,-0.06092175,0.1063776,0.1233586,0.2551501,0.8477098,0.4574312,0.08392901,170.3711,0.2560534,0.8507109,0.4590507,0.5842356,True,True,False,-0.1040579,0.5966776,0.1245755,0.6183618,-0.09840532,-0.2312277,-0.3236158,-0.9122077,311.6245,-0.2401723,-0.5643442,-0.7898308,0.01414488,0.5836266,0.1792697,0.6107027,0.01057164,0.5490759,0.2139314,0.5893748,-0.03520563,0.5607242,0.1687285,0.5866177,0.05605685,-0.05982031,0.111835,0.1386647,0.01704225,-0.0738964,0.1431718,0.1620163,0.008888909,-0.05371924,0.07741911,0.09464929,0.05611089,-0.05972185,0.1118638,0.1386673,0.01704159,-0.07385926,0.143201,0.1620251,0.008893373,-0.05366101,0.07743587,0.09463039,0.02343666,-0.06211542,0.1086169,0.1272998,-0.883218,-0.1137177,0.4401726,0.1150763,166.784,-0.8891248,-0.1144783,0.4431163,14.90389,0,0,0,0,0,0,0,0,0,1,0,0,0.3608349,False,True,False,0.03183893,0.9980167,0.252064,1.029848,0.338044,0.7189342,-0.0987758,0.5992523,106.3673,0.4222594,0.8980388,-0.1233833,0.01816107,0.001983345,0.04793602,0.05129932,0.6369957,-0.243638,-0.1076587,0.7233856,87.33057,0.9225882,-0.3528713,-0.1559267,0.008365162,1.105064,-0.0378087,1.105742,0.01757861,0.03413228,0.000500927,0.9992626,4.400852,0.4578319,0.8889694,0.01304656,False
1773055718258,8.998634,0.08705904,0.8989046,0.2013806,0.9252907,-0.5185059,-0.2815263,-0.4143977,0.6929424,92.27304,-0.7191554,-0.3904702,-0.5747597,0.006997898,0.9865569,0.2488362,1.017479,0.02132984,1.010919,0.2560545,1.043061,0.02933686,0.9917969,0.264287,1.026825,-0.02724032,-0.08682875,0.1003059,0.1354347,-0.02069642,-0.07432016,0.1277967,0.1492777,-0.003601731,-0.07361197,0.1114988,0.1336551,-0.02690524,-0.08679642,0.1003695,0.135394,-0.02075999,-0.0743366,0.127636,0.1491572,-0.003829143,-0.07244395,0.1096971,0.1315152,-0.01842599,-0.07876904,0.1116973,0.1379143,-0.2471918,0.525902,0.09502006,0.8082663,72.14623,-0.4198109,0.89315,0.1613745,3.325941,-0.01385744,-0.06108014,0.1064082,0.1234727,0.2565091,0.8456697,0.4591784,0.09056409,169.6079,0.2575674,0.8491589,0.4610729,0.6101906,True,True,False,-0.1040396,0.5967516,0.1245517,0.6184253,-0.09860892,-0.2310682,-0.3235943,-0.9122338,311.6318,-0.2407034,-0.564035,-0.7898904,0.01415657,0.5836486,0.1792475,0.6107174,0.0105707,0.549083,0.2139044,0.5893717,-0.0351937,0.5607473,0.1686851,0.5866266,0.05606129,-0.05983184,0.1118265,0.1386646,0.01704212,-0.07390316,0.1431739,0.1620212,0.008887677,-0.05374345,0.07741013,0.09465557,0.05610041,-0.05974509,0.1118559,0.1386668,0.01704171,-0.07386853,0.1431953,0.1620243,0.008892171,-0.05367843,0.07743044,0.09463571,0.02343124,-0.06213139,0.1086097,0.1273004,-0.8832461,-0.1135899,0.4401506,0.1150705,166.7846,-0.8891525,-0.1143495,0.443094,14.89952,0,0,0,0,0,0,0,0,0,1,0,0,0.3599617,False,True,False,0.03163235,0.9974486,0.2519985,1.029275,0.3461092,0.705128,-0.09152897,0.6120665,104.5219,0.4376662,0.891657,-0.1157413,0.01836766,0.002551436,0.0480015,0.05145896,0.6347489,-0.2312088,-0.09197259,0.7315581,85.96564,0.9310187,-0.3391257,-0.1349009,0.008482338,1.105053,-0.03766597,1.105727,0.01769446,0.03445188,0.000517922,0.9992496,4.43964,0.456822,0.8894522,0.01337131,False
1773055718271,9.012341,0.08753426,0.8982787,0.2012325,0.9246953,-0.4839561,-0.2974834,-0.4590154,0.6830776,93.83078,-0.6626397,-0.4073185,-0.6284906,0.005783863,0.9864417,0.2447209,1.016361,0.02010093,1.009959,0.2546645,1.041765,0.02597081,0.9882012,0.2619841,1.022669,-0.02726488,-0.0868306,0.1003108,0.1354444,-0.02066183,-0.07429533,0.1278954,0.149345,-0.003751051,-0.07415412,0.1093467,0.1321726,-0.02697931,-0.08680344,0.1003574,0.1354043,-0.02073982,-0.07432811,0.1276893,0.1491958,-0.003813097,-0.0727967,0.1096247,0.131649,-0.01846116,-0.078857,0.1117447,0.1380077,-0.2449372,0.5273213,0.08848082,0.8087702,72.04811,-0.4164715,0.8966146,0.1504457,3.328236,-0.01389066,-0.06116318,0.1064528,0.123556,0.2590961,0.845158,0.4582858,0.09247819,169.3876,0.2602111,0.848795,0.460258,0.4774852,True,True,False,-0.104074,0.5967592,0.1245645,0.618441,-0.09876391,-0.2309679,-0.3235635,-0.9122534,311.6373,-0.2411073,-0.5638502,-0.7898991,0.01411982,0.5836275,0.1792603,0.6107001,0.01052587,0.5490394,0.2139039,0.58933,-0.03522794,0.5607084,0.1686767,0.5865891,0.05607231,-0.05982967,0.1118231,0.1386654,0.01704619,-0.07391132,0.1431696,0.1620216,0.008886419,-0.05377148,0.07740167,0.09466445,0.05609464,-0.05976248,0.1118492,0.1386665,0.01704263,-0.07387732,0.14319,0.1620237,0.00889099,-0.05369756,0.07742453,0.09464162,0.02342841,-0.06214638,0.1086029,0.1273015,-0.883263,-0.1135232,0.4401467,0.115022,166.7902,-0.8891643,-0.1142817,0.4430874,14.89691,0,0,0,0,0,0,0,0,0,1,0,0,0.3587994,False,True,False,0.03145748,0.9968497,0.2519844,1.028686,0.3519607,0.6922939,-0.08561609,0.6241176,102.7651,0.4504633,0.886045,-0.1095773,0.01854252,0.003150344,0.04801565,0.05156794,0.6337214,-0.2195329,-0.07767878,0.7376778,84.93205,0.9386339,-0.3251603,-0.1150536,0.00857022,1.105007,-0.03753835,1.105678,0.01778913,0.03474493,0.0005104802,0.9992378,4.474418,0.4557043,0.8900616,0.01307698,False
1773055718286,9.02638,0.08803464,0.8975778,0.2010884,0.9240305,-0.4589303,-0.3077123,-0.4892754,0.6747634,95.12844,-0.6218281,-0.4169351,-0.6629441,0.005417377,0.9862781,0.2417851,1.015497,0.01956888,1.009143,0.2536202,1.040709,0.02396578,0.9857292,0.2600303,1.019731,-0.0272842,-0.08683265,0.1003176,0.1354547,-0.02062471,-0.0742678,0.1280014,0.149417,-0.003837654,-0.07451757,0.1079733,0.1312472,-0.02704331,-0.08680957,0.100349,0.1354148,-0.02071572,-0.07431546,0.1277547,0.1492421,-0.003818239,-0.07315896,0.1092777,0.1315615,-0.01846566,-0.07890104,0.1118058,0.1380829,-0.2435967,0.5323155,0.08271007,0.806511,72.48714,-0.4120243,0.9003692,0.1398975,3.342414,-0.0138949,-0.06120474,0.1065106,0.1236268,0.2629547,0.8451829,0.4559948,0.09268378,169.364,0.2640913,0.8488363,0.4579659,0.556816,True,True,False,-0.1041093,0.5967684,0.1245775,0.6184584,-0.09893534,-0.2308617,-0.3235333,-0.9122725,311.6426,-0.2415509,-0.5636494,-0.7899072,0.01408255,0.5836094,0.1792732,0.6106858,0.0104802,0.5489937,0.2139022,0.589286,-0.03526293,0.5606681,0.1686661,0.5865496,0.05608635,-0.05982423,0.1118202,0.1386664,0.01705062,-0.07391945,0.1431658,0.1620224,0.008885172,-0.0538009,0.07739256,0.0946736,0.0560929,-0.05977542,0.1118431,0.1386665,0.0170443,-0.07388614,0.143185,0.1620235,0.008889773,-0.05371922,0.07741784,0.09464832,0.0234278,-0.06216124,0.1085962,0.1273029,-0.8832706,-0.1135086,0.4401586,0.1149322,166.8006,-0.8891627,-0.1142658,0.4430948,14.89583,0,0,0,0,0,0,0,0,0,1,0,0,0.3592247,False,True,False,0.03002201,0.9957049,0.2508968,1.027268,0.3838353,0.6526586,-0.06134667,0.6503413,98.86532,0.5052844,0.8591658,-0.08075733,0.01997799,0.004295051,0.04910317,0.05318542,0.6148584,-0.1890873,-0.03475047,0.7648449,80.21362,0.9544311,-0.293516,-0.05394239,0.008346025,1.104903,-0.03740143,1.105567,0.01809345,0.03387582,0.001430976,0.9992613,4.404942,0.4708032,0.8814708,0.03723491,False
1773055718299,9.040249,0.08904307,0.8974881,0.201376,0.9241027,-0.4275365,-0.3177698,-0.5200895,0.667639,96.22979,-0.5742713,-0.4268316,-0.6985895,0.005203329,0.9861392,0.2396547,1.014856,0.01887722,1.00806,0.2538393,1.0397,0.02156319,0.9807097,0.2572939,1.014129,-0.02729275,-0.0867831,0.1003795,0.1354704,-0.02032767,-0.0742292,0.1281061,0.1494468,-0.004167467,-0.07506686,0.1036295,0.1280292,-0.02709517,-0.08680408,0.1003554,0.1354263,-0.02063529,-0.07429755,0.1278276,0.1492844,-0.003890637,-0.0735573,0.1081049,0.1308147,-0.01837356,-0.07882545,0.111879,0.1380867,-0.2446081,0.5485335,0.07923302,0.795613,74.57362,-0.4037735,0.9054618,0.1307896,3.384612,-0.01380794,-0.0611334,0.1065796,0.1236412,0.2765694,0.8487166,0.4435769,0.08018603,170.8015,0.2774628,0.8514581,0.4450097,1.134588,True,True,False,-0.1040329,0.5967885,0.1246225,0.618474,-0.09901125,-0.230759,-0.3235602,-0.9122806,311.6449,-0.2417469,-0.5634235,-0.790008,0.01415377,0.5836489,0.1793348,0.6107433,0.01054886,0.5490003,0.2139668,0.5893169,-0.03518889,0.5606666,0.1687047,0.5865548,0.05610972,-0.05979864,0.1118225,0.1386667,0.01705481,-0.07391251,0.1431807,0.1620328,0.008884225,-0.05381582,0.07738703,0.09467748,0.05609639,-0.05978024,0.1118388,0.1386665,0.01704648,-0.07389161,0.1431841,0.1620254,0.008888623,-0.05373926,0.07741146,0.09465437,0.02342962,-0.06217244,0.1085923,0.1273053,-0.8832672,-0.1135392,0.4401913,0.114802,166.8156,-0.8891459,-0.1142949,0.443121,14.89739,0,0,0,0,0,0,0,0,0,1,0,0,0.3589546,False,True,False,0.02932655,0.9947462,0.2500297,1.026107,0.4081086,0.6223909,-0.04462497,0.6663975,96.42075,0.5473584,0.8347555,-0.05985136,0.02067345,0.005253792,0.04997036,0.05433259,0.5983165,-0.1687185,-0.002907163,0.7832899,76.87441,0.962455,-0.2714015,-0.004676478,0.008266661,1.104814,-0.03734555,1.105476,0.01838399,0.03330808,0.001247843,0.9992753,4.362977,0.4829656,0.8750362,0.03278208,False
1773055718313,9.054179,0.09014681,0.8973547,0.2017024,0.9241514,-0.4054337,-0.3243335,-0.5412177,0.661449,97.17905,-0.5405853,-0.4324503,-0.721633,0.005678594,0.9861801,0.2382073,1.014557,0.01891537,1.007349,0.2540301,1.039058,0.02081403,0.9777281,0.2551733,1.010692,-0.02729576,-0.08672736,0.1004495,0.1354873,-0.02004885,-0.07418999,0.1282129,0.1494813,-0.004373425,-0.07512558,0.100944,0.1259073,-0.02713702,-0.0867881,0.100375,0.135439,-0.02051327,-0.07427514,0.1279077,0.1493251,-0.003991066,-0.07388619,0.1066025,0.1297659,-0.01821875,-0.0786793,0.1119342,0.1380276,-0.2469929,0.5697426,0.07782845,0.7799556,77.48698,-0.3946614,0.9103721,0.1243594,3.441733,-0.01366184,-0.06099544,0.1066318,0.1236019,0.2932118,0.8539293,0.4258737,0.05885614,173.2517,0.2937208,0.8554118,0.4266131,1.235615,True,True,False,-0.1039511,0.5968106,0.1246694,0.6184911,-0.09908999,-0.2306517,-0.3235942,-0.9122871,311.6467,-0.2419477,-0.5631816,-0.790119,0.0142303,0.583697,0.1794002,0.6108102,0.01062313,0.5490108,0.2140362,0.5893532,-0.0351097,0.560668,0.1687452,0.5865631,0.0561367,-0.059768,0.1118259,0.1386671,0.01705931,-0.07390359,0.1431981,0.1620446,0.008883364,-0.05383008,0.07738143,0.09468093,0.05610478,-0.05977769,0.1118361,0.1386667,0.01704915,-0.07389411,0.143187,0.1620294,0.008887529,-0.05375818,0.07740521,0.0946599,0.02343372,-0.06218047,0.1085909,0.1273088,-0.8832538,-0.1136118,0.4402436,0.1146324,166.8352,-0.8891149,-0.1143657,0.443165,14.90143,0,0,0,0,0,0,0,0,0,1,0,0,0.3587129,False,True,False,0.02860232,0.9936858,0.2501619,1.025091,0.4508192,0.5869598,-0.02052659,0.6721748,95.52973,0.6088921,0.7927684,-0.02772393,0.02139768,0.006314158,0.04983807,0.05460368,0.5621959,-0.1525784,0.03310039,0.812133,71.39029,0.9635347,-0.2615007,0.05673,0.008182447,1.104703,-0.03730012,1.105363,0.01862062,0.03298926,0.001757931,0.9992807,4.346617,0.4910237,0.8699231,0.04635644,False
1773055718328,9.068255,0.09196816,0.8985509,0.2021443,0.9255885,-0.3779472,-0.3346892,-0.5613517,0.6557617,98.04514,-0.5006135,-0.4433158,-0.7435438,0.005886413,0.986784,0.2362811,1.014695,0.01823173,1.007257,0.2538631,1.038916,0.02006868,0.9773446,0.2535533,1.009898,-0.02723929,-0.08668553,0.1005178,0.1354998,-0.01973494,-0.07415873,0.1283583,0.1495488,-0.004421879,-0.07485872,0.1005548,0.1254378,-0.02715852,-0.08676657,0.100405,0.1354518,-0.02034986,-0.0742507,0.1280022,0.1493715,-0.004081464,-0.0740919,0.1053163,0.1288324,-0.01805487,-0.07853542,0.1119693,0.1379526,-0.2492906,0.5883588,0.0779262,0.7652553,80.14059,-0.3872614,0.9139882,0.1210547,3.4938,-0.01350714,-0.06085962,0.1066648,0.1235465,0.3058731,0.8578066,0.4111362,0.0397162,175.4477,0.3061145,0.8584837,0.4114607,1.156092,True,True,False,-0.1039543,0.5968224,0.1247602,0.6185213,-0.09922609,-0.2305964,-0.3236144,-0.9122792,311.6445,-0.2422696,-0.5630222,-0.7901343,0.01422152,0.5837098,0.1795003,0.6108517,0.01062341,0.5490072,0.2141443,0.5893891,-0.03510668,0.560653,0.1688227,0.5865709,0.05614318,-0.05974427,0.1118338,0.1386659,0.01706228,-0.07388477,0.1432286,0.1620633,0.008882606,-0.0538454,0.07738273,0.09469063,0.05611284,-0.05977067,0.1118356,0.1386665,0.0170519,-0.07389215,0.1431957,0.1620365,0.008886497,-0.05377649,0.0774005,0.09466635,0.02343742,-0.06218587,0.1085934,0.1273143,-0.8832446,-0.1136837,0.4402975,0.1144253,166.8591,-0.8890842,-0.1144354,0.4432085,14.90608,0,0,0,0,0,0,0,0,0,1,0,0,0.3584748,False,True,False,0.02869477,0.9929603,0.2502887,1.024421,0.4941187,0.5597136,-0.0012735,0.6652563,96.59602,0.6618119,0.7496682,-0.001705698,0.02130523,0.007039666,0.04971129,0.05454065,0.5218615,-0.1484205,0.06010819,0.8378658,66.16915,0.9560066,-0.271894,0.1101132,0.008079886,1.104566,-0.03722503,1.105223,0.01931447,0.03236106,0.001555604,0.9992884,4.323139,0.5120763,0.8579751,0.04124307,False
1773055718342,9.081927,0.09385243,0.8997461,0.2026148,0.9270405,-0.3566753,-0.3419333,-0.5770909,0.6502541,98.87847,-0.4694846,-0.45008,-0.7596132,0.006841347,0.9877859,0.2349051,1.015356,0.01842244,1.00766,0.2538278,1.039301,0.02033867,0.9774132,0.252211,1.009634,-0.02718066,-0.08661498,0.1006176,0.135517,-0.0194518,-0.07412844,0.1285452,0.1496571,-0.004483206,-0.0745385,0.1000934,0.1248791,-0.02716307,-0.08673549,0.1004486,0.1354651,-0.02016547,-0.07422562,0.1281136,0.1494295,-0.004163866,-0.07418419,0.1042265,0.1279992,-0.01788963,-0.07838912,0.1119959,0.1378694,-0.2515301,0.6044646,0.07939573,0.7516991,82.52446,-0.3813914,0.916541,0.1203866,3.542027,-0.01335113,-0.06072152,0.1066899,0.1234832,0.3149726,0.8606768,0.3993703,0.0230619,177.3571,0.3150563,0.8609055,0.3994764,1.060985,True,True,False,-0.1039582,0.5968354,0.1248551,0.6185536,-0.0993714,-0.2305436,-0.3236387,-0.912268,311.6414,-0.2426097,-0.5628591,-0.7901455,0.01421188,0.5837259,0.1796052,0.6108977,0.01062454,0.5490058,0.2142586,0.5894294,-0.0351034,0.5606391,0.1689037,0.5865807,0.05614982,-0.05971735,0.111843,0.1386644,0.01706528,-0.07386304,0.1432629,0.162084,0.008881952,-0.05386031,0.07738478,0.09470072,0.05612042,-0.05975974,0.1118372,0.1386661,0.01705464,-0.07388618,0.1432095,0.1620462,0.008885565,-0.05379369,0.07739728,0.0946734,0.02344066,-0.06218869,0.1085993,0.1273213,-0.8832393,-0.1137533,0.4403512,0.1141899,166.8862,-0.8890547,-0.1145023,0.4432506,14.9112,0,0,0,0,0,0,0,0,0,1,0,0,0.3582991,False,True,False,0.02823591,0.9929132,0.2500783,1.024311,0.5294973,0.5329093,0.02547946,0.6595386,97.47062,0.7044272,0.7089664,0.03389711,0.02176409,0.007086754,0.04992175,0.05491884,0.4826064,-0.1352901,0.08123679,0.8615035,61.02835,0.9504775,-0.2664493,0.1599932,0.007955063,1.104416,-0.03714107,1.105069,0.01991034,0.03190848,0.001382473,0.9992916,4.313531,0.5290506,0.8478609,0.03673458,False
1773055718354,9.095631,0.09695028,0.9016246,0.2019236,0.9290314,-0.3305055,-0.3493074,-0.5933915,0.6454742,99.59753,-0.4327223,-0.4573391,-0.776912,0.008471102,0.9884919,0.233214,1.015666,0.01913764,1.008127,0.2526342,1.039476,0.02103538,0.9779296,0.2500027,1.009599,-0.02614596,-0.08673094,0.1007303,0.1354713,-0.01934584,-0.07410722,0.1286225,0.1496993,-0.004473395,-0.07454217,0.100096,0.124883,-0.02695397,-0.08673456,0.1005065,0.1354657,-0.01999676,-0.07420129,0.1282182,0.1494845,-0.004227485,-0.07425828,0.1033607,0.1273405,-0.01767571,-0.07826302,0.1120757,0.137835,-0.2554128,0.6164812,0.0812267,0.7403497,84.47758,-0.3799531,0.9170797,0.1208331,3.5613,-0.0131492,-0.06060247,0.1067653,0.1234681,0.3192527,0.8633269,0.3906451,0.0118913,178.6373,0.3192751,0.8633876,0.3906726,0.8810479,True,True,False,-0.1039673,0.5967255,0.1248919,0.6184565,-0.09951039,-0.2306143,-0.3235627,-0.912262,311.6397,-0.242941,-0.5630133,-0.7899341,0.01420686,0.5835961,0.1796252,0.6107794,0.01063608,0.5488732,0.21429,0.5893175,-0.03510015,0.5604965,0.168914,0.5864472,0.05614774,-0.05969952,0.1118518,0.138663,0.01706936,-0.07384581,0.1432945,0.1621045,0.008881391,-0.05387667,0.07738589,0.09471088,0.05612603,-0.05974737,0.1118402,0.1386654,0.01705766,-0.07387789,0.1432269,0.1620582,0.008884708,-0.05381075,0.07739494,0.0946811,0.02344276,-0.06219045,0.1086074,0.1273294,-0.8832421,-0.1138138,0.4403954,0.1139367,166.9154,-0.8890315,-0.1145598,0.4432821,14.91606,0,0,0,0,0,0,0,0,0,1,0,0,0.3586985,False,True,False,0.02860998,0.9932771,0.24998,1.02465,0.5567172,0.5124505,0.0471008,0.6521059,98.59887,0.7343315,0.675942,0.06212778,0.02139002,0.006722927,0.05001996,0.0548154,0.449847,-0.1257104,0.09574966,0.8790147,56.95257,0.943481,-0.263657,0.2008193,0.007830708,1.104277,-0.03707006,1.104927,0.02073913,0.03152332,0.001817252,0.9992862,4.330015,0.548986,0.8344544,0.04810452,False
1773055718369,9.109479,0.09967473,0.9032378,0.2013497,0.9307606,-0.3089232,-0.35502,-0.6069435,0.6404271,100.3527,-0.4022338,-0.4622543,-0.7902716,0.01015382,0.9892735,0.2318102,1.016121,0.02008833,1.008689,0.2514645,1.039756,0.02194979,0.9785959,0.2480143,1.009774,-0.02514713,-0.08679221,0.1008783,0.1354315,-0.01923222,-0.07407934,0.1286399,0.1496858,-0.004452333,-0.07454988,0.1000938,0.1248851,-0.02657978,-0.0867465,0.1005835,0.1354566,-0.01983798,-0.07417603,0.1283056,0.1495258,-0.004274093,-0.07431911,0.1026692,0.126817,-0.0174267,-0.07814676,0.1121975,0.1378365,-0.2606491,0.6255848,0.08330435,0.730593,86.12774,-0.3817282,0.9161873,0.1220017,3.553679,-0.01291415,-0.06049274,0.1068803,0.1234891,0.3207845,0.8657597,0.3841083,0.004366917,179.4996,0.3207875,0.8657677,0.3841118,0.7161729,True,True,False,-0.1039772,0.5966083,0.1249284,0.6183525,-0.099656,-0.2307034,-0.3234767,-0.9122541,311.6375,-0.2432861,-0.5632068,-0.7896903,0.0142022,0.5834576,0.1796418,0.6106518,0.01065018,0.548733,0.2143194,0.5891979,-0.03509635,0.5603458,0.1689216,0.5863051,0.05614465,-0.05968044,0.1118616,0.1386614,0.01707362,-0.07382695,0.1433289,0.1621268,0.008880878,-0.05389298,0.0773875,0.09472143,0.05612988,-0.05973351,0.1118446,0.1386646,0.01706097,-0.07386734,0.143248,0.1620724,0.008883915,-0.05382779,0.0773934,0.09468945,0.02344382,-0.0621912,0.1086177,0.1273388,-0.8832526,-0.1138666,0.4404313,0.1136646,166.9468,-0.8890141,-0.1146093,0.4433043,14.92074,0,0,0,0,0,0,0,0,0,1,0,0,0.3595128,False,True,False,0.02958619,0.9937892,0.248957,1.024925,0.5779746,0.4927699,0.07127815,0.6465621,99.4342,0.7576405,0.6459495,0.09343526,0.02041381,0.006210804,0.051043,0.05532347,0.4200347,-0.1114008,0.1070933,0.8942549,53.17424,0.9385033,-0.2489079,0.2392836,0.007735257,1.104123,-0.03699678,1.10477,0.02123566,0.03142592,0.002159985,0.9992781,4.354355,0.5589865,0.827225,0.05685731,False
1773055718383,9.123512,0.1019516,0.9045547,0.2008975,0.9321873,-0.2897927,-0.3598053,-0.6189317,0.635204,101.1298,-0.3752117,-0.4658612,-0.8013674,0.01163063,0.9899831,0.2305704,1.016545,0.02092137,1.009153,0.2503834,1.039961,0.02275254,0.979189,0.2461943,1.009921,-0.02424278,-0.08679691,0.1010531,0.1354,-0.01909887,-0.0740465,0.128635,0.1496483,-0.004428797,-0.07455082,0.1000772,0.1248715,-0.02608958,-0.08675705,0.1006818,0.135441,-0.0196828,-0.07414892,0.1283746,0.1495511,-0.0043065,-0.07436794,0.1021144,0.1263981,-0.01715606,-0.0780335,0.112351,0.1378634,-0.2668629,0.6326506,0.08555326,0.7219544,87.56785,-0.3856731,0.9143134,0.1236425,3.523769,-0.0126587,-0.06038582,0.1070253,0.1235358,0.3209196,0.8679752,0.3789848,-0.0009963996,180.1142,0.3209197,0.8679755,0.3789849,0.596962,True,True,False,-0.1039879,0.5964844,0.1249646,0.6182421,-0.099808,-0.2308103,-0.323381,-0.9122443,311.6347,-0.2436441,-0.5634376,-0.7894146,0.01419779,0.5833109,0.1796549,0.6105154,0.01066662,0.5485858,0.2143465,0.589071,-0.0350921,0.5601876,0.1689267,0.5861552,0.05614048,-0.05966019,0.1118724,0.1386597,0.01707807,-0.07380649,0.1433657,0.1621505,0.00888046,-0.05390907,0.07738955,0.09473222,0.0561321,-0.05971817,0.1118504,0.1386636,0.01706455,-0.07385461,0.1432727,0.1620887,0.008883192,-0.05384481,0.07739259,0.09469841,0.02344392,-0.06219096,0.10863,0.1273492,-0.88327,-0.1139123,0.4404593,0.1133741,166.9803,-0.889002,-0.1146515,0.4433176,14.92528,0,0,0,0,0,0,0,0,0,1,0,0,0.3602751,False,True,False,0.03071256,0.9944181,0.2480392,1.025346,0.5931909,0.4768673,0.08977447,0.6423883,100.0597,0.7740174,0.622234,0.117141,0.01928744,0.005581856,0.05196084,0.0557054,0.3973346,-0.09967959,0.1159957,0.9048393,50.39669,0.933251,-0.2341253,0.2724481,0.007652309,1.103977,-0.03694773,1.104621,0.0216977,0.03132818,0.002631804,0.9992701,4.378381,0.568014,0.8201259,0.06889679,False
1773055718397,9.137287,0.1038173,0.9058542,0.1999216,0.9334444,-0.2791416,-0.359939,-0.6232829,0.6356432,101.0646,-0.3615904,-0.4662525,-0.8073791,0.01267835,0.9900814,0.2303215,1.016597,0.02176913,1.00927,0.2498122,1.039955,0.02322955,0.9799541,0.2456422,1.010539,-0.02334523,-0.08688623,0.1011227,0.1353515,-0.01908235,-0.07401714,0.1284814,0.1494997,-0.004329372,-0.07498172,0.100772,0.1256821,-0.0255209,-0.08678369,0.1007727,0.1354174,-0.01955853,-0.07412174,0.1283967,0.1495402,-0.004311221,-0.0744954,0.1018313,0.1262449,-0.01690829,-0.07797524,0.1125354,0.1379501,-0.2728617,0.635588,0.08617065,0.7170418,88.37843,-0.3914632,0.9118515,0.1236254,3.465408,-0.01242479,-0.06033082,0.1071992,0.123636,0.3199799,0.8700229,0.3750494,-0.003436242,180.3938,0.3199817,0.8700278,0.3750515,0.6192724,True,True,False,-0.104033,0.5964061,0.1250589,0.6181932,-0.099832,-0.2308514,-0.3234634,-0.9122021,311.6229,-0.2436469,-0.5634089,-0.7894349,0.01415699,0.5832672,0.1797433,0.6104987,0.01064388,0.5485299,0.2144452,0.5890544,-0.03511923,0.5601063,0.1690037,0.5861012,0.05614773,-0.05964214,0.1118756,0.1386575,0.01708073,-0.0737968,0.1433851,0.1621635,0.00888089,-0.05392648,0.07738586,0.09473915,0.05613532,-0.05970249,0.1118556,0.1386623,0.01706788,-0.0738427,0.1432958,0.1621041,0.008882717,-0.05386167,0.07739121,0.09470681,0.02344464,-0.06219084,0.1086416,0.1273591,-0.8832842,-0.1139692,0.4404897,0.1130878,167.0133,-0.888987,-0.114705,0.4433337,14.93007,0,0,0,0,0,0,0,0,0,1,0,0,0.3600397,False,True,False,0.03166648,0.9949595,0.2472447,1.025708,0.6049945,0.4628993,0.105285,0.6392347,100.5304,0.7867169,0.6019405,0.1369095,0.01833352,0.005040526,0.05275528,0.05607713,0.3786613,-0.08908299,0.1236781,0.9128985,48.18195,0.9276669,-0.2182408,0.302994,0.007583875,1.103864,-0.03691746,1.104507,0.02226768,0.03140151,0.003098177,0.999254,4.426571,0.5765876,0.813094,0.08022255,False
1773055718411,9.151213,0.1054901,0.9069796,0.1991177,0.9345523,-0.2675156,-0.3608204,-0.6288056,0.6347029,101.2041,-0.3461836,-0.4669265,-0.8137178,0.01358768,0.9901704,0.2298761,1.016595,0.02244956,1.009363,0.2491037,1.039889,0.0235479,0.9806244,0.2449099,1.011019,-0.02246278,-0.08696216,0.1011916,0.1353024,-0.01906473,-0.07398707,0.1283299,0.1493523,-0.004230475,-0.07535267,0.1013855,0.126392,-0.02488001,-0.08682083,0.1008599,0.1353868,-0.01945543,-0.07409374,0.1283828,0.1495009,-0.004294413,-0.07467501,0.1017367,0.1262741,-0.01667327,-0.07795072,0.112749,0.138082,-0.2788945,0.6355221,0.08583562,0.7148159,88.74377,-0.3988123,0.9087811,0.1227428,3.385676,-0.01220296,-0.06030768,0.1074009,0.1237775,0.3179554,0.8721266,0.371869,-0.003731737,180.4276,0.3179575,0.8721324,0.3718714,0.6718808,True,True,False,-0.1040808,0.5963247,0.1251563,0.6181425,-0.09984626,-0.2308993,-0.3235587,-0.9121546,311.6096,-0.2436188,-0.5633802,-0.7894635,0.01411416,0.583226,0.1798339,0.610485,0.0106205,0.548476,0.2145468,0.5890408,-0.03514756,0.5600249,0.1690834,0.5860482,0.05615558,-0.05962335,0.1118785,0.1386549,0.01708332,-0.0737872,0.1434043,0.1621764,0.008881529,-0.05394391,0.07738179,0.09474581,0.05613954,-0.05968603,0.1118603,0.1386608,0.01707109,-0.07383116,0.1433184,0.1621192,0.00888247,-0.05387879,0.07738925,0.09471493,0.02344593,-0.06219077,0.1086527,0.1273688,-0.8832958,-0.1140378,0.4405231,0.1127975,167.0468,-0.8889693,-0.1147703,0.4433526,14.93524,0,0,0,0,0,0,0,0,0,1,0,0,0.3598325,False,True,False,0.03258693,0.9952891,0.2469693,1.02599,0.6116275,0.4595147,0.112853,0.6340523,101.3005,0.7909418,0.5942332,0.1459388,0.01741307,0.004710853,0.05303073,0.05601487,0.3679513,-0.08703847,0.1238066,0.9174466,46.88881,0.9248282,-0.2187671,0.3111822,0.007536508,1.103723,-0.03694161,1.104366,0.02250469,0.03155744,0.003018683,0.999244,4.456184,0.5788625,0.8117163,0.07764614,False
1773055718425,9.165293,0.1062825,0.9079227,0.1979439,0.9353082,-0.2668415,-0.3582013,-0.6277209,0.6375374,100.7831,-0.3463588,-0.4649432,-0.8147782,0.01423581,0.9904827,0.2298535,1.016903,0.0231444,1.009569,0.2487384,1.040018,0.02404543,0.981213,0.2447334,1.011559,-0.02216237,-0.08690597,0.1012735,0.135278,-0.01906285,-0.07395277,0.1281199,0.1491546,-0.004163883,-0.07555918,0.1017246,0.1267849,-0.02430431,-0.08683871,0.1009467,0.1353584,-0.01937274,-0.07406417,0.1283276,0.1494281,-0.004267011,-0.07486192,0.1017341,0.1263817,-0.01647453,-0.07793756,0.1129326,0.1382007,-0.2839123,0.6344598,0.08462424,0.713928,88.88917,-0.4054622,0.9060876,0.120854,3.303689,-0.01201533,-0.06029525,0.1075742,0.1239036,0.3163025,0.8736789,0.3696349,-0.002951047,180.3382,0.3163038,0.8736825,0.3696364,0.6140311,True,True,False,-0.1041213,0.5962198,0.1252292,0.6180628,-0.09980699,-0.2308909,-0.3236471,-0.9121298,311.6027,-0.2434899,-0.5632832,-0.7895721,0.01406883,0.5831313,0.1799115,0.6104164,0.01058492,0.548391,0.2146294,0.5889912,-0.0351892,0.5599384,0.1691454,0.5859859,0.05614322,-0.05963219,0.1118755,0.1386513,0.01707923,-0.07378922,0.1434074,0.1621796,0.008885515,-0.05394219,0.07736476,0.09473129,0.05614031,-0.05967474,0.1118635,0.1386588,0.0170728,-0.07382236,0.1433371,0.1621318,0.008883109,-0.0538921,0.07738411,0.09471837,0.02344512,-0.0621913,0.1086602,0.1273753,-0.8833241,-0.1140727,0.4405152,0.1125709,167.0729,-0.8889748,-0.1148024,0.4433332,14.93931,0,0,0,0,0,0,0,0,0,1,0,0,0.3588205,False,True,False,0.03327442,0.9955866,0.2466,1.026212,0.6170254,0.4544362,0.1197901,0.6312035,101.7221,0.7955282,0.5859026,0.1544449,0.01672558,0.004413426,0.05340001,0.05613185,0.35898,-0.08337057,0.1258581,0.9210551,45.83836,0.9218034,-0.2140823,0.3231835,0.007488239,1.103608,-0.03698927,1.104253,0.02319244,0.03164665,0.003361434,0.9992244,4.513615,0.5889606,0.8036509,0.08536196,False
1773055718439,9.179162,0.1071038,0.9088023,0.1969132,0.9360383,-0.2648271,-0.3562892,-0.6276878,0.6394784,100.4941,-0.3444641,-0.46343,-0.8164417,0.01488025,0.9907323,0.2297916,1.017141,0.02379491,1.009753,0.2483127,1.040108,0.02447683,0.9817724,0.2444779,1.01205,-0.02175626,-0.0868575,0.1013572,0.1352437,-0.0190612,-0.07391808,0.1279174,0.1489633,-0.004091416,-0.07576961,0.1020701,0.1271852,-0.02377,-0.0868426,0.1010319,0.1353296,-0.0193079,-0.07403389,0.1282425,0.1493317,-0.004230594,-0.07505159,0.101805,0.1265499,-0.01630182,-0.0779321,0.1130962,0.1383109,-0.2881857,0.632473,0.08279241,0.7141935,88.84572,-0.4117243,0.9035997,0.1182836,3.220166,-0.0118523,-0.06029008,0.1077286,0.1240195,0.314769,0.8749062,0.3680465,-0.001364079,180.1563,0.3147692,0.8749069,0.3680467,0.5892591,True,True,False,-0.1041635,0.5961108,0.1253031,0.6179798,-0.09975301,-0.2308809,-0.3237449,-0.9121034,311.5953,-0.2433237,-0.5631788,-0.7896985,0.01402107,0.5830328,0.1799909,0.6103447,0.01054674,0.5483051,0.2147134,0.588941,-0.03523417,0.5598528,0.169209,0.5859252,0.05612854,-0.05964433,0.1118715,0.1386473,0.01707418,-0.07379293,0.1434082,0.1621815,0.008890136,-0.0539379,0.07734559,0.09471364,0.05613787,-0.05966843,0.1118652,0.1386564,0.01707309,-0.07381625,0.1433518,0.1621421,0.008884566,-0.05390161,0.07737613,0.09471739,0.02344237,-0.06219233,0.1086641,0.1273786,-0.8833674,-0.1140755,0.4404694,0.1124077,167.0918,-0.8890018,-0.1148031,0.4432789,14.94227,0,0,0,0,0,0,0,0,0,1,0,0,0.3579406,False,True,False,0.03393823,0.9960284,0.2464805,1.026634,0.6184647,0.4581442,0.1176746,0.6275014,102.268,0.7943134,0.5884088,0.1511331,0.01606177,0.003971636,0.05351952,0.05601868,0.358082,-0.08839408,0.1230489,0.9213158,45.76157,0.9209571,-0.2273422,0.3164716,0.007468793,1.103483,-0.03712805,1.104133,0.02349116,0.03168587,0.003511867,0.9992157,4.538868,0.5932264,0.8001689,0.08868578,False
1773055718453,9.192867,0.1078554,0.9105303,0.1953702,0.9374795,-0.2625924,-0.3537643,-0.627185,0.642289,100.0746,-0.342603,-0.4615546,-0.8182852,0.01540454,0.9916906,0.2293749,1.017988,0.02429615,1.010627,0.2476258,1.040805,0.0250357,0.9827902,0.2436915,1.012862,-0.02143387,-0.08678775,0.1014402,0.1352096,-0.01906293,-0.07387919,0.1277592,0.1488084,-0.004079261,-0.07576853,0.1020786,0.127191,-0.02328404,-0.08683133,0.1011159,0.1353006,-0.0192574,-0.07400212,0.1281433,0.1492242,-0.00419951,-0.07520001,0.101862,0.1266829,-0.01614793,-0.07791211,0.1132305,0.1383915,-0.2923419,0.6307559,0.08129729,0.7141946,88.84553,-0.4176629,0.901148,0.1161478,3.142721,-0.01170705,-0.06027123,0.1078555,0.1241067,0.3133543,0.8760418,0.3665521,-0.0001449256,180.0166,0.3133542,0.8760416,0.366552,0.5592823,True,True,False,-0.104168,0.5960367,0.1253327,0.617915,-0.09956421,-0.2309039,-0.3238115,-0.9120946,311.5929,-0.2428515,-0.563208,-0.7898232,0.01401564,0.5829991,0.1800274,0.6103231,0.01054557,0.5482762,0.2147617,0.5889317,-0.03524469,0.5598161,0.1692406,0.5858999,0.05613012,-0.05965051,0.1118648,0.1386453,0.01707141,-0.07380341,0.1434023,0.1621808,0.008894375,-0.05393119,0.07732538,0.09469371,0.05613628,-0.05966475,0.1118651,0.1386541,0.01707274,-0.07381362,0.1433622,0.1621501,0.008886579,-0.05390768,0.07736571,0.09471253,0.02343994,-0.06219365,0.1086646,0.1273792,-0.8834108,-0.1140774,0.4404097,0.1122994,167.1042,-0.8890345,-0.1148036,0.4432133,14.94543,0,0,0,0,0,0,0,0,0,1,0,0,0.3572416,False,True,False,0.03454825,0.9964272,0.2462933,1.026996,0.6196861,0.4598615,0.1166638,0.6252248,102.6026,0.7940167,0.5892302,0.1494838,0.01545176,0.003572762,0.05370672,0.0559994,0.3570571,-0.09119271,0.1217547,0.9216127,45.67403,0.919987,-0.2349655,0.313711,0.007426315,1.10339,-0.03725052,1.104044,0.02350898,0.03176999,0.003797065,0.9992115,4.550926,0.5921029,0.8001668,0.09563383,False
1773055718467,9.206869,0.1086968,0.9122138,0.1938958,0.9389061,-0.258879,-0.3511651,-0.6273375,0.6450678,99.65849,-0.3387913,-0.4595648,-0.8209877,0.01594032,0.9924941,0.2290136,1.018698,0.02477249,1.011308,0.2470612,1.041344,0.02557672,0.9836264,0.2429699,1.013513,-0.02111531,-0.08672146,0.1015165,0.1351742,-0.01906654,-0.07383776,0.1275957,0.1486479,-0.00406428,-0.0757679,0.1020874,0.1271972,-0.02282473,-0.08680838,0.1011997,0.1352703,-0.01921738,-0.07396778,0.1280289,0.1491038,-0.004171265,-0.07531956,0.1019098,0.1267913,-0.01600559,-0.07788064,0.1133432,0.1384495,-0.2965389,0.6291798,0.08001552,0.7139993,88.8775,-0.4235384,0.8986403,0.114284,3.068409,-0.01157268,-0.06024151,0.1079619,0.1241722,0.3119839,0.87714,0.365091,0.0008518001,179.9024,0.3119839,0.87714,0.365091,0.5351048,True,True,False,-0.1041714,0.5959616,0.12536,0.6178487,-0.09934495,-0.2309302,-0.3238815,-0.912087,311.5908,-0.2423066,-0.5632488,-0.789961,0.01401148,0.582969,0.1800623,0.6103045,0.0105448,0.5482517,0.2148091,0.5889262,-0.03525575,0.5597845,0.1692721,0.5858794,0.05613227,-0.05965841,0.1118569,0.1386432,0.01706815,-0.07381632,0.1433936,0.1621786,0.008899075,-0.05392202,0.07730345,0.09467101,0.05613544,-0.05966343,0.1118634,0.1386518,0.01707178,-0.07381418,0.1433687,0.162156,0.008889189,-0.05391068,0.07735271,0.09470386,0.02343772,-0.0621953,0.1086619,0.1273774,-0.8834552,-0.1140786,0.4403353,0.1122399,167.1111,-0.8890732,-0.1148041,0.4431354,14.94885,0,0,0,0,0,0,0,0,0,1,0,0,0.3574542,False,True,False,0.03504504,0.9974875,0.2457643,1.027915,0.6210691,0.4624457,0.1163349,0.6219994,103.0754,0.7931738,0.5905942,0.1485725,0.01495496,0.002512455,0.05423567,0.05631581,0.3553574,-0.09427229,0.1192498,0.922287,45.47449,0.9194106,-0.2439092,0.3085333,0.007335114,1.103372,-0.03736699,1.104029,0.02350873,0.03180335,0.004302578,0.9992084,4.559862,0.5909471,0.7994519,0.1081554,False
1773055718481,9.220997,0.1095711,0.9137861,0.1925423,0.9402571,-0.2537835,-0.3485843,-0.628149,0.6476973,99.26358,-0.3330939,-0.4575211,-0.8244532,0.01643811,0.993097,0.2287246,1.019229,0.02517867,1.011755,0.2466272,1.041685,0.02604949,0.984239,0.2423323,1.013967,-0.02079846,-0.08665832,0.1015871,0.1351377,-0.01907222,-0.07379349,0.1274255,0.1484806,-0.004045275,-0.07576795,0.1020967,0.1272041,-0.02239216,-0.08677681,0.1012814,0.1352388,-0.01918674,-0.07393111,0.1279019,0.1489726,-0.004144765,-0.07541461,0.1019496,0.1268789,-0.01587453,-0.07784057,0.1134354,0.1384873,-0.3007542,0.6277029,0.07889978,0.7136601,88.93301,-0.4293471,0.8960884,0.1126348,2.997684,-0.01144896,-0.0602037,0.1080489,0.124218,0.310645,0.8782079,0.3636599,0.001693554,179.8059,0.3106453,0.8782088,0.3636603,0.516368,True,True,False,-0.1041737,0.5958856,0.1253852,0.6177809,-0.09909637,-0.2309597,-0.3239546,-0.9120805,311.589,-0.2416919,-0.5633011,-0.7901118,0.0140086,0.5829425,0.180096,0.610289,0.01054437,0.5482317,0.2148559,0.5889246,-0.03526744,0.5597576,0.1693036,0.5858636,0.05613498,-0.05966794,0.111848,0.1386412,0.01706449,-0.07383145,0.1433821,0.162175,0.008904166,-0.05391055,0.07727967,0.09464554,0.05613535,-0.05966438,0.1118602,0.1386496,0.01707025,-0.07381781,0.1433716,0.16216,0.008892339,-0.05391065,0.07733735,0.09469159,0.02343575,-0.0621972,0.1086563,0.1273731,-0.8835005,-0.1140791,0.4402474,0.1122281,167.1125,-0.8891175,-0.1148044,0.4430463,14.95249,0,0,0,0,0,0,0,0,0,1,0,0,0.3578313,False,True,False,0.03553255,0.9983513,0.2453355,1.028668,0.6230856,0.4643106,0.1174587,0.6183716,103.6054,0.792845,0.5908118,0.1494603,0.01446745,0.001648664,0.05466446,0.05657056,0.3522495,-0.09643675,0.1168035,0.9235677,45.0933,0.918667,-0.2515071,0.3046237,0.007237514,1.103395,-0.03749674,1.104056,0.02340175,0.03185564,0.004869251,0.9992066,4.56501,0.5875944,0.7998631,0.122262,False
1773055718494,9.234576,0.1101389,0.9146852,0.1923607,0.9411601,-0.2496353,-0.3459199,-0.628688,0.65021,98.88512,-0.3285736,-0.4553049,-0.8274882,0.01673473,0.9931074,0.2296282,1.019447,0.02537218,1.011746,0.2474571,1.041878,0.02655409,0.9842065,0.2427436,1.014047,-0.02047017,-0.08657894,0.1016667,0.1350965,-0.01905095,-0.07375854,0.1274337,0.1484675,-0.004088787,-0.07554546,0.1019274,0.1269371,-0.02199421,-0.08673648,0.1013601,0.1352066,-0.01915896,-0.07389592,0.1278063,0.1488695,-0.004133356,-0.07544147,0.101945,0.1268909,-0.01575572,-0.07777804,0.1135233,0.1385107,-0.3053169,0.6268553,0.07915596,0.7124383,89.13269,-0.4350888,0.8932937,0.1128004,2.938043,-0.0113368,-0.06014466,0.1081318,0.1242513,0.309111,0.8793626,0.3621738,0.001655844,179.8103,0.3091113,0.8793635,0.3621742,0.5062473,True,True,False,-0.1041439,0.595769,0.125431,0.6176727,-0.09881254,-0.2309587,-0.3239924,-0.9120982,311.5939,-0.2410229,-0.5633528,-0.7902799,0.01403449,0.58288,0.1801622,0.6102495,0.01056334,0.5481707,0.214947,0.5889015,-0.03526308,0.5597045,0.1693656,0.5858305,0.05614498,-0.0596706,0.1118411,0.1386408,0.01705646,-0.07384003,0.14338,0.1621761,0.008912335,-0.05387943,0.07725205,0.09460604,0.05613731,-0.05966565,0.1118563,0.1386478,0.01706744,-0.07382234,0.1433733,0.1621633,0.008896414,-0.05390429,0.07731996,0.09467415,0.0234343,-0.06219694,0.1086494,0.1273668,-0.8835472,-0.1140679,0.4401457,0.1122704,167.1076,-0.8891688,-0.1147937,0.4429462,14.9574,0,0,0,0,0,0,0,0,0,1,0,0,0.3586148,False,True,False,0.03595878,0.9989754,0.245022,1.029214,0.6256531,0.4653819,0.119889,0.6144954,104.1695,0.7930497,0.5898972,0.1519659,0.01404122,0.001024604,0.05497798,0.05675196,0.3479058,-0.0976691,0.1145551,0.9253646,44.55322,0.9177675,-0.2576488,0.3021937,0.007135066,1.103437,-0.03764251,1.104102,0.02285107,0.03166563,0.005060975,0.9992245,4.513268,0.5803362,0.8041946,0.1285308,False
1773055718508,9.248945,0.1107021,0.9155191,0.192142,0.9419919,-0.2447108,-0.3434221,-0.6296782,0.6524441,98.54773,-0.3229069,-0.4531609,-0.8308889,0.01699185,0.9930358,0.2303923,1.019554,0.02551317,1.01162,0.2481854,1.041931,0.02699433,0.9840861,0.2430463,1.014015,-0.02015891,-0.08650349,0.1017396,0.1350562,-0.01903068,-0.07371832,0.1274226,0.1484354,-0.004129941,-0.07532618,0.1017665,0.1266787,-0.0215967,-0.08668682,0.1014412,0.1351715,-0.01913153,-0.07385805,0.1277244,0.1487768,-0.004132628,-0.07541674,0.1019065,0.1268452,-0.01563904,-0.07769414,0.11361,0.1385214,-0.310551,0.6263916,0.08049336,0.7104311,89.45999,-0.4412699,0.8900558,0.1143751,2.882704,-0.01122666,-0.06006547,0.1082137,0.1242743,0.3073047,0.8806706,0.3605316,0.0009744146,179.8884,0.3073047,0.8806707,0.3605317,0.4936708,True,True,False,-0.1041113,0.5956494,0.1254763,0.6175611,-0.09850047,-0.2309564,-0.3240284,-0.9121197,311.5999,-0.2402896,-0.563413,-0.7904599,0.01406288,0.5828187,0.1802301,0.6102117,0.01058293,0.548111,0.2150417,0.5888808,-0.03525932,0.5596548,0.16943,0.5858014,0.05615637,-0.05967366,0.1118336,0.1386407,0.0170475,-0.0738496,0.1433767,0.1621766,0.00892125,-0.05384384,0.07722256,0.09456252,0.05614137,-0.05966735,0.1118514,0.1386463,0.01706319,-0.07382815,0.143374,0.1621661,0.008901707,-0.05389139,0.07729919,0.09465034,0.02343324,-0.06219461,0.1086406,0.127358,-0.8835991,-0.1140453,0.4400226,0.1123678,167.0963,-0.8892308,-0.1147722,0.4428271,14.96391,0,0,0,0,0,0,0,0,0,1,0,0,0.3595698,False,True,False,0.03621657,0.9990265,0.2458438,1.029468,0.628135,0.4672744,0.1218557,0.6101248,104.8029,0.7927942,0.5897657,0.153799,0.01378343,0.0009735227,0.05415621,0.0558912,0.3437528,-0.09971651,0.1116522,0.9270515,44.04049,0.9168351,-0.2659573,0.2977915,0.007033248,1.103493,-0.03777057,1.104162,0.02276792,0.0315174,0.005334815,0.9992296,4.498325,0.5801458,0.8030897,0.1359356,False
1773055718521,9.262381,0.1113125,0.9163816,0.1918776,0.9428482,-0.2390589,-0.3410246,-0.6310537,0.6544648,98.24184,-0.3161769,-0.4510356,-0.8346251,0.01725949,0.9929638,0.2310317,1.019633,0.02565637,1.011456,0.2488147,1.041926,0.02740955,0.9839675,0.2432576,1.013961,-0.01985972,-0.08643108,0.1018065,0.1350159,-0.01901194,-0.07367143,0.1273844,0.148377,-0.004165028,-0.07512498,0.1016258,0.1264473,-0.02123974,-0.08663512,0.1015152,0.1351374,-0.01910728,-0.0738203,0.1276556,0.1486959,-0.004139176,-0.07535743,0.1018492,0.1267641,-0.01553612,-0.07760338,0.1136831,0.138519,-0.3158133,0.6261879,0.08243667,0.7080643,89.84473,-0.4472338,0.8867657,0.1167413,2.83571,-0.01112952,-0.0599798,0.1082827,0.1242843,0.3054595,0.88197,0.3589208,-5.406988E-05,180.0062,0.3054594,0.8819697,0.3589207,0.4856963,True,True,False,-0.104076,0.5955268,0.1255211,0.6174459,-0.09816107,-0.2309531,-0.3240628,-0.912145,311.607,-0.2394946,-0.5634822,-0.7906523,0.01409374,0.5827586,0.1802994,0.6101755,0.01060307,0.5480525,0.2151399,0.5888625,-0.03525616,0.5596086,0.1694968,0.5857763,0.05616919,-0.05967713,0.1118255,0.1386409,0.01703768,-0.07386008,0.1433724,0.1621766,0.008930922,-0.05380386,0.07719125,0.09451511,0.05614699,-0.05966933,0.1118462,0.1386452,0.01705804,-0.07383461,0.1433737,0.1621682,0.008907611,-0.0538737,0.07727737,0.09462301,0.02343265,-0.06219061,0.108631,0.1273478,-0.8836505,-0.114014,0.4398918,0.1125072,167.0803,-0.8892967,-0.1147425,0.4427025,14.97123,0,0,0,0,0,0,0,0,0,1,0,0,0.3606878,False,True,False,0.03643269,0.9989725,0.2465817,1.0296,0.630985,0.4689764,0.1246387,0.6052969,105.4996,0.792695,0.5891665,0.1565813,0.01356731,0.001027465,0.05341831,0.05512389,0.3387221,-0.101429,0.1085381,0.9290851,43.41472,0.9157966,-0.2742317,0.2934525,0.006925148,1.103579,-0.03792848,1.104253,0.0219551,0.03141537,0.005368363,0.9992509,4.435759,0.5673161,0.8117679,0.1387176,False
1773055718535,9.27631,0.1118282,0.9173207,0.191908,0.9438282,-0.2360477,-0.3398803,-0.631308,0.6559064,98.02317,-0.3127113,-0.4502666,-0.8363443,0.01751997,0.9933485,0.2314948,1.020117,0.0258264,1.011814,0.2493923,1.042416,0.02787299,0.9845574,0.2438129,1.01468,-0.01976953,-0.08639079,0.1018446,0.1350057,-0.01897455,-0.07363687,0.1274627,0.1484222,-0.004152644,-0.07484072,0.1019234,0.1265178,-0.02092881,-0.08658428,0.1015839,0.1351079,-0.01907959,-0.07378212,0.1276154,0.1486389,-0.004141977,-0.07524945,0.1018648,0.1267125,-0.01545025,-0.07751655,0.113757,0.1385214,-0.3204848,0.624786,0.08519658,0.7068758,90.03743,-0.453086,0.8832924,0.1204468,2.797637,-0.01104843,-0.05989783,0.1083525,0.1242983,0.3033201,0.8830218,0.3581475,-0.0007798598,180.0894,0.3033201,0.8830218,0.3581475,0.4556944,True,True,False,-0.1040773,0.5954176,0.1255507,0.6173469,-0.09794709,-0.231076,-0.3241066,-0.9121213,311.6003,-0.2389417,-0.5637094,-0.7906573,0.01410945,0.582701,0.1803079,0.6101233,0.01061658,0.5479926,0.2151631,0.5888156,-0.03528416,0.55958,0.1695172,0.5857567,0.05618325,-0.05968713,0.111815,0.1386424,0.01703133,-0.07387687,0.143355,0.1621682,0.008941459,-0.05375072,0.07715237,0.09445411,0.05615453,-0.05967303,0.1118397,0.1386446,0.01705248,-0.0738434,0.1433698,0.1621682,0.00891465,-0.05384811,0.07725136,0.09458786,0.02343253,-0.06218442,0.1086173,0.127333,-0.8837082,-0.1139704,0.4397313,0.1127251,167.0551,-0.8893769,-0.1147014,0.442552,14.9796,0,0,0,0,0,0,0,0,0,1,0,0,0.3622155,False,True,False,0.03664844,0.9988959,0.2472242,1.029687,0.6340948,0.4702785,0.1282615,0.6002591,106.2231,0.7928111,0.587991,0.1603659,0.01335156,0.001104057,0.0527758,0.05444968,0.3329412,-0.1025664,0.1054129,0.9314067,42.68966,0.9147236,-0.2817914,0.2896116,0.006837529,1.103711,-0.03808864,1.104389,0.02139503,0.03108609,0.005427464,0.9992729,4.369969,0.5611689,0.8153551,0.1423566,False
1773055718549,9.290172,0.1124126,0.9183243,0.1918843,0.9448681,-0.2327384,-0.338823,-0.6317993,0.6571618,97.83246,-0.3087741,-0.4495167,-0.8382084,0.01784728,0.9938009,0.2318682,1.020648,0.02605328,1.01224,0.2498878,1.042954,0.02841981,0.9852257,0.2442908,1.015458,-0.01966605,-0.08634649,0.101884,0.1349919,-0.01893388,-0.0736004,0.1275456,0.1484701,-0.004137742,-0.07451879,0.1022347,0.1265784,-0.0206628,-0.08653498,0.1016463,0.1350823,-0.01904931,-0.07374443,0.1276009,0.1486039,-0.0041411,-0.07509752,0.1019421,0.1266845,-0.01537875,-0.0774341,0.1138289,0.1385264,-0.3245371,0.6223474,0.08869231,0.7067482,90.05809,-0.4587323,0.8796862,0.1253663,2.7684,-0.01098094,-0.05982001,0.1084203,0.1243141,0.300952,0.8838661,0.3580616,-0.001282439,180.147,0.3009521,0.8838663,0.3580617,0.4362952,True,True,False,-0.1040782,0.5953065,0.1255792,0.6172457,-0.09772404,-0.2312118,-0.3241501,-0.9120954,311.5931,-0.238364,-0.5639613,-0.7906521,0.01412769,0.5826438,0.1803119,0.6100703,0.01063196,0.5479327,0.2151819,0.588767,-0.03531404,0.5595554,0.1695356,0.5857402,0.05619863,-0.05969822,0.1118038,0.1386444,0.01702467,-0.07389519,0.1433353,0.1621584,0.008952623,-0.0536924,0.07711127,0.09438841,0.05616367,-0.05967825,0.1118323,0.1386445,0.01704672,-0.07385413,0.1433626,0.1621662,0.008922517,-0.05381585,0.07722232,0.09454652,0.02343286,-0.06217632,0.1086003,0.1273146,-0.8837699,-0.1139164,0.4395483,0.1130105,167.0222,-0.8894679,-0.1146508,0.4423822,14.9887,0,0,0,0,0,0,0,0,0,1,0,0,0.363731,False,True,False,0.03690641,0.9992689,0.2477766,1.030191,0.6348649,0.4724959,0.1300608,0.5973093,106.6451,0.7915913,0.589139,0.1621684,0.01309359,0.0007311106,0.05222338,0.05384476,0.3306757,-0.1035987,0.1022264,0.9324541,42.35869,0.9152678,-0.2867478,0.2829496,0.006765746,1.103824,-0.03824012,1.104507,0.021111,0.03089122,0.005056749,0.999287,4.327483,0.5591568,0.8182005,0.1339356,False
1773055718564,9.303968,0.1127394,0.9183654,0.191999,0.9449703,-0.2294353,-0.3386619,-0.6325727,0.657662,97.75638,-0.3045683,-0.4495632,-0.8397208,0.01792024,0.9934393,0.2320879,1.020347,0.02599528,1.01184,0.2502626,1.042654,0.0286364,0.9850088,0.2446239,1.015334,-0.0195867,-0.08629633,0.1019189,0.1349746,-0.01886509,-0.07356996,0.1276359,0.1485239,-0.00411037,-0.07424775,0.1024712,0.1266095,-0.020437,-0.08648568,0.1017027,0.1350588,-0.01901118,-0.07370838,0.1276081,0.1485873,-0.004134757,-0.07492167,0.1020521,0.1266688,-0.01531413,-0.07735644,0.1138975,0.1385322,-0.3279088,0.6194651,0.09255432,0.7072288,89.98022,-0.4638131,0.8762072,0.1309142,2.746861,-0.01091992,-0.05974669,0.108485,0.1243299,0.2986157,0.884523,0.358393,-0.001685021,180.1931,0.298616,0.884524,0.3583934,0.4207402,True,True,False,-0.1040773,0.5952312,0.1255737,0.6171718,-0.09742601,-0.2312983,-0.3241675,-0.9120991,311.5941,-0.2376419,-0.5641835,-0.7907106,0.01413754,0.5826213,0.1803077,0.6100478,0.01063346,0.5479154,0.2151902,0.5887539,-0.03535615,0.5595787,0.1695362,0.5857652,0.05620819,-0.05970823,0.1117983,0.1386481,0.01701766,-0.07391238,0.1433159,0.1621484,0.008965173,-0.05362194,0.07706848,0.09431457,0.05617286,-0.05968444,0.1118253,0.1386453,0.01704072,-0.07386615,0.143353,0.1621625,0.008931322,-0.05377583,0.07719055,0.09449862,0.0234328,-0.06216548,0.1085803,0.1272923,-0.8838419,-0.1138522,0.4393281,0.1133663,166.9812,-0.8895768,-0.1145909,0.4421787,14.99807,0,0,0,0,0,0,0,0,0,1,0,0,0.365469,False,True,False,0.03721421,0.9997119,0.2482334,1.030742,0.6351787,0.4744706,0.1323745,0.5948972,106.9894,0.7902181,0.5902831,0.1646855,0.01278579,0.0002880692,0.05176657,0.05332296,0.3286719,-0.1037638,0.09905435,0.933486,42.03017,0.9165067,-0.2893469,0.2762146,0.006794646,1.103956,-0.03839452,1.104645,0.02040379,0.03051812,0.005056677,0.9993131,4.247324,0.5506155,0.8235601,0.1364592,False
1773055718577,9.317788,0.1130392,0.9184349,0.1920728,0.9450886,-0.2256051,-0.3384758,-0.6335512,0.6581409,97.68353,-0.2996502,-0.4495659,-0.8414871,0.01793617,0.9930621,0.232261,1.020019,0.02586191,1.011405,0.2506213,1.042315,0.02879513,0.9847496,0.2448851,1.01515,-0.01950159,-0.08624241,0.1019534,0.1349539,-0.01878068,-0.07353803,0.1277304,0.1485787,-0.004088764,-0.07396854,0.1026726,0.1266086,-0.02024055,-0.08643535,0.1017547,0.1350361,-0.0189634,-0.07367313,0.1276334,0.1485854,-0.004125252,-0.0747244,0.1021811,0.126656,-0.01525219,-0.07728065,0.1139631,0.1385371,-0.3307824,0.6163452,0.09679049,0.7080489,89.84723,-0.4684219,0.8728083,0.1370653,2.731397,-0.01086146,-0.05967513,0.108547,0.1243445,0.2962534,0.885065,0.3590131,-0.002098582,180.2405,0.296254,0.8850667,0.3590138,0.41983,True,True,False,-0.104076,0.5951564,0.1255652,0.6170977,-0.09711179,-0.2313896,-0.3241817,-0.9121044,311.5956,-0.2368823,-0.5644226,-0.790768,0.01414836,0.5826011,0.180301,0.6100268,0.01063476,0.547901,0.2151957,0.5887425,-0.03540128,0.5596088,0.1695352,0.5857964,0.05621811,-0.05971897,0.111793,0.1386524,0.01701026,-0.07393061,0.1432948,0.1621373,0.008978405,-0.05354578,0.07702382,0.09423604,0.05618221,-0.05969157,0.1118186,0.1386468,0.01703443,-0.07387947,0.143341,0.1621573,0.008941054,-0.05372828,0.07715607,0.09444431,0.02343239,-0.06215199,0.1085574,0.1272661,-0.8839241,-0.113778,0.4390724,0.1137905,166.9323,-0.8897029,-0.1145219,0.4419429,15.00779,0,0,0,0,0,0,0,0,0,1,0,0,0.3671685,False,True,False,0.03723244,0.9993327,0.2485755,1.030457,0.6349257,0.4756196,0.1349563,0.5936685,107.1645,0.7890121,0.591045,0.1677081,0.01276756,0.0006673336,0.0514245,0.05298996,0.3273049,-0.1027146,0.09663204,0.9343359,41.75777,0.9183804,-0.2882054,0.2711385,0.006823818,1.104052,-0.03851858,1.104745,0.01971187,0.0303576,0.004792035,0.9993333,4.18456,0.5399118,0.8315002,0.1312547,False
1773055718591,9.331943,0.1137431,0.9185432,0.1917712,0.945217,-0.2209422,-0.3389497,-0.6348707,0.6582074,97.67341,-0.2934796,-0.45023,-0.8433048,0.01829337,0.9927014,0.2319015,1.019593,0.02600241,1.011004,0.2504316,1.041884,0.02907962,0.9847466,0.2448653,1.01515,-0.01936545,-0.08615898,0.1020037,0.134919,-0.01869337,-0.07350549,0.1278379,0.148644,-0.004014421,-0.07379279,0.1032699,0.1269889,-0.02005334,-0.08637706,0.1018073,0.1350106,-0.01890635,-0.07363778,0.1276765,0.1485977,-0.004101906,-0.07452811,0.1024115,0.1267256,-0.01519352,-0.07721765,0.1140479,0.1385653,-0.3325023,0.6117557,0.1008929,0.7106462,89.42498,-0.4726067,0.8695274,0.1434055,2.715524,-0.01080607,-0.05961568,0.108627,0.124381,0.2936096,0.8853357,0.3605156,-0.001838004,180.2106,0.2936101,0.885337,0.3605162,0.4448377,True,True,False,-0.1040707,0.5952326,0.1255431,0.6171658,-0.09695302,-0.2314822,-0.3241293,-0.9121165,311.599,-0.2365105,-0.5646855,-0.7906919,0.01415914,0.5826743,0.1802744,0.6100891,0.01063862,0.547993,0.2151671,0.5888178,-0.03544421,0.5597643,0.1695031,0.5859382,0.05620484,-0.05973834,0.1117937,0.138656,0.01700008,-0.07394548,0.1432767,0.1621269,0.008991503,-0.05347075,0.07697872,0.0941578,0.05618698,-0.05970142,0.1118133,0.1386487,0.01702719,-0.07389338,0.1433274,0.1621509,0.008951682,-0.05367401,0.07711868,0.09438391,0.02342903,-0.06213637,0.1085318,0.127236,-0.8840333,-0.1136737,0.4387528,0.1142789,166.8759,-0.889863,-0.1144234,0.4416461,15.01636,0,0,0,0,0,0,0,0,0,1,0,0,0.3684534,False,True,False,0.03717582,0.9989271,0.2488821,1.030136,0.6346664,0.476511,0.1382102,0.5924811,107.3335,0.7878335,0.5915098,0.1715652,0.01282418,0.001072943,0.05111788,0.05271289,0.325597,-0.1010586,0.0941541,0.9353656,41.42541,0.9205918,-0.2857327,0.266211,0.006827884,1.10414,-0.03863791,1.104836,0.01948665,0.03021727,0.004313423,0.9993441,4.15056,0.5381162,0.8344378,0.1191135,False
1773055718606,9.345546,0.1146839,0.9187314,0.1913552,0.9454293,-0.2156937,-0.3394285,-0.6363944,0.65823,97.66996,-0.2865155,-0.450878,-0.845351,0.01884822,0.9923881,0.2313873,1.019181,0.02632083,1.010622,0.2501329,1.041449,0.02956589,0.9847144,0.2446559,1.015083,-0.01925022,-0.08607633,0.1020504,0.1348851,-0.0185993,-0.07347199,0.1279507,0.1487126,-0.003949148,-0.07360867,0.1037831,0.127298,-0.01988691,-0.08631559,0.101857,0.1349842,-0.01884349,-0.07360389,0.1277325,0.148621,-0.004070723,-0.07434037,0.1026922,0.1268415,-0.01513909,-0.07716583,0.1141389,0.1386053,-0.3332877,0.6065372,0.1047325,0.7141871,88.84676,-0.476156,0.8665375,0.1496276,2.701282,-0.0107547,-0.05956677,0.1087129,0.1244281,0.2909208,0.8853751,0.3625958,-0.001155649,180.1324,0.2909209,0.8853753,0.3625959,0.4677546,True,True,False,-0.1040648,0.5953188,0.1255177,0.6172428,-0.09680092,-0.2315787,-0.3240656,-0.9121307,311.603,-0.2361577,-0.5649645,-0.7905977,0.01417036,0.5827515,0.1802442,0.6101541,0.01064237,0.5480913,0.2151329,0.5888969,-0.03548948,0.5599315,0.1694666,0.5860901,0.05618867,-0.05975947,0.1117953,0.1386599,0.01698929,-0.07396073,0.1432575,0.1621158,0.009005111,-0.05339136,0.0769321,0.09407592,0.05618732,-0.05971327,0.1118097,0.138651,0.01701946,-0.07390712,0.1433132,0.1621437,0.008962588,-0.05361629,0.07708056,0.09432098,0.02342314,-0.06211955,0.1085048,0.1272037,-0.8841611,-0.1135469,0.4383912,0.1148019,166.8156,-0.8900456,-0.1143027,0.4413089,15.02344,0,0,0,0,0,0,0,0,0,1,0,0,0.3698421,False,True,False,0.0373829,0.9985631,0.2486621,1.029737,0.6335389,0.4766062,0.1423718,0.5926257,107.3129,0.7865378,0.591706,0.1767544,0.0126171,0.001436949,0.05133796,0.05288517,0.3245051,-0.09755267,0.0920991,0.9363214,41.11464,0.9241362,-0.2778137,0.2622828,0.006757341,1.104183,-0.03877146,1.104884,0.01914348,0.03016864,0.004201593,0.9993527,4.123311,0.5321339,0.8386016,0.1167922,False
1773055718619,9.359643,0.1155981,0.9185854,0.1905886,0.945244,-0.2073471,-0.3409767,-0.6416174,0.6550337,98.15559,-0.274414,-0.4512663,-0.8491499,0.01948388,0.9922677,0.2298573,1.018729,0.02666399,1.010283,0.2489827,1.040853,0.03013714,0.9842171,0.2429944,1.014218,-0.01923307,-0.08600326,0.1020969,0.1348712,-0.01855964,-0.07344233,0.1280645,0.148791,-0.003981272,-0.07338548,0.1034943,0.1269344,-0.01974762,-0.08624991,0.1019075,0.1349598,-0.01878371,-0.07356992,0.1278023,0.1486566,-0.004051938,-0.0741396,0.1028609,0.1268601,-0.01508382,-0.07709558,0.1142166,0.1386243,-0.33458,0.6033555,0.1087832,0.7156706,88.60362,-0.4790405,0.8638642,0.1557522,2.694658,-0.01070252,-0.05950043,0.1087862,0.124456,0.2888811,0.8855773,0.3637299,-0.001418679,180.1626,0.2888813,0.8855779,0.3637302,0.4283883,True,True,False,-0.1040147,0.5953928,0.1254575,0.6172935,-0.09672558,-0.2316459,-0.3239929,-0.9121474,311.6076,-0.2359953,-0.5651798,-0.7904921,0.01422252,0.5827988,0.1801825,0.6101823,0.010687,0.5481594,0.2150628,0.5889354,-0.03549155,0.5600743,0.1693883,0.5862041,0.05616742,-0.05977934,0.1118005,0.1386639,0.01697784,-0.07397174,0.1432435,0.1621073,0.009019369,-0.05331436,0.0768846,0.09399474,0.05618314,-0.05972715,0.1118077,0.1386537,0.01701072,-0.07392069,0.1432986,0.1621361,0.008974512,-0.05355284,0.07703938,0.09425239,0.0234143,-0.06210059,0.1084756,0.1271679,-0.8843176,-0.1133905,0.4379657,0.1153729,166.7497,-0.8902627,-0.1141528,0.44091,15.0296,0,0,0,0,0,0,0,0,0,1,0,0,0.3707689,False,True,False,0.03775972,0.9982269,0.2483244,1.029343,0.6321142,0.4762417,0.1471838,0.5932643,107.222,0.7852275,0.5915989,0.1828353,0.01224028,0.001773119,0.05167559,0.05313506,0.32344,-0.09307944,0.09021036,0.9373287,40.78468,0.9282336,-0.2671267,0.2588928,0.00667384,1.104226,-0.03888078,1.104931,0.01900367,0.02981914,0.004215132,0.9993657,4.081519,0.5336574,0.8373755,0.1183686,False
1773055718633,9.373437,0.1165805,0.9184785,0.1897668,0.9450954,-0.1985602,-0.3424939,-0.64698,0.6516814,98.66302,-0.2617826,-0.4515453,-0.852981,0.02018523,0.9921819,0.2282517,1.018298,0.02704169,1.009982,0.2477896,1.040286,0.03075691,0.983757,0.2412665,1.013377,-0.0192169,-0.08592483,0.1021455,0.1348557,-0.01851739,-0.07341227,0.1282161,0.1489014,-0.004011683,-0.0731654,0.1032242,0.126588,-0.01963655,-0.0861827,0.1019568,0.1349379,-0.01872858,-0.07353734,0.1278877,0.1487069,-0.004043628,-0.0739381,0.102936,0.1268031,-0.01503135,-0.077013,0.1142878,0.1386313,-0.3361517,0.6019443,0.1128179,0.715498,88.63195,-0.4811688,0.8616254,0.1614879,2.694875,-0.01065299,-0.05942248,0.1088535,0.1244733,0.287342,0.8858799,0.364207,-0.002334048,180.2675,0.2873426,0.8858821,0.3642079,0.4123012,True,True,False,-0.1039612,0.5954742,0.1253922,0.6173497,-0.09666619,-0.2317122,-0.3239103,-0.9121663,311.6129,-0.2358746,-0.5653996,-0.7903715,0.01427749,0.5828462,0.180116,0.6102092,0.01073407,0.5482294,0.2149854,0.5889732,-0.03549255,0.5602243,0.169303,0.5863228,0.05614309,-0.05980041,0.1118067,0.1386682,0.01696582,-0.07398242,0.1432294,0.1620984,0.00903418,-0.05323422,0.07683568,0.0939107,0.05617488,-0.05974227,0.1118075,0.1386567,0.01700145,-0.07393343,0.1432843,0.1621283,0.008986829,-0.05348701,0.07699729,0.09418177,0.0234031,-0.0620805,0.1084457,0.1271305,-0.8844938,-0.1132134,0.4375002,0.1159619,166.6818,-0.8905014,-0.1139823,0.4404718,15.03456,0,0,0,0,0,0,0,0,0,1,0,0,0.3717671,False,True,False,0.03811908,0.9978237,0.2472242,1.028701,0.6336992,0.4706337,0.1540453,0.5943058,107.0737,0.7879487,0.5851912,0.1915417,0.01188092,0.002176285,0.05277577,0.05414032,0.3185751,-0.08616382,0.09272166,0.9394086,40.09505,0.9293334,-0.2513534,0.2704836,0.006534815,1.104303,-0.038933,1.105008,0.01862843,0.02939904,0.004311645,0.9993849,4.019479,0.5311835,0.8383037,0.1229451,False
1773055718647,9.387283,0.1175794,0.9184132,0.1889328,0.9449885,-0.1900898,-0.3438597,-0.652027,0.6484498,99.15034,-0.249705,-0.4516997,-0.8565132,0.02093076,0.9921337,0.2266856,1.017916,0.02745596,1.00974,0.2466285,1.039786,0.03141926,0.9833606,0.2395814,1.012613,-0.01919794,-0.08583995,0.1021964,0.1348375,-0.01847304,-0.07338125,0.1283928,0.1490328,-0.004039284,-0.07295366,0.1029804,0.1262677,-0.01954455,-0.08611161,0.1020065,0.1349168,-0.01867552,-0.07350498,0.1279923,0.1487743,-0.004042728,-0.0737337,0.1029452,0.1266914,-0.01498056,-0.07691912,0.114361,0.1386341,-0.3378942,0.6018259,0.1168747,0.7141242,88.85706,-0.4826929,0.8597279,0.1669594,2.700466,-0.01060506,-0.05933388,0.1089226,0.1244874,0.2861266,0.8862514,0.3642484,-0.003726883,180.4271,0.2861286,0.8862574,0.3642509,0.4082697,True,True,False,-0.1039043,0.5955626,0.1253221,0.6174111,-0.09662212,-0.2317778,-0.3238177,-0.9121872,311.6187,-0.2357938,-0.5656238,-0.7902353,0.01433519,0.5828935,0.180045,0.6102348,0.01078349,0.5483011,0.2149013,0.5890102,-0.03549259,0.5603809,0.169211,0.5864459,0.05611583,-0.05982253,0.1118143,0.1386728,0.01695323,-0.07399274,0.1432152,0.1620893,0.009049512,-0.05315106,0.07678545,0.09382395,0.05616266,-0.05975889,0.1118089,0.13866,0.01699146,-0.07394571,0.14327,0.1621202,0.008999808,-0.05341737,0.07695338,0.09410758,0.02338946,-0.06205885,0.1084143,0.1270907,-0.8846918,-0.1130129,0.4369867,0.1165815,166.6103,-0.8907658,-0.1137888,0.4399869,15.03856,0,0,0,0,0,0,0,0,0,1,0,0,0.3727181,False,True,False,0.03853104,0.9974342,0.2460508,1.028057,0.6361266,0.4645231,0.1613693,0.5945765,107.0351,0.7911637,0.577737,0.2006983,0.01146897,0.002565801,0.05394919,0.05521445,0.3124384,-0.07936867,0.09544757,0.9417922,39.29049,0.9293358,-0.236079,0.2839051,0.006384297,1.104401,-0.03896013,1.105106,0.01811238,0.02893895,0.004606912,0.9994065,3.948346,0.525775,0.8400539,0.1337317,False
1773055718661,9.401331,0.1187173,0.9183954,0.189116,0.9451501,-0.1709693,-0.3502479,-0.6642787,0.6378321,100.7393,-0.2219875,-0.4547639,-0.8625031,0.02154089,0.992801,0.224082,1.018003,0.02731499,1.009916,0.2447692,1.039514,0.0312722,0.9835331,0.2372013,1.012215,-0.01922514,-0.0857548,0.1022689,0.1348422,-0.01843076,-0.07335106,0.1285737,0.1491686,-0.004033194,-0.07292785,0.1029704,0.1262443,-0.01947683,-0.08603673,0.1020616,0.1349009,-0.01862412,-0.07347271,0.1281141,0.1488567,-0.004040732,-0.07356437,0.1029505,0.1265972,-0.01493661,-0.07683072,0.1144488,0.1386528,-0.3389885,0.6022579,0.120093,0.7127061,89.08897,-0.4832594,0.8585742,0.1712036,2.707241,-0.01056357,-0.05925044,0.1090055,0.1245167,0.2853882,0.8864939,0.3642229,-0.0049693,180.5694,0.2853917,0.8865045,0.3642273,0.3958593,True,True,False,-0.1038912,0.5955856,0.1253075,0.6174282,-0.09658813,-0.2316892,-0.3237919,-0.9122224,311.6286,-0.2357561,-0.5655159,-0.7903237,0.01433288,0.582871,0.1800614,0.610218,0.01076897,0.5483048,0.2148995,0.5890127,-0.0355301,0.5604526,0.1691988,0.5865132,0.05608431,-0.05984905,0.1118204,0.1386765,0.01694353,-0.07400334,0.1432021,0.1620815,0.009060807,-0.05308932,0.0767527,0.09376328,0.05614625,-0.05977777,0.1118113,0.1386635,0.01698143,-0.07395778,0.1432558,0.1621121,0.009012583,-0.05334858,0.07691131,0.09403535,0.02337394,-0.06203791,0.1083835,0.1270513,-0.8848976,-0.1127931,0.4364596,0.1172055,166.5383,-0.8910389,-0.1135758,0.4394887,15.04066,0,0,0,0,0,0,0,0,0,1,0,0,0.3720264,False,True,False,0.03899566,0.9970936,0.2448891,1.027466,0.6388565,0.4586485,0.1685469,0.5942188,107.0861,0.7942978,0.5702432,0.2095563,0.01100434,0.002906442,0.05511096,0.05627398,0.3058828,-0.07314438,0.09792485,0.9441909,38.46457,0.9286094,-0.2220542,0.2972836,0.006251383,1.104484,-0.03898952,1.105189,0.01745039,0.0286683,0.004616762,0.999426,3.88277,0.5151155,0.8462552,0.1362815,False
1773055718675,9.415175,0.1198668,0.9184048,0.1892582,0.9453328,-0.1542505,-0.3554015,-0.6744875,0.6284609,102.1267,-0.198306,-0.4569075,-0.8671275,0.02235518,0.993434,0.2218956,1.018159,0.02741701,1.010111,0.2431873,1.039335,0.03140502,0.9837211,0.23513,1.011919,-0.01924486,-0.08564634,0.1023617,0.1348465,-0.01838767,-0.07332008,0.1287615,0.14931,-0.004027555,-0.072902,0.1029571,0.1262184,-0.01942826,-0.08595574,0.1021239,0.1348894,-0.01857503,-0.07344107,0.1282483,0.1489505,-0.004038004,-0.07342673,0.1029519,0.1265183,-0.01489808,-0.07674622,0.1145498,0.1386852,-0.3395318,0.6032218,0.122529,0.7112161,89.33211,-0.4829938,0.8581003,0.174301,2.714024,-0.0105272,-0.05917066,0.1091008,0.1245591,0.2850596,0.8866359,0.3641172,-0.006097172,180.6987,0.2850648,0.8866521,0.3641238,0.3896115,True,True,False,-0.103878,0.5956104,0.1252922,0.6174468,-0.09656791,-0.231581,-0.3237662,-0.9122611,311.6394,-0.2357562,-0.5653706,-0.7904271,0.01432814,0.5828438,0.1800812,0.6101979,0.01075136,0.5483056,0.2148986,0.5890128,-0.03556847,0.5605232,0.1691874,0.5865796,0.05604981,-0.05987709,0.1118273,0.1386802,0.01693375,-0.07401379,0.1431891,0.1620738,0.009071935,-0.05302806,0.07672116,0.09370385,0.05612629,-0.05979834,0.1118146,0.1386669,0.01697156,-0.07396938,0.143242,0.1621042,0.009024872,-0.05328212,0.07687189,0.0939666,0.02335701,-0.06201811,0.1083539,0.1270133,-0.8851061,-0.1125598,0.4359314,0.1178194,166.4675,-0.891314,-0.1133493,0.438989,15.04094,0,0,0,0,0,0,0,0,0,1,0,0,0.3714913,False,True,False,0.03881975,0.9970826,0.2432373,1.027056,0.6441897,0.4398682,0.1840074,0.598061,106.5377,0.8037797,0.54884,0.2295929,0.01118025,0.002917409,0.05676274,0.05792683,0.2928506,-0.05532388,0.1093653,0.9482706,37.01919,0.9224703,-0.1742685,0.3444972,0.006138273,1.104559,-0.03900241,1.105264,0.01734786,0.02852668,0.004529566,0.9994323,3.861542,0.5148911,0.8466827,0.1344392,False
1773055718689,9.428971,0.1214395,0.9179611,0.190144,0.9452803,-0.1475071,-0.3586051,-0.6778206,0.6246625,102.6852,-0.188895,-0.4592233,-0.8680049,0.02378583,0.9933089,0.2216788,1.018023,0.02838746,1.009829,0.2431788,1.039085,0.03248688,0.9833046,0.2348257,1.011477,-0.01928668,-0.08546212,0.1025344,0.1348668,-0.01835505,-0.07328523,0.1289853,0.1494819,-0.004031685,-0.07287595,0.102882,0.1261422,-0.01939871,-0.08585358,0.1022089,0.1348844,-0.01852949,-0.07340886,0.1284008,0.1490603,-0.004036699,-0.07331258,0.1029374,0.1264403,-0.01486228,-0.07665437,0.114671,0.1387307,-0.3396064,0.6052371,0.1241504,0.7091842,89.66284,-0.4816954,0.8584641,0.1760941,2.719852,-0.01049341,-0.05908395,0.1092152,0.1246154,0.2852515,0.8867146,0.3637526,-0.00731973,180.8388,0.2852591,0.8867381,0.3637622,0.3945941,True,True,False,-0.1038773,0.5955545,0.1252696,0.6173882,-0.09662441,-0.2314699,-0.3236272,-0.9123327,311.6595,-0.2359861,-0.5653197,-0.7903956,0.0143082,0.5826851,0.1800853,0.610047,0.01071572,0.5481949,0.2148881,0.5889052,-0.0356156,0.5604776,0.1691684,0.5865335,0.05600401,-0.05991676,0.1118326,0.1386831,0.01692742,-0.07401754,0.1431842,0.1620705,0.009079212,-0.05298218,0.07670131,0.09366234,0.05610105,-0.05982279,0.1118183,0.1386702,0.01696245,-0.07397933,0.1432301,0.1620972,0.009036091,-0.05322009,0.07683664,0.09390367,0.02333789,-0.06200049,0.1083266,0.1269779,-0.8853176,-0.1122815,0.4354126,0.1184122,166.399,-0.8915904,-0.1130771,0.4384977,15.03854,0,0,0,0,0,0,0,0,0,1,0,0,0.3701254,False,True,False,0.03889123,0.9971163,0.241817,1.026757,0.6487061,0.4232789,0.1974924,0.6008428,106.1394,0.8115247,0.5295175,0.2470609,0.01110877,0.002883673,0.05818298,0.05930413,0.2810368,-0.03987393,0.1192113,0.9514289,35.86164,0.9128472,-0.1295162,0.3872151,0.006046098,1.104619,-0.0390398,1.105325,0.0168779,0.02843704,0.004470928,0.9994431,3.824468,0.5057994,0.8522053,0.1339854,False
1773055718703,9.443438,0.123067,0.9175426,0.1909977,0.9452566,-0.1412566,-0.3612412,-0.6809379,0.6211885,103.1941,-0.1802521,-0.460966,-0.8689187,0.02535006,0.9932133,0.2216371,1.017958,0.02949701,1.009556,0.2432935,1.038877,0.03370767,0.9828942,0.234629,1.011073,-0.01932681,-0.0852411,0.1027405,0.1348895,-0.01832406,-0.07324909,0.1292082,0.1496528,-0.004037638,-0.07284983,0.1027955,0.1260568,-0.01938315,-0.08572194,0.1023232,0.1348851,-0.01848534,-0.07337457,0.1285743,0.1491874,-0.004036901,-0.073213,0.102907,0.1263578,-0.01482583,-0.07654893,0.1148162,0.1387887,-0.3392718,0.6084061,0.1250546,0.7064687,90.10336,-0.4793707,0.8596411,0.1766947,2.723933,-0.01045901,-0.05898443,0.1093523,0.1246855,0.2859707,0.8867438,0.3630857,-0.008708824,180.998,0.2859814,0.8867771,0.3630994,0.3982174,True,True,False,-0.1038774,0.595495,0.125246,0.617326,-0.09670214,-0.2313426,-0.3234734,-0.9124113,311.6815,-0.236277,-0.5652505,-0.7903581,0.01428503,0.5825107,0.1800906,0.6098815,0.01067603,0.5480727,0.2148777,0.588787,-0.03566368,0.5604213,0.1691496,0.5864772,0.05595422,-0.05995926,0.1118381,0.1386858,0.01692155,-0.07402018,0.1431805,0.1620678,0.00908585,-0.0529388,0.07668406,0.09362432,0.05606958,-0.05985205,0.1118226,0.1386735,0.01695368,-0.07398809,0.1432194,0.1620909,0.009046758,-0.0531597,0.07680389,0.09384368,0.02331583,-0.06198422,0.1083004,0.1269435,-0.8855413,-0.1119474,0.4348804,0.1190102,166.33,-0.8918799,-0.1127487,0.4379932,15.03343,0,0,0,0,0,0,0,0,0,1,0,0,0.3687414,False,True,False,0.03991251,0.9967358,0.2418825,1.026442,0.6498553,0.4168289,0.2036799,0.6020434,105.9672,0.8138825,0.5220389,0.2550898,0.01008749,0.003264189,0.05811746,0.05907666,0.276384,-0.0328865,0.1224831,0.9526429,35.40702,0.9088846,-0.1081468,0.4027837,0.005994736,1.104743,-0.03905253,1.105449,0.0165263,0.02827517,0.004397817,0.9994539,3.787238,0.5001322,0.8556858,0.1330903,False
1773055718716,9.456788,0.1246195,0.9171779,0.1917588,0.9452602,-0.1349191,-0.3636985,-0.6840975,0.6176819,103.7059,-0.1715594,-0.4624689,-0.8698792,0.02687198,0.993172,0.2215695,1.017942,0.0305544,1.009329,0.2433468,1.0387,0.03488159,0.9825306,0.2343563,1.010696,-0.01935112,-0.08499853,0.1029636,0.1349101,-0.01829474,-0.07321163,0.1294278,0.1498205,-0.004045401,-0.07282358,0.1026981,0.1259625,-0.01937665,-0.08557595,0.1024525,0.1348896,-0.0184469,-0.07334176,0.1287465,0.149315,-0.00403861,-0.07313435,0.102865,0.126278,-0.01479113,-0.07644112,0.1149672,0.1388505,-0.3386764,0.6122567,0.1252656,0.7033837,90.60178,-0.4764652,0.8613503,0.1762293,2.725295,-0.01042623,-0.05888265,0.1094948,0.1247597,0.2870835,0.8867378,0.3621837,-0.01013897,181.1619,0.2870982,0.8867832,0.3622022,0.4074858,True,True,False,-0.1038781,0.5954318,0.1252213,0.6172602,-0.09680042,-0.2311997,-0.3233051,-0.9124967,311.7054,-0.2366272,-0.5651642,-0.7903144,0.01425872,0.582321,0.180097,0.6097016,0.0106324,0.5479394,0.2148673,0.5886583,-0.03571264,0.5603544,0.169131,0.5864109,0.05590054,-0.06000448,0.111844,0.1386885,0.01691609,-0.07402169,0.143178,0.1620657,0.009091876,-0.0528979,0.07666919,0.0935896,0.05603557,-0.05988272,0.1118269,0.1386765,0.01694612,-0.07399485,0.1432111,0.1620859,0.009055833,-0.05310694,0.07677677,0.09379247,0.02329332,-0.06197082,0.1082778,0.1269135,-0.8857536,-0.1115957,0.4343897,0.119552,166.2675,-0.8921521,-0.1124018,0.4375277,15.02636,0,0,0,0,0,0,0,0,0,1,0,0,0.3677537,False,True,False,0.04107696,0.9963803,0.2420733,1.026187,0.6515275,0.4105408,0.2095207,0.6025524,105.8942,0.8163693,0.514411,0.2625312,0.008923043,0.003619671,0.05792674,0.05872164,0.2712321,-0.02670191,0.1256995,0.9538972,34.93123,0.9037049,-0.08896678,0.418812,0.005940299,1.104905,-0.03906283,1.105612,0.01573412,0.02822029,0.00441924,0.9994681,3.73751,0.4824949,0.8653898,0.1355183,False
1773055718731,9.470557,0.1262396,0.9158965,0.1933701,0.9445607,-0.129396,-0.367434,-0.6869779,0.6134413,104.3225,-0.1638463,-0.4652593,-0.8698783,0.02861299,0.9924774,0.2221572,1.01744,0.03179917,1.00849,0.2439231,1.038057,0.03628878,0.9813215,0.2344329,1.009588,-0.0193722,-0.08461127,0.1033102,0.1349346,-0.01828452,-0.07308158,0.1297049,0.1499953,-0.004100165,-0.07275152,0.1023054,0.1256025,-0.01937572,-0.0853763,0.10263,0.1348979,-0.01841334,-0.07328805,0.1289448,0.1494555,-0.004051296,-0.0730551,0.1027495,0.1261385,-0.01475072,-0.07628985,0.1151468,0.1389119,-0.3383155,0.6184705,0.1246297,0.6982151,91.43205,-0.4725815,0.8639207,0.174091,2.723874,-0.01038812,-0.05873985,0.1096644,0.1248382,0.2890621,0.8868536,0.3602546,-0.01229965,181.4095,0.2890839,0.8869204,0.3602818,0.4326615,True,True,False,-0.1038977,0.5954944,0.1251501,0.6173093,-0.09680012,-0.2311453,-0.3233224,-0.9125044,311.7076,-0.2366364,-0.565055,-0.79039,0.01422613,0.5823405,0.1800487,0.6097052,0.01060163,0.5479923,0.2147925,0.5886797,-0.03574631,0.5604295,0.169063,0.5864651,0.05586219,-0.06003137,0.1118516,0.1386908,0.01691425,-0.07403143,0.1431642,0.1620578,0.009094429,-0.05288216,0.07666128,0.09357448,0.05599982,-0.05991338,0.111832,0.1386794,0.01693955,-0.07400239,0.1432014,0.1620801,0.009063791,-0.05306052,0.07675293,0.09374744,0.02327076,-0.0619601,0.108256,0.1268855,-0.8859574,-0.1112719,0.4339186,0.1200536,166.2096,-0.8924119,-0.1120826,0.4370799,15.01754,0,0,0,0,0,0,0,0,0,1,0,0,0.3656991,False,True,False,0.0421856,0.9960756,0.2422045,1.025967,0.6535834,0.4038817,0.2154242,0.6027443,105.8666,0.8190942,0.5061591,0.2699774,0.007814396,0.00392437,0.05779549,0.05845327,0.2655275,-0.0206119,0.1291875,0.9551864,34.43563,0.897037,-0.0696336,0.4364367,0.005898893,1.105116,-0.03906785,1.105822,0.01470429,0.0281039,0.00452205,0.9994866,3.672007,0.4589467,0.877172,0.1411411,False
1773055718744,9.484818,0.1277942,0.9147564,0.1948165,0.9439619,-0.1233424,-0.3710884,-0.6900746,0.6089969,104.966,-0.1555051,-0.4678533,-0.8700181,0.03028046,0.9918867,0.2225705,1.017002,0.03297878,1.007799,0.244367,1.037526,0.03768975,0.9801598,0.2342142,1.008459,-0.01936869,-0.0842381,0.1036372,0.1349514,-0.01827775,-0.07292749,0.1300257,0.1501971,-0.004177611,-0.07267138,0.1017593,0.1251141,-0.01937422,-0.08513393,0.1028445,0.1349079,-0.01838454,-0.07321151,0.1291749,0.1496131,-0.004078057,-0.07297345,0.1025392,0.1259207,-0.01470462,-0.07609677,0.1153514,0.1389708,-0.3385029,0.6270787,0.1233222,0.6906372,92.63885,-0.4680619,0.8670872,0.1705227,2.721833,-0.01034456,-0.0585576,0.1098575,0.1249186,0.2918625,0.887169,0.3570887,-0.01535773,181.7599,0.2918968,0.8872734,0.3571308,0.452724,True,True,False,-0.1039188,0.5955611,0.1250753,0.6173621,-0.09680507,-0.2310884,-0.3233496,-0.9125086,311.7087,-0.2366539,-0.5649289,-0.7904747,0.01419146,0.5823647,0.1799978,0.6097124,0.0105703,0.5480504,0.2147129,0.5887042,-0.03577777,0.5605049,0.1689921,0.5865186,0.05582267,-0.06005817,0.1118597,0.138693,0.01691324,-0.07404123,0.1431499,0.1620496,0.009096075,-0.0528715,0.0766562,0.09356445,0.05596226,-0.05994408,0.1118378,0.1386823,0.01693398,-0.07401062,0.1431905,0.1620736,0.009070634,-0.05302038,0.0767324,0.09370858,0.02324813,-0.06195203,0.108235,0.1268595,-0.8861531,-0.1109746,0.4334668,0.1205151,166.1563,-0.8926592,-0.1117893,0.4366493,15.00696,0,0,0,0,0,0,0,0,0,1,0,0,0.364463,False,True,False,0.04342773,0.9951071,0.2428924,1.025242,0.6557929,0.396588,0.2209005,0.6032053,105.8004,0.8222221,0.4972354,0.2769614,0.006572273,0.004892945,0.05710763,0.05769243,0.2598744,-0.01454428,0.1334711,0.9562632,34.01629,0.8884363,-0.04972275,0.4562994,0.005899053,1.10538,-0.03906665,1.106085,0.01350307,0.02813834,0.004348353,0.9995034,3.611605,0.4285042,0.8929374,0.1379899,False
1773055718758,9.498649,0.1292556,0.9140429,0.1959543,0.9437053,-0.1200841,-0.3748368,-0.6919183,0.605249,105.5065,-0.1508525,-0.4708791,-0.8692046,0.03205514,0.9919327,0.2228743,1.017168,0.03422684,1.007555,0.2443462,1.037326,0.03902587,0.9796696,0.233961,1.007975,-0.01944414,-0.0837394,0.1040865,0.1349977,-0.01826386,-0.07288699,0.1301139,0.1502521,-0.004213342,-0.07268221,0.1014417,0.1248634,-0.01938879,-0.08484379,0.1031029,0.1349244,-0.01835951,-0.07314425,0.1293702,0.1497458,-0.004106036,-0.07291295,0.1023114,0.1257012,-0.01464977,-0.07589605,0.1155349,0.1390077,-0.3380583,0.6372674,0.1206518,0.6819459,94.00824,-0.4622054,0.8712947,0.1649595,2.709423,-0.01029281,-0.05836813,0.1100307,0.1249782,0.2958981,0.8873923,0.353023,-0.01883962,182.159,0.2959505,0.8875495,0.3530855,0.4910709,True,True,False,-0.103869,0.5956548,0.1250387,0.6174368,-0.09683683,-0.2310581,-0.3233787,-0.9125026,311.7071,-0.2367239,-0.5648365,-0.7905201,0.01423449,0.582432,0.179974,0.6097707,0.01061886,0.5481355,0.2146741,0.5887702,-0.0357191,0.5605846,0.1689524,0.5865798,0.055798,-0.06007282,0.1118667,0.138695,0.01691131,-0.07404586,0.1431483,0.1620501,0.009095318,-0.05288783,0.07665907,0.09357596,0.05592826,-0.05997073,0.1118438,0.1386849,0.01692929,-0.07401791,0.1431818,0.1620687,0.00907574,-0.05299291,0.07671721,0.0936811,0.02322829,-0.06194812,0.1082186,0.12684,-0.8863186,-0.1107354,0.4330933,0.1208602,166.1165,-0.8928638,-0.1115532,0.4362916,14.99673,0,0,0,0,0,0,0,0,0,1,0,0,0.3636435,False,True,False,0.04461976,0.994267,0.243445,1.024609,0.6593386,0.3886193,0.2269451,0.6022819,105.933,0.8259454,0.4868187,0.2842914,0.005380239,0.005733013,0.05655499,0.05709887,0.2522021,-0.008899609,0.1380039,0.957742,33.43207,0.8768325,-0.03094133,0.4797992,0.005957467,1.105647,-0.03905431,1.106353,0.01228799,0.02836846,0.003935759,0.9995143,3.57172,0.3943001,0.9102944,0.1262916,False
1773055718772,9.512223,0.130586,0.9134237,0.196943,0.9434946,-0.1163565,-0.3784789,-0.6939468,0.6013757,106.063,-0.1456338,-0.4737107,-0.8685558,0.03366132,0.9919901,0.2230154,1.017307,0.03533752,1.007372,0.2441838,1.037147,0.04024129,0.9792245,0.2335186,1.007487,-0.01947324,-0.08328422,0.1044854,0.1350284,-0.01825224,-0.07284489,0.130197,0.1503023,-0.004255243,-0.07269732,0.1010795,0.1245796,-0.01940611,-0.08452374,0.1033865,0.134943,-0.0183376,-0.07308312,0.1295396,0.1498597,-0.004136444,-0.07286883,0.1020593,0.1254715,-0.01458692,-0.07569232,0.1156968,0.1390246,-0.3372966,0.6486085,0.1170457,0.6721892,95.5275,-0.4555727,0.8760487,0.1580888,2.689492,-0.01023345,-0.0581758,0.1101835,0.1250182,0.3008792,0.8875592,0.3481304,-0.0227278,182.6046,0.3009568,0.8877882,0.3482203,0.5188407,True,True,False,-0.1038161,0.5957537,0.1250017,0.6175157,-0.09687627,-0.2310291,-0.323416,-0.9124925,311.7042,-0.2368072,-0.5647345,-0.7905676,0.01428112,0.582507,0.1799491,0.6098361,0.01067255,0.5482265,0.2146343,0.5888413,-0.03565162,0.5606633,0.168912,0.5866392,0.0557744,-0.06008571,0.1118739,0.138697,0.01690993,-0.07404989,0.1431481,0.1620515,0.009093533,-0.05291191,0.0766654,0.09359459,0.05589688,-0.05999418,0.1118499,0.1386873,0.01692534,-0.07402443,0.1431749,0.1620652,0.009079367,-0.05297637,0.07670664,0.09366344,0.02321064,-0.06194789,0.1082061,0.126826,-0.8864597,-0.1105443,0.4327844,0.1211064,166.0881,-0.8930328,-0.111364,0.4359935,14.98662,0,0,0,0,0,0,0,0,0,1,0,0,0.3629574,False,True,False,0.04592814,0.9940087,0.24372,1.024481,0.663031,0.3818101,0.231054,0.60102,106.114,0.8295832,0.4777201,0.2890943,0.004071865,0.00599134,0.05628002,0.05674431,0.2454714,-0.005302231,0.1423557,0.9588798,32.97575,0.8649072,-0.01868217,0.5015837,0.006015626,1.10588,-0.03905783,1.106586,0.01134112,0.02859496,0.003734668,0.9995198,3.551499,0.3659892,0.9227873,0.1205214,False
1773055718786,9.526128,0.1313217,0.9127215,0.1975509,0.9430441,-0.1147584,-0.3807569,-0.694981,0.599046,106.3968,-0.1433199,-0.4755214,-0.867951,0.03462782,0.9916934,0.2232101,1.017093,0.03602402,1.006982,0.2440736,1.036765,0.04103775,0.9785273,0.233055,1.006734,-0.01939448,-0.08295291,0.1047516,0.1350194,-0.01823528,-0.07280965,0.1302224,0.1503051,-0.004316753,-0.07272676,0.1005685,0.1241847,-0.01940368,-0.08419485,0.1036722,0.1349563,-0.0183163,-0.07302619,0.1296823,0.1499527,-0.004173905,-0.07283921,0.101748,0.1252024,-0.01451365,-0.07548866,0.1158281,0.1390155,-0.3369353,0.6609534,0.1129526,0.6609515,97.25503,-0.4489905,0.880768,0.1505174,2.663922,-0.01016432,-0.05798355,0.1103074,0.1250325,0.3062001,0.8878255,0.3424583,-0.02702658,183.0974,0.3063119,0.8881497,0.3425834,0.5171481,True,True,False,-0.1038369,0.5957756,0.1250568,0.6175515,-0.0968815,-0.2309864,-0.3233992,-0.9125088,311.7087,-0.2368409,-0.5646798,-0.7905964,0.01425292,0.5825103,0.1800185,0.609859,0.01064429,0.5482382,0.2146931,0.5888731,-0.03565718,0.5606554,0.1689736,0.5866498,0.05576316,-0.06009154,0.111878,0.1386982,0.01691162,-0.07405417,0.1431454,0.1620513,0.009090692,-0.05294358,0.07667857,0.093623,0.05586908,-0.06001442,0.1118558,0.1386896,0.01692249,-0.07403061,0.1431688,0.1620623,0.009081719,-0.05296955,0.0767008,0.09365502,0.02319582,-0.06195095,0.108197,0.126817,-0.8865722,-0.1104041,0.4325447,0.1212674,166.0695,-0.8931639,-0.1112249,0.4357606,14.97669,0,0,0,0,0,0,0,0,0,1,0,0,0.3617531,False,True,False,0.04709658,0.9937917,0.2438477,1.024354,0.6677445,0.3740715,0.2357321,0.5988474,106.4252,0.8337811,0.4670854,0.2943475,0.00290342,0.006208301,0.05615231,0.05656903,0.2370835,-0.001712663,0.1472067,0.9602702,32.40966,0.8495421,-0.00613699,0.5274864,0.00636237,1.106213,-0.03904862,1.106921,0.01009906,0.02953627,0.002849137,0.9995087,3.592263,0.3222078,0.9423465,0.09090092,False
1773055718800,9.540195,0.1320411,0.9120941,0.1981123,0.9426553,-0.1128481,-0.3830122,-0.6961402,0.5966203,106.7436,-0.1406166,-0.4772598,-0.8674389,0.03556588,0.9914252,0.223373,1.016899,0.03668541,1.006641,0.2439039,1.036418,0.04181365,0.9778917,0.2325322,1.006028,-0.01926939,-0.08261676,0.1050096,0.1349958,-0.01821966,-0.07277405,0.1302345,0.1502965,-0.004378952,-0.07275531,0.1000578,0.1237905,-0.01937537,-0.08386111,0.1039548,0.1349618,-0.018296,-0.07297321,0.1297987,0.1500251,-0.004216904,-0.07282156,0.1013914,0.1249039,-0.01443098,-0.07528849,0.1159279,0.1389816,-0.3369942,0.6739097,0.1084843,0.6484689,99.14748,-0.4426905,0.8852775,0.1425098,2.632484,-0.01008625,-0.0577946,0.1104017,0.1250219,0.3116961,0.8881745,0.3361433,-0.03162632,183.6247,0.3118519,0.8886188,0.3363115,0.5156804,True,True,False,-0.1038602,0.5957966,0.1251179,0.617588,-0.09688826,-0.2309429,-0.3233815,-0.9125254,311.7134,-0.2368789,-0.5646247,-0.790625,0.01422241,0.5825155,0.1800936,0.6098855,0.010614,0.5482491,0.2147582,0.5889065,-0.03566058,0.5606403,0.1690424,0.5866554,0.05575453,-0.06009489,0.1118817,0.1386992,0.01691422,-0.07405797,0.1431433,0.1620515,0.009086852,-0.05298252,0.07669546,0.09365849,0.05584505,-0.0600313,0.1118612,0.1386916,0.01692076,-0.07403634,0.1431634,0.1620601,0.009082795,-0.05297227,0.07669968,0.09365575,0.02318394,-0.06195721,0.1081914,0.1268131,-0.8866556,-0.1103149,0.4323753,0.1213433,166.0607,-0.8932562,-0.1111361,0.435594,14.96704,0,0,0,0,0,0,0,0,0,1,0,0,0.3606495,False,True,False,0.04785088,0.9933973,0.2439962,1.024042,0.6731578,0.3686354,0.2386335,0.5949963,106.9753,0.8375437,0.4586567,0.2969081,0.002149124,0.006602705,0.05600384,0.05643265,0.228849,-0.001252505,0.1506636,0.9617313,31.80418,0.8352327,-0.004571281,0.5498786,0.006726746,1.10649,-0.03908638,1.1072,0.008848265,0.03032998,0.002053939,0.9994987,3.628688,0.2794672,0.9579546,0.06487244,False
1773055718813,9.554062,0.132783,0.9114909,0.1986671,0.9422927,-0.1105397,-0.3854296,-0.6974852,0.5939187,107.1288,-0.1373974,-0.4790772,-0.8669528,0.03652762,0.9911814,0.2234826,1.01672,0.03735743,1.00633,0.2436571,1.036081,0.04260364,0.977299,0.231945,1.005349,-0.01911955,-0.08226826,0.1052702,0.1349646,-0.01820462,-0.0727388,0.1302382,0.1502808,-0.004440244,-0.07278223,0.09955992,0.1234064,-0.01932206,-0.08352773,0.1042299,0.1349596,-0.01827702,-0.07292452,0.1298904,0.1500784,-0.004263223,-0.07281338,0.1010088,0.1245903,-0.01434154,-0.07509632,0.1159961,0.1389253,-0.3373826,0.6870384,0.1037517,0.6351274,101.1411,-0.4367935,0.8894767,0.1343225,2.595727,-0.01000186,-0.05761321,0.1104661,0.1249883,0.3172546,0.8885661,0.3293564,-0.03640347,184.1724,0.3174649,0.889155,0.3295747,0.5177629,True,True,False,-0.1038858,0.5958165,0.1251846,0.6176251,-0.09689636,-0.2308986,-0.3233631,-0.9125422,311.7181,-0.2369206,-0.5645683,-0.7906526,0.01418984,0.5825226,0.1801738,0.6099152,0.01058183,0.5482593,0.2148292,0.5889413,-0.0356618,0.560618,0.1691178,0.5866559,0.0557486,-0.06009586,0.1118851,0.1387001,0.01691766,-0.07406135,0.143142,0.1620522,0.009082034,-0.05302851,0.07671601,0.09370086,0.05582504,-0.06004469,0.1118662,0.1386933,0.01692012,-0.07404153,0.143159,0.1620584,0.009082638,-0.05298394,0.07670307,0.09366512,0.02317503,-0.06196636,0.1081892,0.1268141,-0.8867097,-0.1102753,0.432276,0.1213374,166.0614,-0.8933101,-0.1110961,0.4354937,14.95783,0,0,0,0,0,0,0,0,0,1,0,0,0.3596599,False,True,False,0.04857559,0.9930327,0.244079,1.023742,0.6790798,0.362965,0.2417207,0.5904897,107.6165,0.8414397,0.4497456,0.2995133,0.001424413,0.006967306,0.055921,0.05637136,0.2197736,-0.001035797,0.1541588,0.9632931,31.14431,0.818671,-0.003858411,0.5742515,0.007660777,1.106752,-0.03920052,1.107473,0.007946567,0.03164426,0.0009519472,0.9994672,3.74086,0.2434674,0.9695187,0.02916581,False
1773055718828,9.567812,0.1332873,0.9103104,0.1991257,0.941319,-0.1106232,-0.3866315,-0.6979347,0.5925924,107.3176,-0.1373344,-0.4799879,-0.8664588,0.03722642,0.9902582,0.2237788,1.01591,0.03796924,1.005431,0.2437552,1.035254,0.04335898,0.9760437,0.2316382,1.00409,-0.01901087,-0.08210023,0.1053977,0.1349464,-0.01818183,-0.07271478,0.1302581,0.1502837,-0.004517145,-0.07278849,0.09895594,0.1229262,-0.01925766,-0.08323078,0.1044725,0.1349545,-0.01825738,-0.07288124,0.1299665,0.1501209,-0.004315538,-0.07280824,0.1005822,0.1242435,-0.01425157,-0.07492252,0.1160209,0.1388429,-0.3385179,0.6998726,0.09930601,0.6210656,103.212,-0.4319161,0.8929695,0.1267048,2.561787,-0.009916904,-0.05744913,0.1104895,0.1249267,0.3224337,0.8890865,0.3222575,-0.04138352,184.7436,0.3227101,0.8898486,0.3225337,0.5165337,True,True,False,-0.1038659,0.5958273,0.1252255,0.6176405,-0.0968979,-0.2308851,-0.32327,-0.9125785,311.7283,-0.2369712,-0.564647,-0.7905813,0.01419871,0.5824789,0.1802235,0.6098883,0.01059426,0.5482494,0.2148706,0.5889474,-0.03562896,0.56059,0.1691621,0.5866399,0.05571867,-0.06011713,0.1118876,0.1386993,0.01692072,-0.0740663,0.1431405,0.1620535,0.009078695,-0.05306248,0.07672797,0.09372956,0.05580312,-0.06005962,0.1118706,0.1386945,0.01692024,-0.07404663,0.1431552,0.1620574,0.009081826,-0.05300013,0.07670821,0.0936784,0.02316556,-0.06197779,0.1081881,0.126817,-0.8867617,-0.1102278,0.4321907,0.1213043,166.0652,-0.8933588,-0.1110479,0.4354059,14.94749,0,0,0,0,0,0,0,0,0,1,0,0,0.3601732,False,True,False,0.04930197,0.9926739,0.2440797,1.023429,0.6852651,0.3568934,0.2450592,0.5856491,108.3023,0.8454168,0.4403022,0.3023314,0.0006980263,0.007326066,0.0559203,0.05640247,0.2100915,-0.0007229912,0.1578201,0.9648595,30.46852,0.7995379,-0.002751462,0.6006103,0.008296539,1.106979,-0.03923863,1.107705,0.007295519,0.03311893,-0.0003031897,0.9994248,3.887001,0.2151208,0.9765681,-0.008940065,False
1773055718841,9.581732,0.1338669,0.9091136,0.1996213,0.9403492,-0.1105058,-0.3878163,-0.6984392,0.5912441,107.5093,-0.1370203,-0.4808677,-0.8660206,0.03800337,0.9893073,0.2241385,1.015092,0.03864215,1.00449,0.2438829,1.034394,0.04417718,0.9747679,0.2313824,1.002827,-0.01888818,-0.08190552,0.1055436,0.1349249,-0.01815925,-0.07269173,0.130266,0.1502767,-0.004591927,-0.07278809,0.09837542,0.1224619,-0.01918045,-0.08295228,0.1046973,0.1349463,-0.01823694,-0.07284175,0.1300291,0.1501535,-0.004373052,-0.07280403,0.1001186,0.123868,-0.01415847,-0.07475969,0.1160071,0.138734,-0.3402473,0.7126073,0.09493866,0.6061431,105.3777,-0.4277927,0.8959605,0.1193663,2.527981,-0.009829038,-0.05729542,0.1104765,0.1248376,0.3276027,0.8897209,0.3144591,-0.04679456,185.3642,0.3279618,0.8906962,0.3148038,0.5367401,True,True,False,-0.1038452,0.5958369,0.1252694,0.6176551,-0.09689972,-0.2308747,-0.3231671,-0.9126173,311.7392,-0.2370259,-0.5647414,-0.7904975,0.01420806,0.5824308,0.1802755,0.609858,0.01060776,0.5482369,0.214915,0.5889522,-0.0355932,0.5605563,0.1692097,0.5866193,0.05568776,-0.06013915,0.1118899,0.1386983,0.01692441,-0.0740712,0.1431396,0.1620553,0.009074761,-0.05310062,0.0767417,0.09376201,0.05577912,-0.06007617,0.1118746,0.1386953,0.01692111,-0.07405175,0.1431519,0.162057,0.009080357,-0.05302104,0.07671517,0.09369579,0.02315546,-0.06199164,0.1081879,0.1268218,-0.886812,-0.1101734,0.4321184,0.1212433,166.0723,-0.8934028,-0.1109922,0.4353299,14.9359,0,0,0,0,0,0,0,0,0,1,0,0,0.3606235,False,True,False,0.04999317,0.9917064,0.2443302,1.022584,0.6915789,0.3534774,0.2461596,0.5798084,109.1259,0.8488205,0.4338461,0.302128,6.828457E-06,0.008293569,0.05566983,0.05628422,0.2016029,-0.003507633,0.1600525,0.9662957,29.83582,0.7831222,-0.01362533,0.6217206,0.008970709,1.107194,-0.03923892,1.107926,0.006534355,0.03433365,-0.00133814,0.9993882,4.008558,0.1868327,0.9816805,-0.03826059,False
1773055718854,9.595613,0.1342658,0.9077207,0.1996359,0.9390627,-0.110685,-0.3880585,-0.6984036,0.5910937,107.5307,-0.1372237,-0.4811024,-0.8658581,0.03847319,0.9879467,0.2242406,1.013806,0.03908785,1.003105,0.2438141,1.03305,0.04473592,0.9732365,0.2311168,1.001302,-0.01880095,-0.08178773,0.1056286,0.1349078,-0.01814125,-0.07266862,0.1302177,0.1502214,-0.004641212,-0.07274426,0.09803675,0.1221658,-0.01910133,-0.08270802,0.1048924,0.1349366,-0.01821706,-0.07280575,0.1300684,0.1501677,-0.004428739,-0.0727916,0.09968158,0.1235097,-0.01407064,-0.07461661,0.115958,0.1386069,-0.3422759,0.723868,0.0910868,0.5920858,107.3897,-0.4247258,0.8982386,0.1130285,2.496364,-0.009746118,-0.05716036,0.1104301,0.1247281,0.3319065,0.8903369,0.307359,-0.05166749,185.9233,0.3323503,0.8915272,0.3077699,0.5207154,True,True,False,-0.1038774,0.5958523,0.1252812,0.6176777,-0.09684785,-0.230852,-0.3231418,-0.9126375,311.7448,-0.2369252,-0.5647482,-0.7905227,0.01416334,0.5824103,0.1803041,0.6098458,0.01057436,0.5482554,0.2149277,0.5889735,-0.03561576,0.5605532,0.169234,0.5866247,0.05565538,-0.06016244,0.1118928,0.1386976,0.0169343,-0.0740808,0.1431318,0.1620538,0.009070436,-0.05312405,0.07675319,0.09378427,0.05575342,-0.06009408,0.1118784,0.1386958,0.01692384,-0.07405777,0.1431478,0.1620563,0.009078299,-0.05304242,0.07672306,0.09371416,0.02314487,-0.06200615,0.1081872,0.1268263,-0.886861,-0.1101175,0.4320464,0.121192,166.0782,-0.8934466,-0.1109352,0.4352546,14.92312,0,0,0,0,0,0,0,0,0,1,0,0,0.3610753,False,True,False,0.05074336,0.9906771,0.2445914,1.021685,0.6983275,0.3501288,0.2473354,0.5732136,110.0508,0.8522363,0.4272958,0.3018472,-0.0007433556,0.009322941,0.05540866,0.05619243,0.1923961,-0.006741158,0.1620762,0.9678169,29.15096,0.7645226,-0.02678728,0.6440407,0.009783756,1.107465,-0.03920633,1.108202,0.005958429,0.0357555,-0.002834314,0.9993388,4.167313,0.163878,0.9834036,-0.07795373,False
1773055718869,9.60997,0.1347152,0.9063597,0.1996893,0.937823,-0.110774,-0.3882429,-0.6983949,0.5909663,107.5488,-0.137318,-0.4812753,-0.8657471,0.03900557,0.9866149,0.2244248,1.01257,0.03957833,1.00173,0.2437929,1.031729,0.0453621,0.9717054,0.230876,0.9997864,-0.01870488,-0.08163939,0.1057352,0.1348881,-0.01812361,-0.07264692,0.1301595,0.1501583,-0.004697491,-0.07268958,0.09766009,0.1218332,-0.01901645,-0.08247781,0.1050737,0.1349248,-0.01819711,-0.07277184,0.1300879,0.1501657,-0.004486066,-0.07276981,0.09924539,0.1231471,-0.01398269,-0.07448172,0.1158745,0.1384556,-0.3446801,0.7344312,0.08748676,0.5780593,109.3717,-0.4224048,0.900044,0.1072148,2.464531,-0.009663109,-0.05703301,0.1103513,0.1245936,0.3357464,0.89098,0.3004173,-0.05638633,186.4648,0.3362812,0.8923993,0.3008959,0.5116763,True,True,False,-0.1039124,0.595867,0.1252935,0.6177003,-0.09678905,-0.2308302,-0.3231188,-0.9126574,311.7504,-0.2368071,-0.5647563,-0.7905526,0.01411543,0.5823895,0.1803338,0.6098337,0.01053921,0.5482757,0.2149409,0.5889965,-0.03564027,0.5605493,0.1692602,0.58663,0.05562201,-0.06018652,0.1118956,0.138697,0.01694561,-0.07409098,0.1431237,0.1620525,0.009065566,-0.05314867,0.07676583,0.09380809,0.0557254,-0.06011379,0.111882,0.138696,0.01692848,-0.07406485,0.1431426,0.1620555,0.009075586,-0.05306507,0.07673217,0.09373417,0.02313356,-0.06202181,0.1081858,0.1268308,-0.88691,-0.1100592,0.4319734,0.1211469,166.0834,-0.893491,-0.1108759,0.4351787,14.90884,0,0,0,0,0,0,0,0,0,1,0,0,0.361441,False,True,False,0.05127066,0.9892402,0.2446192,1.020325,0.7044476,0.3485378,0.2480148,0.5663601,111.0064,0.8547482,0.4229017,0.3009312,-0.001270663,0.01075983,0.05538082,0.0564307,0.1841511,-0.01085801,0.1626544,0.9692854,28.47464,0.7487679,-0.04414923,0.6613613,0.0106571,1.107544,-0.03926102,1.108291,0.005044529,0.03725981,-0.004203858,0.999284,4.336519,0.1333335,0.9848255,-0.1111135,False
1773055718884,9.623796,0.1351997,0.905045,0.1997738,0.9366403,-0.1108399,-0.3884583,-0.6983995,0.5908068,107.5714,-0.1373799,-0.4814726,-0.8656275,0.03959142,0.9853417,0.2246598,1.011404,0.04010302,1.000403,0.2437886,1.03046,0.04603983,0.9702018,0.2306283,0.9982989,-0.01860126,-0.08146065,0.1058632,0.1348661,-0.0181056,-0.07262695,0.1300958,0.1500913,-0.004760188,-0.07263093,0.09724154,0.1214653,-0.01893016,-0.08226509,0.1052385,0.1349112,-0.01817816,-0.07274181,0.1300896,0.1501503,-0.00454283,-0.07274102,0.09882528,0.1227939,-0.01389762,-0.07435811,0.1157637,0.1382878,-0.3472866,0.7440395,0.084194,0.5645429,111.2589,-0.4207476,0.9014249,0.1020034,2.433249,-0.009582796,-0.05691634,0.1102467,0.1244413,0.3391438,0.8916237,0.2937401,-0.06087904,186.9805,0.3397739,0.8932801,0.2942858,0.5121264,True,True,False,-0.1039502,0.595881,0.1253062,0.6177227,-0.09672367,-0.2308092,-0.3230982,-0.9126769,311.7559,-0.2366723,-0.5647651,-0.7905862,0.0140644,0.5823685,0.1803643,0.6098214,0.01050237,0.5482976,0.2149543,0.5890211,-0.03566658,0.5605446,0.1692882,0.5866351,0.05558763,-0.06021134,0.1118982,0.1386961,0.01695823,-0.07410172,0.1431149,0.162051,0.009060226,-0.0531744,0.07677951,0.09383336,0.05569688,-0.06013397,0.1118854,0.138696,0.01693463,-0.07407248,0.1431369,0.1620546,0.00907241,-0.05308769,0.07674196,0.09375468,0.02312228,-0.06203766,0.1081841,0.126835,-0.8869554,-0.1100027,0.4319051,0.1211092,166.0878,-0.8935326,-0.1108184,0.4351079,14.89398,0,0,0,0,0,0,0,0,0,1,0,0,0.3618411,False,True,False,0.05184454,0.9877989,0.2446745,1.01897,0.7102816,0.3472254,0.2485701,0.5595959,111.9443,0.8570355,0.418967,0.2999281,-0.001844544,0.01220113,0.05532551,0.05668493,0.176243,-0.01502035,0.1629989,0.9706411,27.83592,0.7327209,-0.06244628,0.6776593,0.01158648,1.107632,-0.03930777,1.10839,0.004449327,0.03905503,-0.005739913,0.9992107,4.553161,0.1120068,0.9831666,-0.1444959,False
1773055718897,9.63734,0.1356744,0.9037901,0.1995467,0.935448,-0.1107166,-0.3884431,-0.6984719,0.5907545,107.5789,-0.1372206,-0.4814308,-0.8656761,0.04015353,0.9840786,0.2246495,1.010193,0.04059281,0.9991158,0.2435663,1.029177,0.04649181,0.9689467,0.2303898,0.997045,-0.01847671,-0.0812804,0.1059856,0.1348363,-0.01808512,-0.07260751,0.1300725,0.1500593,-0.004758659,-0.07265357,0.09724391,0.1214807,-0.01883745,-0.08206246,0.105392,0.1348947,-0.0181592,-0.07271443,0.1300861,0.1501317,-0.004586803,-0.07272319,0.09849894,0.1225224,-0.0138203,-0.07425234,0.1156739,0.138148,-0.3491753,0.7520595,0.08102413,0.5530988,112.8403,-0.4191198,0.9027071,0.09725436,2.399534,-0.009509829,-0.05681651,0.110162,0.124315,0.3418809,0.892024,0.2886049,-0.06417872,187.3594,0.3425871,0.8938664,0.2892009,0.4637113,True,True,False,-0.1039964,0.5959433,0.1253215,0.6177938,-0.09677128,-0.2308668,-0.3232731,-0.9125954,311.733,-0.2366834,-0.5646545,-0.7906621,0.01402342,0.5824429,0.1803715,0.6098937,0.01049234,0.5483879,0.2149409,0.5891001,-0.03569101,0.5606194,0.1692865,0.5867076,0.05556327,-0.06022193,0.1119047,0.1386961,0.0169649,-0.07410767,0.143113,0.1620527,0.00905929,-0.05318157,0.07677907,0.09383697,0.05566967,-0.06015188,0.1118893,0.138696,0.01694079,-0.07407964,0.143132,0.1620542,0.009069741,-0.05310679,0.07674952,0.09377143,0.02311122,-0.06205131,0.1081817,0.1268376,-0.8870061,-0.1099566,0.4318202,0.1210829,166.0908,-0.8935807,-0.1107716,0.4350208,14.88031,0,0,0,0,0,0,0,0,0,1,0,0,0.3615049,False,True,False,0.05245088,0.986392,0.2447286,1.01765,0.7157198,0.3461265,0.2489772,0.5531294,112.8361,0.8591091,0.4154704,0.298858,-0.00245088,0.01360804,0.05527145,0.05697472,0.1688486,-0.01909296,0.1632067,0.9718484,27.25481,0.7166536,-0.08103734,0.6927073,0.01270951,1.107687,-0.03937195,1.108459,0.004187575,0.04081358,-0.007688033,0.9991285,4.784567,0.100323,0.9777837,-0.1841846,False
1773055718914,9.654056,0.1361703,0.9025737,0.1993665,0.9343065,-0.1105523,-0.3884261,-0.6985632,0.5906885,107.5882,-0.1370087,-0.4813809,-0.8657373,0.04074499,0.982859,0.2246972,1.00904,0.0411025,0.997862,0.2433863,1.027937,0.04695538,0.9677327,0.2301985,0.9958428,-0.01835108,-0.08108562,0.1061179,0.134806,-0.01806475,-0.07258888,0.1300437,0.1500228,-0.004755997,-0.07268289,0.09725319,0.1215056,-0.01872033,-0.08182583,0.1055675,0.1348719,-0.01813653,-0.07268429,0.1300759,0.1501056,-0.004627408,-0.07271352,0.09819634,0.1222751,-0.01373455,-0.07414193,0.1155878,0.138008,-0.3506845,0.7603238,0.07727908,0.5412541,114.4619,-0.417055,0.9042228,0.09190492,2.356145,-0.009428857,-0.05671229,0.1100807,0.1241891,0.3447012,0.8923017,0.2836614,-0.06720151,187.7065,0.345482,0.8943229,0.2843039,0.4301796,True,True,False,-0.1040453,0.5960078,0.1253373,0.6178675,-0.0968267,-0.2309344,-0.3234728,-0.9125017,311.7068,-0.2366979,-0.5645311,-0.7907462,0.0139816,0.5825254,0.1803765,0.609973,0.01048452,0.5484846,0.2149246,0.589184,-0.03571632,0.5607001,0.1692826,0.5867851,0.05553932,-0.06023145,0.1119114,0.1386961,0.01697186,-0.07411347,0.1431116,0.1620549,0.009058521,-0.0531873,0.07677778,0.09383908,0.0556384,-0.06017096,0.1118946,0.138696,0.01694823,-0.07408775,0.1431271,0.1620543,0.009067052,-0.05312609,0.07675629,0.09378763,0.0230982,-0.06206542,0.1081782,0.1268391,-0.8870721,-0.1099123,0.4317015,0.1210627,166.0931,-0.893645,-0.1107268,0.4349003,14.86514,0,0,0,0,0,0,0,0,0,1,0,0,0.3609086,False,True,False,0.05301802,0.9850219,0.2445301,1.016304,0.7200201,0.3450559,0.2493609,0.5480207,113.5373,0.8607894,0.4125169,0.2981128,-0.003018018,0.01497805,0.05546993,0.05753576,0.1628987,-0.02218936,0.1634958,0.9727492,26.81326,0.7025719,-0.09570135,0.7051474,0.0140462,1.10772,-0.03940629,1.108509,0.004032821,0.0425986,-0.009842156,0.9990357,5.032901,0.09185134,0.9702235,-0.2241645,False
1773055718925,9.665208,0.1365599,0.9011617,0.1988641,0.9328922,-0.1102627,-0.388333,-0.6987729,0.5905558,107.6071,-0.1366334,-0.4812076,-0.865893,0.04125354,0.981524,0.2244007,1.007694,0.04149702,0.996454,0.2429473,1.026482,0.04640453,0.9668519,0.2301437,0.9949483,-0.01830974,-0.08089052,0.1062747,0.1348067,-0.01804137,-0.07256535,0.1300835,0.1500431,-0.004602772,-0.07339646,0.09825425,0.1227278,-0.0186486,-0.08166137,0.1056916,0.1348594,-0.01811997,-0.07266358,0.1300772,0.1500947,-0.004623122,-0.07283233,0.09820653,0.1223538,-0.0136959,-0.0741192,0.1156441,0.1380391,-0.3479252,0.7646911,0.07291266,0.537475,114.9762,-0.4125858,0.906806,0.0864632,2.314957,-0.009392374,-0.05669084,0.1101338,0.1242237,0.3474867,0.8917599,0.2818913,-0.06749455,187.7402,0.3482808,0.8937977,0.2825354,0.4335666,True,True,False,-0.1040545,0.5960231,0.1253484,0.617886,-0.09689874,-0.2309284,-0.323603,-0.9124494,311.6921,-0.2368065,-0.5643555,-0.7908388,0.01396742,0.5825335,0.1803984,0.6099869,0.01049599,0.5485145,0.2149374,0.5892168,-0.03571982,0.5607231,0.1692753,0.5868053,0.0555093,-0.06023897,0.1119234,0.138697,0.01697464,-0.0741069,0.1431289,0.1620674,0.009059303,-0.0531874,0.07676739,0.09383072,0.05561594,-0.06018279,0.1118996,0.1386961,0.01695282,-0.07409108,0.1431274,0.1620566,0.009065705,-0.05313674,0.07675822,0.09379512,0.02308793,-0.06207299,0.108176,0.1268391,-0.8871351,-0.1098639,0.4315893,0.1210449,166.0952,-0.8937066,-0.1106778,0.4347863,14.85563,0,0,0,0,0,0,0,0,0,1,0,0,0.3612099,False,True,False,0.05360462,0.9836849,0.2443868,1.015005,0.7241876,0.3437388,0.2497448,0.5431607,114.2019,0.8625093,0.4093938,0.2974468,-0.003604617,0.0163151,0.05561322,0.05806898,0.1570808,-0.02503789,0.1640117,0.9735497,26.41467,0.687517,-0.1095868,0.7178527,0.01530524,1.107771,-0.0394632,1.10858,0.00375112,0.04497544,-0.01195432,0.9989095,5.351966,0.08034492,0.9633251,-0.2560486,False
1773055718938,9.678887,0.1369811,0.8997679,0.1984134,0.9315117,-0.1098617,-0.3882096,-0.699057,0.5903754,107.6327,-0.1361142,-0.480976,-0.8661034,0.04179837,0.9802098,0.2241625,1.006383,0.04192223,0.9950628,0.2425663,1.025059,0.04610547,0.9658781,0.2300608,0.9939689,-0.01826711,-0.0806901,0.106435,0.1348073,-0.01801788,-0.07254149,0.1301254,0.1500651,-0.004478632,-0.07393113,0.09904882,0.1236792,-0.01856998,-0.08145991,0.1058455,0.1348474,-0.01809901,-0.0726385,0.1300871,0.1500886,-0.004593462,-0.07305764,0.0983812,0.122627,-0.01366318,-0.07412711,0.1157981,0.1381691,-0.3416059,0.7690262,0.06642363,0.5361829,115.1517,-0.4046975,0.9110585,0.07869149,2.258741,-0.009361504,-0.05669831,0.1102792,0.1243537,0.3515754,0.8905022,0.2810271,-0.06652348,187.6287,0.3523557,0.8924788,0.2816509,0.441811,True,True,False,-0.1040635,0.596037,0.1253596,0.6179032,-0.09697916,-0.230921,-0.3237443,-0.9123926,311.6762,-0.2369296,-0.5641626,-0.7909392,0.01395345,0.5825419,0.1804212,0.6100013,0.01050907,0.5485445,0.214952,0.5892502,-0.03572394,0.5607469,0.1692659,0.5868255,0.0554788,-0.06024529,0.1119362,0.1386979,0.01697709,-0.07409853,0.1431491,0.1620817,0.009060431,-0.05318557,0.07675505,0.09381969,0.05558779,-0.06019562,0.1119071,0.1386965,0.0169578,-0.0740926,0.1431319,0.1620618,0.009064624,-0.05314675,0.07675757,0.09380016,0.0230741,-0.06207982,0.1081738,0.1268381,-0.8872306,-0.1097858,0.4314205,0.1210186,166.0982,-0.8937998,-0.1105986,0.4346148,14.84519,0,0,0,0,0,0,0,0,0,1,0,0,0.3612314,False,True,False,0.05398601,0.9822732,0.2439638,1.013555,0.7263221,0.3411119,0.2502484,0.541733,114.3966,0.8641027,0.4058196,0.2977196,-0.003986005,0.01772678,0.05603617,0.05890823,0.153961,-0.02510118,0.1660084,0.973708,26.33515,0.6758611,-0.1101896,0.728747,0.01660625,1.107787,-0.03951324,1.108616,0.003479697,0.04732756,-0.01423121,0.998772,5.679457,0.07023659,0.955292,-0.2872525,False
1773055718952,9.692777,0.1372574,0.8982128,0.197856,0.9299316,-0.1075215,-0.3872806,-0.700522,0.5896795,107.7315,-0.1331309,-0.4795229,-0.867372,0.04221417,0.978716,0.2239393,1.004896,0.04216817,0.9934233,0.2422799,1.02341,0.04547198,0.9647679,0.2300259,0.9928529,-0.0182352,-0.0804693,0.106611,0.13481,-0.01799485,-0.07250655,0.1302072,0.1501164,-0.004313308,-0.07458191,0.1000282,0.1248467,-0.01850015,-0.08125194,0.1060059,0.1348383,-0.01807736,-0.07261106,0.1301121,0.1500944,-0.00453528,-0.07337431,0.09872599,0.1230901,-0.0136442,-0.07417024,0.1160467,0.1383988,-0.3317189,0.7724466,0.05836527,0.5384073,114.8494,-0.3936453,0.9166495,0.0692611,2.197084,-0.009343591,-0.05673902,0.1105139,0.124579,0.3576478,0.8880907,0.2816954,-0.06349435,187.2808,0.3583708,0.889886,0.2822648,0.5403351,True,True,False,-0.1040805,0.5960393,0.1253574,0.6179078,-0.09704883,-0.2310165,-0.3237891,-0.9123451,311.6629,-0.2370386,-0.5642503,-0.7908443,0.01393452,0.5825173,0.1804161,0.6099758,0.01052314,0.5485573,0.2149484,0.5892611,-0.03573568,0.5607609,0.1692379,0.5868315,0.05543489,-0.06025431,0.1119529,0.1386978,0.016975,-0.07408509,0.1431793,0.162102,0.009062941,-0.05317551,0.07674443,0.09380554,0.05555602,-0.06020781,0.1119166,0.1386967,0.01696137,-0.07409105,0.1431417,0.1620701,0.009064275,-0.05315272,0.07675485,0.09380127,0.02305741,-0.06208395,0.1081732,0.1268365,-0.8873519,-0.1096694,0.4312061,0.1209981,166.1006,-0.8939198,-0.1104811,0.4343977,14.83507,0,0,0,0,0,0,0,0,0,1,0,0,0.3618563,False,True,False,0.05434428,0.9809422,0.2436431,1.012207,0.7282838,0.3366583,0.2510679,0.5415061,114.4276,0.8662858,0.4004515,0.2986426,-0.004344281,0.01905781,0.05635691,0.05965043,0.150916,-0.02368462,0.1696299,0.973596,26.39143,0.6611063,-0.1037534,0.7430847,0.01813679,1.107776,-0.03952597,1.108629,0.003530345,0.04990792,-0.01695464,0.9986037,6.056299,0.06682917,0.9447531,-0.3209501,False
1773055718967,9.706786,0.1375615,0.8967072,0.1973528,0.9284154,-0.1042099,-0.3859731,-0.7025641,0.5887009,107.8703,-0.1289166,-0.4774821,-0.8691325,0.04265513,0.9772499,0.2238186,1.00346,0.04242268,0.9917827,0.2421296,1.021792,0.04493328,0.9636227,0.2300351,0.9917176,-0.01820099,-0.08024898,0.1067852,0.1348119,-0.01797176,-0.07246948,0.1302965,0.1501732,-0.004151912,-0.07516626,0.1009217,0.1259063,-0.01843734,-0.08103993,0.1061703,0.1348315,-0.01805526,-0.07258143,0.1301508,0.1501109,-0.004455153,-0.07374977,0.09918744,0.1236811,-0.01363342,-0.07423495,0.1163561,0.1386919,-0.3190117,0.7750386,0.04910247,0.5432639,114.1878,-0.3799739,0.9231464,0.05848582,2.134602,-0.009333405,-0.05680007,0.1108059,0.1248652,0.3656735,0.8844323,0.2840155,-0.05829608,186.684,0.3662964,0.8859386,0.2844993,0.6301483,True,True,False,-0.1040979,0.5960397,0.1253545,0.6179105,-0.09712372,-0.2311253,-0.3238294,-0.9122952,311.649,-0.2371572,-0.564363,-0.7907283,0.01391555,0.582489,0.1804089,0.6099463,0.01053913,0.5485685,0.2149448,0.5892705,-0.03574847,0.5607748,0.1692068,0.5868366,0.05538863,-0.06026267,0.111971,0.1386975,0.01697196,-0.07406938,0.1432133,0.1621246,0.009065897,-0.05316268,0.07673248,0.09378878,0.055521,-0.06021928,0.111928,0.1386968,0.01696358,-0.07408652,0.1431567,0.1620815,0.009064614,-0.0531548,0.07675017,0.09379866,0.0230381,-0.06208546,0.108174,0.1268344,-0.8874972,-0.1095174,0.4309499,0.1209828,166.1023,-0.8940644,-0.1103278,0.4341388,14.82531,0,0,0,0,0,0,0,0,0,1,0,0,0.3624637,False,True,False,0.05445746,0.9793925,0.2433967,1.010652,0.7307562,0.328027,0.2536103,0.5422873,114.321,0.8697479,0.3904186,0.3018477,-0.004457455,0.02060753,0.05660327,0.06040256,0.1460299,-0.01921817,0.1762445,0.9732646,26.55728,0.635778,-0.08367115,0.767325,0.01965301,1.107707,-0.03954287,1.108587,0.003804755,0.05272191,-0.01936236,0.9984143,6.454143,0.06758801,0.9365568,-0.3439547,False
1773055718981,9.720812,0.1378824,0.8952652,0.1969004,0.9269742,-0.1004886,-0.3845086,-0.7048242,0.5876036,108.0257,-0.1241905,-0.4752012,-0.8710686,0.04310624,0.9758297,0.2237678,1.002085,0.04267183,0.9902015,0.2420881,1.020258,0.04444441,0.9625071,0.2301052,0.9906279,-0.01816415,-0.08003037,0.1069566,0.1348129,-0.0179464,-0.07242905,0.1304264,0.1502634,-0.00398992,-0.07570652,0.1017931,0.1269222,-0.01837993,-0.08082632,0.1063363,0.1348263,-0.01803247,-0.0725495,0.1302086,0.1501428,-0.004357874,-0.07416084,0.09973387,0.124361,-0.01362824,-0.07431187,0.1167091,0.1390288,-0.3040052,0.7766926,0.03894801,0.550284,113.227,-0.3640879,0.9301959,0.04664559,2.075,-0.009328498,-0.05687268,0.1111391,0.1251936,0.3753515,0.8795104,0.2880622,-0.05092839,185.8385,0.3758391,0.8806529,0.2884364,0.7041338,True,True,False,-0.1041156,0.5960383,0.1253507,0.6179115,-0.09720371,-0.2312467,-0.3238656,-0.9122431,311.6344,-0.2372852,-0.5644994,-0.7905924,0.01389653,0.5824572,0.1803996,0.6099128,0.01055707,0.5485783,0.2149413,0.5892786,-0.03576221,0.5607889,0.1691726,0.5868411,0.05533997,-0.06027057,0.1119904,0.1386971,0.01696801,-0.07405156,0.1432511,0.1621494,0.009069311,-0.0531472,0.07671931,0.09376956,0.05548309,-0.06023001,0.111941,0.1386969,0.01696451,-0.07407921,0.1431764,0.1620957,0.009065596,-0.05315321,0.07674372,0.09379258,0.02301645,-0.0620845,0.1081763,0.126832,-0.8876643,-0.1093323,0.4306557,0.1209726,166.1035,-0.8942316,-0.1101412,0.4338419,14.81595,0,0,0,0,0,0,0,0,0,1,0,0,0.36307,False,True,False,0.05453842,0.9778734,0.2432934,1.009159,0.7330952,0.3158548,0.2571304,0.5446938,113.9925,0.8741529,0.3766297,0.3066059,-0.004538421,0.02212662,0.05670665,0.06103957,0.1405541,-0.01198015,0.1856654,0.9724349,26.96815,0.6027833,-0.05137834,0.7962489,0.02119252,1.10767,-0.03956811,1.108579,0.003880014,0.05575484,-0.02158801,0.9982035,6.86969,0.06476025,0.9305886,-0.3603196,False
1773055718993,9.734465,0.1379297,0.8934515,0.1958719,0.9250113,-0.09489816,-0.3826544,-0.7083784,0.5854656,108.3282,-0.1170575,-0.4720066,-0.8737891,0.04326957,0.9740358,0.2230539,1.000185,0.04265267,0.9882402,0.2415113,1.018217,0.04381124,0.9611244,0.229716,0.9891658,-0.018108,-0.07989396,0.1070587,0.1348054,-0.01791295,-0.07238119,0.130568,0.1503593,-0.003815247,-0.07603888,0.1028074,0.127929,-0.018324,-0.0806332,0.1064856,0.1348208,-0.01800796,-0.07251498,0.1302824,0.1501873,-0.004246746,-0.07454764,0.1003632,0.1250926,-0.01363109,-0.07438765,0.1170895,0.1393889,-0.2883145,0.7760492,0.02933509,0.5601445,111.8684,-0.3480399,0.9368106,0.03541196,2.024744,-0.009331188,-0.05694424,0.1114982,0.1255451,0.3848264,0.8737575,0.2945494,-0.04120826,184.7234,0.3851534,0.8744999,0.2947997,0.7712139,True,True,False,-0.1041586,0.5960737,0.1254026,0.6179634,-0.09722046,-0.231388,-0.3239276,-0.9121835,311.6177,-0.2372492,-0.5646614,-0.7904876,0.01385085,0.5824699,0.1804492,0.6099384,0.01054821,0.5486364,0.214979,0.5893464,-0.03579303,0.5608435,0.1692,0.586903,0.05528355,-0.060284,0.1120098,0.1386961,0.01696268,-0.07404488,0.1432674,0.1621602,0.009071386,-0.0531403,0.07671054,0.09375867,0.05544218,-0.06024107,0.1119551,0.1386967,0.01696413,-0.07407218,0.143195,0.1621089,0.009066782,-0.05315057,0.07673693,0.09378564,0.02299318,-0.06208317,0.1081778,0.1268284,-0.887842,-0.1091491,0.4303352,0.1209737,166.1034,-0.8944108,-0.1099566,0.4335191,14.80558,0,0,0,0,0,0,0,0,0,1,0,0,0.3639943,False,True,False,0.05459919,0.9764181,0.2432852,1.007751,0.7348133,0.3007759,0.261107,0.5490051,113.4024,0.8791536,0.3598577,0.3123966,-0.004599188,0.02358192,0.0567148,0.06159406,0.1353439,-0.002283538,0.1975485,0.9709024,27.71115,0.5651684,-0.009535587,0.824922,0.02298476,1.107579,-0.03954282,1.108523,0.003896268,0.05844367,-0.0241887,0.99799,7.266698,0.06148316,0.9222418,-0.381698,False
1773055719012,9.751367,0.1380218,0.8916819,0.1949206,0.9231147,-0.08932965,-0.3807995,-0.7118622,0.5833216,108.631,-0.1099792,-0.4688256,-0.8764172,0.04347648,0.9722824,0.2224226,0.9983461,0.04266325,0.9863312,0.2410294,1.01625,0.04316254,0.9598281,0.2294814,0.9878232,-0.01805459,-0.0797492,0.1071671,0.1347987,-0.01787671,-0.07232934,0.13074,0.1504795,-0.003621064,-0.0763846,0.1039344,0.1290352,-0.01825862,-0.08041723,0.1066517,0.1348143,-0.0179762,-0.07247004,0.1303933,0.150258,-0.004095408,-0.07499464,0.1012293,0.1260489,-0.01364328,-0.07447787,0.1175787,0.1398493,-0.2683286,0.7722279,0.01798003,0.5756219,109.7136,-0.328144,0.9443718,0.02198812,1.974558,-0.009342681,-0.05702938,0.1119599,0.1259947,0.3955845,0.8657533,0.3054429,-0.0262638,183.01,0.3957208,0.8660516,0.3055482,0.8166038,True,True,False,-0.1042035,0.5961099,0.1254572,0.6180169,-0.09723359,-0.2315422,-0.3239892,-0.9121211,311.6003,-0.2372009,-0.564846,-0.7903701,0.01380353,0.5824828,0.1805009,0.609965,0.01053924,0.5486969,0.215018,0.5894167,-0.03582511,0.5609007,0.169229,0.5869681,0.05522431,-0.06029767,0.1120303,0.138695,0.01695649,-0.07403797,0.1432841,0.1621711,0.009073687,-0.05313225,0.07670137,0.09374683,0.05538946,-0.06025476,0.1119733,0.1386962,0.01696229,-0.07406391,0.1432166,0.1621239,0.00906845,-0.05314614,0.07672833,0.09377626,0.02296327,-0.06208113,0.108179,0.126823,-0.8880689,-0.1089285,0.429919,0.1209875,166.1018,-0.894641,-0.1097346,0.4331006,14.792,0,0,0,0,0,0,0,0,0,1,0,0,0.364375,False,True,False,0.05435973,0.9745802,0.2427308,1.005823,0.7354531,0.2826728,0.265977,0.5553927,112.5245,0.8843958,0.3399192,0.3198422,-0.004359733,0.02541977,0.05726925,0.06280874,0.1304765,0.01048836,0.2116979,0.9685298,28.8246,0.5242173,0.04213923,0.8505418,0.02459406,1.107552,-0.03951812,1.108529,0.004341639,0.06179424,-0.02701339,0.9977139,7.749995,0.06424464,0.9143895,-0.3997259,False
1773055719021,9.762681,0.1378097,0.8903791,0.1941517,0.9216623,-0.08550131,-0.3804275,-0.7141415,0.5813488,108.9091,-0.1050831,-0.4675542,-0.8776963,0.04330951,0.9710177,0.2216197,0.9969285,0.04237238,0.9850413,0.2403178,1.014817,0.04273916,0.9587505,0.2287825,0.9865955,-0.01797083,-0.07967523,0.107214,0.134781,-0.01785209,-0.07228475,0.1308657,0.1505643,-0.003555838,-0.07639769,0.1043352,0.1293641,-0.01820778,-0.08028521,0.1067515,0.1348078,-0.01795435,-0.0724374,0.1304767,0.150312,-0.004000401,-0.07524343,0.1017791,0.1266356,-0.01365055,-0.07452167,0.1178842,0.1401303,-0.2562446,0.7687373,0.01128438,0.5858791,108.2698,-0.3161959,0.9485918,0.01392448,1.947973,-0.009349539,-0.05707075,0.1122484,0.1262703,0.4009819,0.8610864,0.3121702,-0.01715927,181.9664,0.4010408,0.8612128,0.312216,0.7622758,True,True,False,-0.1041857,0.5961573,0.1255573,0.61808,-0.09746768,-0.2316757,-0.3240148,-0.912053,311.5813,-0.2376842,-0.5649633,-0.7901412,0.01382781,0.5824773,0.1805755,0.6099824,0.01058971,0.5487109,0.21506,0.5894461,-0.0357911,0.5609377,0.1692854,0.5870176,0.05517823,-0.06030538,0.1120497,0.1386958,0.01694855,-0.07403346,0.1432884,0.162172,0.009075972,-0.05312738,0.07669815,0.09374166,0.05535226,-0.06026367,0.1119867,0.1386961,0.01695987,-0.07405856,0.1432292,0.1621324,0.009069772,-0.05314285,0.07672302,0.09377018,0.02294242,-0.06207948,0.1081793,0.1268187,-0.8882266,-0.1087919,0.4296237,0.1210015,166.1002,-0.8948013,-0.1095972,0.4328038,14.78195,0,0,0,0,0,0,0,0,0,1,0,0,0.3649362,False,True,False,0.05411533,0.9728526,0.2423094,1.004034,0.7330833,0.2606972,0.2701685,0.5671286,110.8995,0.8900647,0.3165224,0.328022,-0.004115332,0.02714741,0.05769059,0.06389149,0.1293589,0.02760787,0.2298822,0.9641879,30.76005,0.4877421,0.1040942,0.8667604,0.02618008,1.107379,-0.03952989,1.108393,0.004674647,0.06546956,-0.02948122,0.997408,8.252324,0.06496827,0.9098964,-0.4097302,False
1773055719035,9.776067,0.1376603,0.8891466,0.1934621,0.9203041,-0.08201462,-0.3800751,-0.7161929,0.5795553,109.1615,-0.1006397,-0.4663882,-0.8788366,0.04320157,0.9698132,0.2209124,0.9955935,0.04214336,0.983833,0.2397068,1.01349,0.04234809,0.9577609,0.2282189,0.9854863,-0.01788671,-0.07960008,0.1072613,0.1347631,-0.01782689,-0.07223795,0.1310108,0.150665,-0.003479854,-0.07642697,0.1047886,0.1297453,-0.0181428,-0.08014558,0.1068552,0.134798,-0.01792862,-0.07239713,0.1305847,0.1503834,-0.00389531,-0.07548403,0.1023911,0.1272673,-0.01365908,-0.07455757,0.1182221,0.1404346,-0.243586,0.7637848,0.00447319,0.597728,106.5853,-0.3038373,0.9527076,0.005579637,1.923555,-0.009357639,-0.05710464,0.1125674,0.1265698,0.4055598,0.8564178,0.3193963,-0.007542607,180.8643,0.4055712,0.8564417,0.3194053,0.7102573,True,True,False,-0.1041653,0.5962061,0.1256625,0.6181449,-0.097728,-0.2318167,-0.3240354,-0.9119821,311.5614,-0.2382273,-0.5650895,-0.7898871,0.01385608,0.582469,0.1806517,0.6099976,0.01064356,0.5487199,0.2151002,0.58947,-0.03575347,0.5609735,0.1693438,0.5870664,0.05513183,-0.06031244,0.1120699,0.1386967,0.0169396,-0.07402918,0.143291,0.1621714,0.009078474,-0.05312208,0.07669552,0.09373674,0.05530776,-0.0602735,0.1120035,0.1386962,0.01695579,-0.07405264,0.1432416,0.1621403,0.009071526,-0.05313866,0.07671748,0.09376343,0.02291774,-0.06207725,0.108179,0.1268128,-0.888413,-0.1086488,0.4292682,0.121023,166.0977,-0.8949915,-0.1094533,0.4324468,14.76945,0,0,0,0,0,0,0,0,0,1,0,0,0.3650697,False,True,False,0.0536605,0.9716597,0.2416549,1.002696,0.7307565,0.2474524,0.2726543,0.5748233,109.8255,0.8930423,0.3024064,0.3332052,-0.003660496,0.02834034,0.05834508,0.06496709,0.1294977,0.03850868,0.2407487,0.9611387,32.05111,0.4690821,0.1394908,0.8720691,0.02792473,1.107304,-0.03952568,1.108361,0.005278077,0.06865248,-0.0317408,0.9971216,8.69651,0.06961459,0.9054841,-0.4186416,False
1773055719050,9.790159,0.1375531,0.8879406,0.1928165,0.9189872,-0.07868734,-0.3797272,-0.71813,0.577845,109.4018,-0.09641325,-0.4652685,-0.8799033,0.04313405,0.9686292,0.2202578,0.994292,0.04195332,0.9826607,0.2391577,1.012215,0.04190621,0.9568568,0.2277863,0.9844885,-0.01780218,-0.07952358,0.107309,0.1347447,-0.01780102,-0.07218872,0.1311748,0.150781,-0.0033799,-0.07651013,0.1053737,0.1302645,-0.01807098,-0.08001358,0.1069513,0.1347862,-0.0179018,-0.07235329,0.1307091,0.1504671,-0.003786876,-0.07570138,0.1030243,0.1279025,-0.0136695,-0.07458572,0.1185647,0.140739,-0.2313309,0.7574596,-0.001965055,0.610522,104.7455,-0.2920848,0.9563892,-0.002481133,1.903903,-0.009367448,-0.05713119,0.1128908,0.1268702,0.4091044,0.8519065,0.3269312,0.002400305,179.7249,0.4091054,0.8519088,0.326932,0.6907387,True,True,False,-0.1041424,0.596256,0.1257727,0.6182116,-0.09801391,-0.231965,-0.3240512,-0.9119081,311.5408,-0.2388286,-0.5652245,-0.7896093,0.01388802,0.5824578,0.1807292,0.6100107,0.0107007,0.5487239,0.2151386,0.5894887,-0.03571247,0.5610078,0.169404,0.587114,0.05508494,-0.06031888,0.1120906,0.1386976,0.01692978,-0.07402502,0.1432919,0.1621693,0.00908111,-0.05311645,0.07669333,0.09373201,0.05526091,-0.06028304,0.1120218,0.1386964,0.01695033,-0.07404684,0.1432522,0.1621464,0.009073538,-0.053134,0.07671241,0.09375683,0.02289199,-0.06207463,0.108178,0.1268061,-0.8886071,-0.1085174,0.428892,0.1210501,166.0946,-0.8951899,-0.1093213,0.4320692,14.75583,0,0,0,0,0,0,0,0,0,1,0,0,0.3650865,False,True,False,0.0532731,0.970561,0.2411111,1.00148,0.7276283,0.2349441,0.2744141,0.5831426,108.6562,0.8956861,0.2892084,0.3377945,-0.003273103,0.02943897,0.05888894,0.06591869,0.1309863,0.04917354,0.2512886,0.9577467,33.43022,0.4554253,0.1709711,0.8737035,0.02961829,1.10707,-0.03956142,1.108173,0.005546634,0.07170197,-0.03372351,0.9968404,9.111648,0.06982999,0.9027002,-0.424566,False
1773055719064,9.80421,0.1374532,0.8870193,0.192278,0.9179692,-0.07698163,-0.3806812,-0.7188595,0.5765386,109.5851,-0.09421669,-0.4659102,-0.8798016,0.04303941,0.9677751,0.2194592,0.9932791,0.04174852,0.9818808,0.2383752,1.011264,0.0415317,0.9562561,0.2272017,0.9837536,-0.01772986,-0.07944447,0.1073568,0.1347266,-0.01778417,-0.07214744,0.1313038,0.1508716,-0.003305708,-0.07654736,0.1058468,0.1306674,-0.01799923,-0.07989313,0.1070369,0.1347731,-0.01787713,-0.07231009,0.1308342,0.1505521,-0.00368586,-0.07588016,0.1036232,0.128488,-0.01367994,-0.07460386,0.1188792,0.1410147,-0.2203808,0.75056,-0.00762971,0.6229237,102.9401,-0.281715,0.9594486,-0.009753137,1.888876,-0.009377293,-0.05714833,0.1131876,0.1271428,0.4115369,0.8479786,0.3338238,0.01149988,178.6822,0.411564,0.8480344,0.3338458,0.6550246,True,True,False,-0.1041964,0.5961906,0.1258475,0.6181729,-0.09824125,-0.2322015,-0.3240689,-0.9118171,311.5154,-0.2392647,-0.5655224,-0.7892637,0.01385359,0.5823333,0.1807525,0.6098979,0.01068951,0.5486344,0.2151336,0.5894035,-0.03573626,0.5609313,0.1694279,0.5870492,0.05503289,-0.06033997,0.1121078,0.1387,0.01691653,-0.07401707,0.1432892,0.1621619,0.009081663,-0.05311777,0.07669577,0.09373482,0.05521307,-0.06029497,0.1120398,0.1386971,0.01694325,-0.07404061,0.1432599,0.1621496,0.009075239,-0.0531306,0.07670892,0.09375222,0.02286595,-0.06207284,0.1081765,0.1267992,-0.8887991,-0.1083656,0.4285236,0.1210814,166.091,-0.8953868,-0.1091688,0.4316998,14.74112,0,0,0,0,0,0,0,0,0,1,0,0,0.3654014,False,True,False,0.0529362,0.969493,0.2406204,1.000309,0.7238447,0.2232936,0.2755055,0.5918493,107.4233,0.8980162,0.2770225,0.3417976,-0.002936196,0.03050697,0.05937956,0.06682236,0.1336221,0.05944403,0.2613541,0.9540994,34.85396,0.4461654,0.1984841,0.8726636,0.03117795,1.106854,-0.03955257,1.107999,0.0059748,0.07510836,-0.03609979,0.9965038,9.584965,0.07151413,0.8989939,-0.4320889,False
1773055719078,9.817784,0.1373786,0.8860914,0.1917581,0.9169525,-0.0753338,-0.3815449,-0.7195687,0.5752993,109.7588,-0.09210153,-0.4664688,-0.8797296,0.04297368,0.9669079,0.2187071,0.9922653,0.04157256,0.9810929,0.2376469,1.010321,0.04113398,0.9556855,0.2267162,0.9830702,-0.01765873,-0.07936396,0.1074049,0.1347081,-0.01776789,-0.07210518,0.1314438,0.1509713,-0.003217987,-0.07660854,0.1064086,0.1311564,-0.01792954,-0.07978418,0.1071125,0.1347593,-0.01785484,-0.07226825,0.130959,0.1506378,-0.003590256,-0.07602996,0.1041994,0.1290386,-0.01369127,-0.07461608,0.1191699,0.1412674,-0.21048,0.7430481,-0.01268426,0.635151,101.1376,-0.2725056,0.9620143,-0.01642214,1.877778,-0.009388006,-0.05715989,0.1134621,0.1273932,0.4131426,0.8443714,0.3404965,0.0203348,177.6696,0.4132278,0.8445456,0.3405667,0.6476762,True,True,False,-0.1042528,0.5961196,0.1259245,0.6181296,-0.0984939,-0.2324662,-0.3240835,-0.9117172,311.4875,-0.2397505,-0.5658615,-0.7888733,0.01382091,0.5821994,0.1807689,0.6097742,0.0106804,0.5485357,0.2151202,0.5893065,-0.03575882,0.5608472,0.1694486,0.5869762,0.05497988,-0.06036247,0.1121251,0.1387028,0.01690208,-0.07400879,0.1432848,0.1621528,0.009082042,-0.0531197,0.07669921,0.09373876,0.05516546,-0.06030873,0.1120572,0.1386982,0.01693486,-0.07403412,0.143265,0.1621503,0.009076625,-0.05312838,0.07670694,0.09374948,0.02284025,-0.0620718,0.1081746,0.1267924,-0.8889847,-0.1081992,0.4281706,0.121116,166.087,-0.8955777,-0.1090017,0.431346,14.72579,0,0,0,0,0,0,0,0,0,1,0,0,0.3658077,False,True,False,0.05260877,0.9688316,0.2399589,0.9994912,0.7188783,0.2143756,0.275581,0.6010925,106.1036,0.8995205,0.2682446,0.3448299,-0.002608772,0.0311684,0.06004108,0.06769939,0.1386129,0.06862262,0.2695631,0.9504805,36.21299,0.4460103,0.2208048,0.8673645,0.03276281,1.106618,-0.03961795,1.107811,0.006627441,0.07799406,-0.0379394,0.9962096,9.98036,0.07619061,0.8966379,-0.4361601,False
1773055719091,9.831768,0.1370114,0.8851017,0.191802,0.9159504,-0.07422635,-0.3825119,-0.7195905,0.5747735,109.8325,-0.0907066,-0.4674399,-0.879359,0.04252301,0.9658148,0.2185869,0.9911543,0.04104061,0.9801398,0.2374523,1.009327,0.04060007,0.9547251,0.2265109,0.982067,-0.01750889,-0.07927283,0.1074457,0.1346674,-0.01776195,-0.07207218,0.131534,0.1510334,-0.003201594,-0.0766208,0.1064995,0.131237,-0.01784139,-0.07967643,0.1071826,0.1347396,-0.01783543,-0.07222725,0.1310795,0.1507207,-0.003508929,-0.07615434,0.104687,0.1295035,-0.0136976,-0.07461558,0.1194326,0.1414894,-0.2019903,0.7365878,-0.01721736,0.6452456,99.63181,-0.2643938,0.9641515,-0.02253654,1.865953,-0.009393993,-0.05715939,0.1137101,0.1276144,0.4144072,0.8416212,0.34528,0.02689239,176.918,0.4145569,0.8419253,0.3454047,0.5637245,True,True,False,-0.1042891,0.596115,0.1260147,0.6181497,-0.09872952,-0.2324841,-0.3242298,-0.9116352,311.4646,-0.2402176,-0.5656543,-0.7888797,0.01377915,0.5821456,0.1808641,0.6097501,0.01065227,0.5485073,0.2151706,0.589298,-0.035767,0.5608213,0.169508,0.5869691,0.05492112,-0.06037746,0.112149,0.1387053,0.01688324,-0.07399828,0.1432809,0.1621425,0.009081229,-0.05313805,0.07670615,0.09375475,0.05511438,-0.06032308,0.1120764,0.1386996,0.01692409,-0.07402664,0.1432683,0.1621487,0.009077585,-0.0531304,0.07670677,0.09375058,0.02281297,-0.06207219,0.1081728,0.1267862,-0.889178,-0.1080373,0.4278091,0.1211191,166.0866,-0.8957727,-0.1088386,0.4309821,14.70867,0,0,0,0,0,0,0,0,0,1,0,0,0.3663154,False,True,False,0.05232582,0.9681419,0.2393266,0.9986561,0.7138168,0.2063739,0.2752776,0.609998,104.8213,0.9008255,0.2604406,0.3473959,-0.002325822,0.03185809,0.0606734,0.06856827,0.1439166,0.07707802,0.2770755,0.9468771,37.51891,0.4475079,0.2396736,0.8615646,0.0342247,1.106453,-0.03963744,1.107691,0.007323198,0.08086228,-0.03984139,0.9959018,10.37802,0.08097166,0.8940838,-0.4405212,False
1773055719108,9.848374,0.1366581,0.8840402,0.1918167,0.914875,-0.07308497,-0.3834691,-0.7196267,0.5742363,109.9077,-0.08927067,-0.4683938,-0.8789983,0.04208555,0.964644,0.2184413,0.9899625,0.04052155,0.9791145,0.2372279,1.008258,0.04007878,0.9536934,0.2262772,0.9809887,-0.01735262,-0.07917973,0.1074859,0.1346245,-0.01775813,-0.07203992,0.1316244,0.1510963,-0.003185295,-0.07663288,0.1065934,0.1313199,-0.01772435,-0.07955692,0.1072554,0.1347115,-0.01781698,-0.0721825,0.13121,0.1508106,-0.003431546,-0.07626938,0.1051487,0.1299425,-0.01370075,-0.07460281,0.1197036,0.1417118,-0.1937629,0.7304438,-0.0217484,0.6545494,98.22902,-0.2562936,0.9661708,-0.02876699,1.851713,-0.009396962,-0.05714733,0.1139658,0.1278371,0.4155831,0.8392304,0.3491907,0.03240146,176.2864,0.4158012,0.8396708,0.349374,0.4982747,True,True,False,-0.1043261,0.5961099,0.1261075,0.61817,-0.09897577,-0.2324853,-0.3243896,-0.9115513,311.4413,-0.2407078,-0.5654013,-0.7889115,0.01373512,0.5820904,0.1809655,0.6097265,0.01062008,0.5484768,0.2152241,0.5892885,-0.03577454,0.5607926,0.1695706,0.5869603,0.05486089,-0.06039248,0.1121738,0.1387081,0.01686286,-0.07398716,0.1432755,0.1621305,0.009080195,-0.05315903,0.07671431,0.09377322,0.05505382,-0.06033964,0.1120996,0.1387015,0.01690949,-0.07401723,0.14327,0.1621443,0.009078207,-0.05313722,0.07670857,0.09375598,0.02278094,-0.06207415,0.1081712,0.12678,-0.8894011,-0.1078625,0.4273981,0.1210884,166.0901,-0.895994,-0.108662,0.4305663,14.68771,0,0,0,0,0,0,0,0,0,1,0,0,0.3663073,False,True,False,0.05171378,0.9673052,0.2392606,0.9977973,0.7097427,0.2008802,0.2751514,0.616607,103.8624,0.9015226,0.2551601,0.3495001,-0.001713779,0.03269476,0.0607394,0.06900115,0.1481144,0.08338342,0.282162,0.9441896,38.46502,0.4496458,0.2531354,0.8565876,0.03571486,1.106287,-0.0396238,1.107572,0.008146205,0.08349314,-0.04177197,0.9955992,10.75463,0.08692617,0.8909349,-0.4457385,False
1773055719119,9.859813,0.1364438,0.8831186,0.192267,0.914047,-0.07221427,-0.3842247,-0.7198511,0.5735599,110.0023,-0.08815611,-0.4690452,-0.8787636,0.04185514,0.9636859,0.2187811,0.9890943,0.04022024,0.9782758,0.2374659,1.007488,0.03975852,0.9528531,0.2265169,0.9802141,-0.01721125,-0.07908741,0.1075314,0.1345884,-0.01775992,-0.07202742,0.1316878,0.1511457,-0.003171369,-0.07665332,0.1066705,0.131394,-0.01763288,-0.07947282,0.1073047,0.1346891,-0.01780684,-0.07215492,0.1312952,0.1508703,-0.003385247,-0.07633808,0.1054234,0.1302039,-0.01370067,-0.07458908,0.1198787,0.1418525,-0.188605,0.7268962,-0.02462544,0.6598815,97.41833,-0.2510149,0.9674281,-0.03277406,1.840583,-0.009396865,-0.0571344,0.1141311,0.1279787,0.4163929,0.83781,0.3513323,0.03546786,175.9348,0.4166548,0.8383371,0.3515534,0.468798,True,True,False,-0.1043637,0.5961044,0.1262027,0.6181904,-0.0992324,-0.2324706,-0.3245628,-0.9114655,311.4173,-0.2412204,-0.5651043,-0.788968,0.01368893,0.5820339,0.181073,0.6097035,0.01058415,0.5484442,0.2152809,0.5892783,-0.03578135,0.5607609,0.1696365,0.5869494,0.0547991,-0.06040759,0.1121996,0.1387111,0.01684097,-0.07397544,0.1432689,0.1621171,0.009078821,-0.05318267,0.07672385,0.0937943,0.05500853,-0.0603517,0.1121174,0.1387032,0.01689733,-0.07400981,0.1432698,0.1621395,0.009078316,-0.05314529,0.07671128,0.09376278,0.02275719,-0.0620766,0.1081702,0.1267761,-0.8895637,-0.1077433,0.4271023,0.1210426,166.0954,-0.896153,-0.1085414,0.430266,14.67159,0,0,0,0,0,0,0,0,0,1,0,0,0.3673972,False,True,False,0.05112037,0.9663966,0.2391776,0.9968659,0.7063032,0.1959474,0.2752291,0.6220846,103.063,0.9021052,0.2502681,0.3515283,-0.00112037,0.03360343,0.06082237,0.0694968,0.1513911,0.08891271,0.286559,0.9418382,39.27483,0.4504795,0.2645687,0.8526852,0.03698106,1.105997,-0.03969119,1.107327,0.008609568,0.08636776,-0.04314821,0.9952913,11.12472,0.08882339,0.8910409,-0.4451525,False
1773055719133,9.873358,0.1362378,0.8821378,0.192693,0.9131585,-0.0712848,-0.3850064,-0.720102,0.5728366,110.1035,-0.08696772,-0.4697093,-0.878527,0.04163336,0.9626727,0.2190862,0.9881653,0.03992442,0.9773806,0.2376633,1.006653,0.03944442,0.9519573,0.2267192,0.9793774,-0.01707005,-0.07899407,0.1075772,0.1345522,-0.01776433,-0.07201841,0.1317472,0.1511938,-0.003157947,-0.07667477,0.1067474,0.1314686,-0.01751783,-0.07937454,0.1073605,0.1346606,-0.01779818,-0.0721271,0.1313877,0.1509364,-0.00333887,-0.07640713,0.1056973,0.130465,-0.01369902,-0.07456911,0.1200695,0.1420032,-0.1831299,0.7235305,-0.02767574,0.6649821,96.6381,-0.2452,0.9687642,-0.03705616,1.826364,-0.009395317,-0.05711554,0.1143113,0.1281309,0.4173335,0.8363814,0.3533148,0.03832404,175.6073,0.4176401,0.8369958,0.3535743,0.4429096,True,True,False,-0.1043325,0.59604,0.1262786,0.6181386,-0.0994513,-0.2326212,-0.324778,-0.9113265,311.3787,-0.2415719,-0.5650477,-0.788901,0.01373981,0.5819757,0.1811175,0.6096622,0.01065698,0.5483942,0.2153107,0.589244,-0.03569344,0.5606769,0.1696684,0.5868731,0.05476905,-0.06040769,0.1122194,0.1387153,0.01682295,-0.07395247,0.1432828,0.162117,0.009075385,-0.05321931,0.07673791,0.09382625,0.05495971,-0.0603631,0.1121381,0.1387056,0.0168822,-0.07399815,0.1432725,0.1621349,0.00907772,-0.05316034,0.0767167,0.09377568,0.02273147,-0.06208044,0.1081725,0.1267753,-0.8897382,-0.107612,0.4268069,0.1209194,166.1097,-0.8963151,-0.1084075,0.4299619,14.65426,0,0,0,0,0,0,0,0,0,1,0,0,0.3662304,False,True,False,0.05077291,0.9656188,0.2395189,0.9961761,0.7043725,0.1925369,0.275465,0.6252264,102.6024,0.9025285,0.2467019,0.3529596,-0.0007729121,0.03438121,0.06048107,0.0695746,0.1529428,0.09242885,0.2894476,0.9403646,39.77425,0.4496092,0.2717151,0.8508953,0.03833228,1.105961,-0.03962956,1.107335,0.01025045,0.08901943,-0.04468396,0.9949743,11.49344,0.1023704,0.8890297,-0.4462551,False
1773055719147,9.887253,0.1360394,0.8811064,0.1930967,0.912218,-0.070265,-0.3858417,-0.7203869,0.5720417,110.2145,-0.08566556,-0.4704098,-0.8782801,0.04141803,0.9616128,0.2193503,0.9871825,0.03963079,0.9764389,0.2378126,1.005763,0.03913379,0.951016,0.2268766,0.9784865,-0.01692725,-0.07889961,0.1076236,0.1345159,-0.01777116,-0.07201301,0.131803,0.1512406,-0.0031449,-0.07669739,0.1068242,0.1315439,-0.01739461,-0.07927508,0.1074155,0.1346299,-0.01779257,-0.07210337,0.1314743,0.1509999,-0.003298486,-0.07646785,0.1059351,0.1306922,-0.01369649,-0.07454614,0.1202512,0.1421445,-0.1780085,0.7207916,-0.03049727,0.6692102,95.98773,-0.2395571,0.9700143,-0.04104208,1.810865,-0.00939291,-0.05709384,0.1144827,0.128274,0.418295,0.8350997,0.3549437,0.0406664,175.3387,0.4186411,0.8357907,0.3552374,0.424272,True,True,False,-0.104298,0.5959719,0.1263555,0.6180827,-0.09972778,-0.2328146,-0.3250641,-0.911145,311.3281,-0.2420072,-0.564966,-0.7888259,0.01380329,0.5819265,0.1811467,0.6096253,0.01074962,0.5483468,0.2153238,0.5892063,-0.03558978,0.5605907,0.169689,0.5867903,0.05474157,-0.06040606,0.1122392,0.1387197,0.01680423,-0.07392766,0.143298,0.1621173,0.009071481,-0.05325967,0.07675356,0.09386156,0.05491432,-0.06037202,0.1121591,0.1387084,0.01686601,-0.07398351,0.1432778,0.1621312,0.009076425,-0.05318096,0.07672435,0.09379351,0.02270746,-0.06208526,0.1081779,0.126778,-0.8898991,-0.1074877,0.4265569,0.1207283,166.1317,-0.8964561,-0.1082797,0.4296999,14.63819,0,0,0,0,0,0,0,0,0,1,0,0,0.3651548,False,True,False,0.05043013,0.9647923,0.2398397,0.9954348,0.702583,0.1890181,0.2758491,0.6281375,102.1743,0.9029441,0.2429218,0.3545151,-0.0004301332,0.03520775,0.06016026,0.06970673,0.1541694,0.09594467,0.2923216,0.938922,40.25738,0.4479976,0.2788036,0.8494513,0.03961906,1.105671,-0.03964468,1.10709,0.01107508,0.09193684,-0.04586842,0.9946462,11.86296,0.1071723,0.8896626,-0.4438636,False
1773055719161,9.90119,0.1357971,0.880706,0.1934922,0.9118789,-0.0687077,-0.387132,-0.721105,0.5704522,110.4365,-0.08365412,-0.4713472,-0.8779714,0.0411829,0.9611877,0.2194933,0.9867903,0.03930926,0.9762074,0.2377435,1.005509,0.03878243,0.9508036,0.2268246,0.978254,-0.01666163,-0.07878677,0.1076511,0.1344386,-0.01777627,-0.07203295,0.1318178,0.1512636,-0.003132887,-0.07674305,0.1068834,0.1316183,-0.01724127,-0.0791726,0.1074648,0.1345892,-0.01778917,-0.07208869,0.1315462,0.151055,-0.00326393,-0.07652553,0.1061356,0.1308877,-0.01369227,-0.07452162,0.1204291,0.1422818,-0.1731351,0.7187067,-0.03313735,0.6725971,95.46435,-0.2339635,0.9712137,-0.04477967,1.790605,-0.009388939,-0.05707071,0.1146507,0.1284134,0.4193219,0.8339219,0.356276,0.04256551,175.1209,0.419702,0.8346779,0.356599,0.4102026,True,True,False,-0.1042547,0.5959034,0.1263959,0.6180177,-0.09997466,-0.2328586,-0.3252283,-0.9110481,311.3012,-0.2424803,-0.5647794,-0.7888143,0.01385181,0.5818235,0.1811731,0.6095361,0.01081105,0.5482672,0.2153355,0.5891377,-0.03549086,0.5604699,0.1696917,0.5866697,0.05469931,-0.06042043,0.1122553,0.1387224,0.01678641,-0.07390478,0.1433123,0.1621176,0.009065688,-0.05331966,0.07677171,0.0939099,0.05486948,-0.0603821,0.1121792,0.1387113,0.01684944,-0.07396713,0.143285,0.1621284,0.009074191,-0.05320983,0.07673421,0.09381773,0.02268394,-0.06209343,0.1081857,0.1267845,-0.8900513,-0.1073485,0.4263474,0.1204699,166.1615,-0.8965812,-0.108136,0.4294753,14.62201,0,0,0,0,0,0,0,0,0,1,0,0,0.3649787,False,True,False,0.05009381,0.9639124,0.2401154,0.9946315,0.7010672,0.1856269,0.2764643,0.6305672,101.816,0.9032804,0.2391684,0.3562066,-9.380654E-05,0.03608763,0.05988456,0.06991772,0.1548999,0.09927634,0.2949292,0.9376391,40.68243,0.4456138,0.2855967,0.8484481,0.04087408,1.105429,-0.03963771,1.106894,0.01199281,0.09421154,-0.04595059,0.9944189,12.11243,0.1136715,0.892966,-0.4355338,False
1773055719174,9.915011,0.135582,0.8803028,0.1938395,0.9115313,-0.06693608,-0.3885743,-0.7219333,0.5686316,110.6903,-0.08137212,-0.4723778,-0.877632,0.04098151,0.960795,0.2195225,0.9864059,0.03901216,0.9759928,0.2375588,1.005245,0.03842204,0.9506341,0.2266827,0.9780421,-0.0164107,-0.07867662,0.1076798,0.1343662,-0.01778309,-0.0720591,0.1318243,0.1512825,-0.003114379,-0.07681296,0.106984,0.1317403,-0.01706859,-0.07906921,0.1075095,0.1345421,-0.01778791,-0.07208256,0.1316039,0.1511023,-0.00323293,-0.07658537,0.1063138,0.1310664,-0.0136877,-0.07449918,0.1206019,0.1424159,-0.1682516,0.7169875,-0.03574287,0.6755314,95.00913,-0.22819,0.972409,-0.048476,1.76707,-0.009384638,-0.05704954,0.1148138,0.1285494,0.4204477,0.8327454,0.3574905,0.04427755,174.9245,0.4208602,0.8335625,0.3578412,0.4089456,True,True,False,-0.1042082,0.5958319,0.1264349,0.6179489,-0.1002238,-0.2328929,-0.3253946,-0.9109526,311.2747,-0.2429603,-0.5645736,-0.7888141,0.01390278,0.5817167,0.1811993,0.6094429,0.01087361,0.5481843,0.2153486,0.5890665,-0.03538621,0.5603411,0.1696937,0.5865409,0.05465724,-0.06043539,0.112271,0.138725,0.01676817,-0.07388061,0.1433276,0.1621182,0.009059239,-0.05338523,0.07679158,0.09396275,0.05482551,-0.06039312,0.1121981,0.1387141,0.01683264,-0.07394924,0.1432938,0.1621263,0.009071101,-0.05324609,0.07674606,0.09384769,0.02266108,-0.06210463,0.1081957,0.1267944,-0.8901941,-0.107197,0.4261773,0.120151,166.1984,-0.89669,-0.1079793,0.4292871,14.60582,0,0,0,0,0,0,0,0,0,1,0,0,0.3648539,False,True,False,0.04971986,0.9637514,0.2402271,0.9944838,0.6996975,0.1813378,0.2775802,0.6328422,101.4797,0.9036741,0.2342017,0.3585007,0.0002801456,0.03624856,0.05977286,0.06990588,0.1548984,0.1031949,0.2979946,0.936246,41.13923,0.4408723,0.2937138,0.8481534,0.041713,1.105112,-0.03970937,1.106612,0.01299451,0.09709787,-0.04609629,0.9941218,12.43085,0.1200229,0.8968377,-0.4257652,False
1773055719188,9.928892,0.135371,0.8798661,0.1941769,0.91115,-0.0650751,-0.3900652,-0.7228122,0.5667072,110.9582,-0.07898238,-0.4734264,-0.8772852,0.04079099,0.960395,0.2195104,0.9860057,0.03872201,0.975752,0.237334,1.004947,0.03804623,0.9504561,0.2265182,0.9778164,-0.01617897,-0.07857018,0.1077103,0.1343002,-0.01779168,-0.07209112,0.1318225,0.1512972,-0.00309201,-0.07689923,0.1071104,0.1318927,-0.01688292,-0.07896485,0.1075514,0.1344908,-0.0177887,-0.07208434,0.1316495,0.1511429,-0.003203623,-0.07665091,0.1064815,0.13124,-0.01368353,-0.07448074,0.1207702,0.1425484,-0.1631262,0.7154251,-0.03843923,0.6782914,94.57946,-0.2220029,0.9736417,-0.052313,1.74119,-0.00938072,-0.05703212,0.1149727,0.1286833,0.4217027,0.8315003,0.3586964,0.04595786,174.7318,0.4221485,0.8323794,0.3590756,0.4124872,True,True,False,-0.1041586,0.5957577,0.1264727,0.6178766,-0.100479,-0.2329183,-0.3255654,-0.9108568,311.2481,-0.2434544,-0.5643463,-0.7888243,0.0139565,0.581606,0.1812248,0.6093462,0.0109378,0.5480978,0.2153623,0.5889922,-0.03527576,0.5602047,0.1696944,0.5864043,0.05461538,-0.06045102,0.1122863,0.1387277,0.01674943,-0.07385538,0.1433438,0.1621191,0.009052187,-0.05345617,0.07681315,0.09402002,0.05478182,-0.06040514,0.1122164,0.1387168,0.01681537,-0.07392976,0.1433042,0.1621248,0.009067178,-0.05328969,0.07675998,0.09388343,0.02263856,-0.0621188,0.1082077,0.1268076,-0.8903298,-0.107033,0.4260418,0.1197719,166.2421,-0.8967853,-0.1078091,0.4291309,14.58945,0,0,0,0,0,0,0,0,0,1,0,0,0.3647446,False,True,False,0.04936556,0.9636047,0.2402341,0.9943256,0.6983907,0.176714,0.2789493,0.6349881,101.1618,0.90404,0.2287495,0.3610891,0.000634443,0.03639531,0.05976591,0.06997846,0.154542,0.1073487,0.3011798,0.9348176,41.60262,0.4351722,0.3022815,0.8480872,0.04283648,1.104918,-0.03969407,1.10646,0.0143125,0.09933679,-0.0465396,0.9938619,12.70301,0.1293753,0.8979372,-0.4206864,False
1773055719202,9.942942,0.1352803,0.8797686,0.1942846,0.9110653,-0.06386143,-0.3913151,-0.7241427,0.5642797,111.2954,-0.07735307,-0.473986,-0.8771282,0.04088582,0.9605968,0.2192569,0.9861498,0.03873255,0.9760317,0.2369438,1.005127,0.03771915,0.9509055,0.2262945,0.9781888,-0.01606633,-0.07850715,0.1077474,0.1342796,-0.01779443,-0.07214768,0.1318346,0.151335,-0.003016303,-0.07714403,0.1074716,0.1323271,-0.01671081,-0.07886824,0.1075927,0.1344457,-0.0177899,-0.07209763,0.1316884,0.1511833,-0.003164293,-0.07675487,0.106692,0.1314705,-0.01367942,-0.07448433,0.1209317,0.1426868,-0.1566351,0.7129107,-0.04202109,0.6822448,93.96138,-0.2142389,0.975089,-0.05747466,1.717552,-0.009376807,-0.05703549,0.1151251,0.1288207,0.4232078,0.8298815,0.3603494,0.04838465,174.4534,0.4237039,0.8308542,0.3607718,0.4191401,True,True,False,-0.1041458,0.5956492,0.1264988,0.6177753,-0.1004955,-0.2328812,-0.3256788,-0.9108241,311.239,-0.2434514,-0.5641572,-0.7889604,0.01396357,0.581494,0.1812722,0.6092536,0.01094028,0.5480067,0.2154029,0.5889223,-0.0352352,0.5600717,0.1697135,0.5862802,0.05459052,-0.06046085,0.1122985,0.1387321,0.01673598,-0.07384004,0.1433477,0.1621142,0.009048205,-0.05350003,0.07681943,0.09404971,0.05474167,-0.06041682,0.1122336,0.13872,0.01679874,-0.07391097,0.1433133,0.1621226,0.009063206,-0.05333376,0.07677243,0.09391825,0.02261777,-0.06213323,0.1082184,0.1268201,-0.8904574,-0.1068792,0.4259212,0.119389,166.2863,-0.8968722,-0.1076492,0.4289895,14.57431,0,0,0,0,0,0,0,0,0,1,0,0,0.3639991,False,True,False,0.04901414,0.9634314,0.2402065,0.9941335,0.6970944,0.1718209,0.2804383,0.637096,100.8488,0.9043961,0.2229169,0.363835,0.0009858571,0.03656864,0.05979352,0.07009638,0.153997,0.1116735,0.3045038,0.9333228,42.08231,0.4289151,0.3110349,0.8481093,0.04379551,1.104534,-0.0396843,1.106114,0.01567915,0.1013688,-0.04684233,0.9936218,12.94932,0.1390444,0.8989494,-0.4154027,False
1773055719217,9.957148,0.1352016,0.8796673,0.1943771,0.9109756,-0.06264821,-0.3925467,-0.7254826,0.561834,111.6346,-0.07573067,-0.47452,-0.876981,0.04099613,0.9607937,0.2189925,0.9862874,0.03874378,0.9762379,0.2364298,1.005207,0.03742935,0.9513459,0.2260455,0.9785482,-0.01594987,-0.07844573,0.1077831,0.1342585,-0.01779451,-0.07227711,0.1317235,0.1513001,-0.00294494,-0.07737664,0.1078115,0.1327371,-0.01654898,-0.0787783,0.1076331,0.1344053,-0.01779087,-0.07213558,0.1316959,0.151208,-0.003117833,-0.07688711,0.106932,0.1317414,-0.01367083,-0.07451502,0.1210631,0.1428134,-0.1490067,0.7096532,-0.04615628,0.6870655,93.20348,-0.2050752,0.9766827,-0.06352404,1.694042,-0.009368709,-0.05706448,0.1152492,0.1289438,0.4249434,0.8279006,0.3624374,0.05141968,174.1051,0.4255061,0.8289968,0.3629173,0.4335927,True,True,False,-0.1041324,0.5955368,0.1265231,0.6176696,-0.1004909,-0.23283,-0.3257896,-0.910798,311.2317,-0.2434064,-0.5639545,-0.7891188,0.01396988,0.5813808,0.1813221,0.6091605,0.01093946,0.547914,0.2154474,0.5888523,-0.03519555,0.5599349,0.1697342,0.5861531,0.05456777,-0.06047056,0.1123099,0.1387366,0.01672277,-0.07382494,0.1433508,0.1621086,0.009044074,-0.05354515,0.07682521,0.0940797,0.05470485,-0.06042818,0.1122498,0.1387234,0.01678268,-0.07389279,0.1433212,0.1621196,0.009059165,-0.05337845,0.07678358,0.09395236,0.02259864,-0.06214797,0.1082279,0.126832,-0.8905771,-0.1067351,0.4258155,0.1190014,166.3311,-0.8969508,-0.107499,0.428863,14.5603,0,0,0,0,0,0,0,0,0,1,0,0,0.3639477,False,True,False,0.04895312,0.9637523,0.2399913,0.9943897,0.6956598,0.1659011,0.2809106,0.6400185,100.4136,0.9053832,0.215916,0.3655978,0.001046885,0.03624767,0.06000867,0.07011441,0.1540898,0.1160333,0.3092381,0.9312167,42.74944,0.4227825,0.3183653,0.848469,0.04485287,1.104273,-0.03967774,1.105895,0.0167496,0.1038403,-0.04755279,0.9933153,13.25713,0.1451032,0.8995777,-0.4119539,False
1773055719233,9.973603,0.1351665,0.8796098,0.1945399,0.9109496,-0.06192443,-0.3933172,-0.7267518,0.5597311,111.9256,-0.07472708,-0.4746341,-0.8770052,0.04117581,0.9610181,0.2189445,0.9865029,0.0388261,0.9766749,0.2364241,1.005633,0.03726394,0.9517917,0.2259978,0.9789643,-0.01583555,-0.07838903,0.1078155,0.1342378,-0.01779138,-0.07229464,0.1319652,0.1515186,-0.002881723,-0.07758313,0.1081048,0.1330943,-0.01637895,-0.07868547,0.1076765,0.1343648,-0.01779099,-0.07217328,0.1317599,0.1512818,-0.003061786,-0.077053,0.1072136,0.1320655,-0.01366702,-0.07455195,0.1212475,0.1429886,-0.1397817,0.7054791,-0.05111127,0.6929271,92.27548,-0.1938699,0.9784628,-0.07088867,1.674531,-0.009365099,-0.05709935,0.1154233,0.1291146,0.4269954,0.8254669,0.3650166,0.05516677,173.6751,0.4276464,0.8267254,0.3655731,0.4370141,True,True,False,-0.104039,0.5954868,0.1265299,0.6176071,-0.1006575,-0.2328666,-0.3260015,-0.9106944,311.2029,-0.2436752,-0.5637314,-0.7891955,0.01406701,0.5813206,0.181327,0.6091067,0.01105286,0.5478697,0.2154162,0.5888017,-0.03506857,0.5598683,0.1696982,0.5860715,0.05452699,-0.0604823,0.1123283,0.1387406,0.01670977,-0.07381847,0.1433451,0.1620993,0.009041465,-0.05357886,0.07681746,0.09409232,0.05466264,-0.060441,0.1122684,0.1387275,0.01676541,-0.07387518,0.1433268,0.1621148,0.009054974,-0.05342595,0.07679161,0.09398551,0.02257643,-0.06216396,0.108234,0.126841,-0.8907251,-0.1066001,0.4256529,0.1185953,166.3779,-0.897056,-0.1073578,0.4286782,14.54457,0,0,0,0,0,0,0,0,0,1,0,0,0.3630079,False,True,False,0.04889714,0.964052,0.2397342,0.9946153,0.6938797,0.159375,0.281269,0.6434426,99.90199,0.9064465,0.2081987,0.3674344,0.001102861,0.03594804,0.06026584,0.07018154,0.1544804,0.1208831,0.3145216,0.9287623,43.51462,0.4167533,0.3261152,0.8485081,0.04503017,1.104152,-0.03949516,1.105775,0.01761917,0.1038747,-0.04788456,0.9932808,13.29135,0.1522449,0.8975676,-0.4137642,False
1773055719243,9.984457,0.1351298,0.8795366,0.1947108,0.91091,-0.06123111,-0.3940442,-0.7279823,0.5576932,112.2072,-0.07376823,-0.4747251,-0.8770373,0.04134802,0.9612126,0.2189194,0.986694,0.03891341,0.9770677,0.2364158,1.006016,0.03711515,0.9522039,0.2259637,0.9793515,-0.01571836,-0.07833415,0.107846,0.1342165,-0.01779184,-0.07231722,0.132173,0.1517104,-0.002823545,-0.07777652,0.1083792,0.1334287,-0.01626591,-0.07862534,0.1077054,0.1343391,-0.01779114,-0.07219774,0.1318304,0.1513548,-0.003021205,-0.07717682,0.1074147,0.1323,-0.0136672,-0.07457917,0.121392,0.1431253,-0.1330607,0.7022839,-0.0547144,0.6972076,91.59321,-0.1856137,0.9796543,-0.07632411,1.664322,-0.009365286,-0.05712503,0.1155596,0.1292479,0.4284934,0.823632,0.3669605,0.05800673,173.3492,0.4292159,0.8250208,0.3675793,0.4487816,True,True,False,-0.1039404,0.5954369,0.1265343,0.6175433,-0.1008271,-0.2329019,-0.3262233,-0.9105873,311.1732,-0.2439461,-0.5634947,-0.7892812,0.01416939,0.5812616,0.18133,0.6090537,0.01117227,0.5478258,0.2153803,0.58875,-0.03493696,0.5598031,0.1696577,0.5859897,0.05448572,-0.06049412,0.112347,0.1387447,0.01669692,-0.0738133,0.1433378,0.1620892,0.009038962,-0.05361215,0.07680755,0.09410295,0.05463252,-0.06045003,0.1122817,0.1387303,0.01675377,-0.07386467,0.1433287,0.1621104,0.009052254,-0.05345761,0.07679432,0.09400546,0.0225604,-0.06217485,0.1082353,0.1268446,-0.8908377,-0.1065232,0.4255106,0.1183288,166.4087,-0.8971406,-0.1072768,0.4285211,14.53356,0,0,0,0,0,0,0,0,0,1,0,0,0.3636301,False,True,False,0.04892348,0.964415,0.2397152,0.9949639,0.6919282,0.1526251,0.2810465,0.6472664,99.32836,0.907728,0.2002261,0.3686998,0.001076523,0.03558505,0.06028484,0.07001226,0.1553698,0.1256251,0.3202832,0.9260115,44.35724,0.4115807,0.3327859,0.8484428,0.04540509,1.10415,-0.03925348,1.10578,0.01823459,0.1042618,-0.04814493,0.9932165,13.35488,0.1568167,0.8966471,-0.4140443,False
1773055719258,9.998537,0.1349843,0.8795342,0.1948954,0.9109256,-0.06037086,-0.3948359,-0.7293979,0.5553725,112.5272,-0.07259588,-0.4747897,-0.8771001,0.0414387,0.9615383,0.2188429,0.9869981,0.03895355,0.9775066,0.2363058,1.006418,0.03707505,0.9526122,0.2257859,0.979706,-0.01563519,-0.0782966,0.1078691,0.1342035,-0.01780195,-0.07234684,0.1322661,0.1518068,-0.002814306,-0.07784442,0.108417,0.1334988,-0.01613268,-0.0785559,0.1077399,0.13431,-0.01779341,-0.07222904,0.1319222,0.15145,-0.002977689,-0.07731786,0.107628,0.1325546,-0.01366896,-0.07460997,0.1215644,0.1432878,-0.1253012,0.6989518,-0.05876036,0.7016504,90.88087,-0.1758561,0.9809555,-0.08246821,1.652976,-0.009366927,-0.05715408,0.1157224,0.1294063,0.4302268,0.8216106,0.3689889,0.06090354,173.0167,0.4310267,0.8231382,0.369675,0.4271435,True,True,False,-0.1038966,0.5954103,0.1265602,0.6175155,-0.1009871,-0.2328695,-0.3264997,-0.9104787,311.1432,-0.2441921,-0.5630906,-0.7894931,0.01421326,0.5812587,0.1813719,0.6090644,0.01123023,0.5478073,0.2153775,0.588733,-0.03487063,0.5597755,0.1696473,0.5859563,0.05446254,-0.06048641,0.1123678,0.138749,0.01668331,-0.07381247,0.1433295,0.1620801,0.009037436,-0.0536322,0.07679404,0.09410319,0.05459679,-0.06045767,0.1122998,0.1387342,0.01673898,-0.07385372,0.1433289,0.1621041,0.009049146,-0.05349427,0.07679426,0.09402597,0.0225409,-0.06218685,0.1082342,0.1268461,-0.8909824,-0.1064864,0.4253057,0.1180084,166.4457,-0.897252,-0.1072357,0.4282984,14.52107,0,0,0,0,0,0,0,0,0,1,0,0,0.3628819,False,True,False,0.04897056,0.9647307,0.2396947,0.9952673,0.6904065,0.1470105,0.2808368,0.6502749,98.87534,0.9087896,0.1935115,0.3696686,0.001029443,0.03526926,0.06030531,0.06986924,0.1559552,0.1294416,0.3250562,0.9237215,45.0473,0.4071249,0.3379105,0.8485672,0.04568804,1.104043,-0.03908972,1.105679,0.01878601,0.1042855,-0.04819176,0.9932015,13.36967,0.1613808,0.8958621,-0.4139902,False
1773055719272,10.01219,0.1348002,0.879521,0.1951257,0.9109349,-0.0594935,-0.3956307,-0.7308474,0.5529909,112.8551,-0.07140471,-0.4748401,-0.8771706,0.04149863,0.9618627,0.218804,0.987308,0.03895938,0.9779495,0.2362418,1.006833,0.03699174,0.9530262,0.2256525,0.9800746,-0.01555447,-0.07826293,0.10789,0.1341912,-0.01781194,-0.07238089,0.1323686,0.1519135,-0.002802653,-0.07792334,0.108467,0.1335852,-0.01601349,-0.07849552,0.1077708,0.1342852,-0.0177972,-0.07226012,0.1320139,0.1515452,-0.00294177,-0.07744269,0.1078022,0.132768,-0.01367231,-0.07463786,0.121723,0.1434372,-0.1183868,0.6962652,-0.06225567,0.7052117,90.3067,-0.166978,0.9820428,-0.08780811,1.643591,-0.0093701,-0.05718041,0.1158721,0.1295521,0.4317861,0.819862,0.3706622,0.06322601,172.75,0.4326515,0.8215052,0.3714052,0.4138962,True,True,False,-0.1038519,0.5953852,0.1265854,0.6174889,-0.1011484,-0.2328275,-0.3267911,-0.910367,311.1122,-0.2444367,-0.5626545,-0.7897285,0.01425753,0.5812628,0.1814157,0.6090825,0.01128886,0.547791,0.2153738,0.5887175,-0.03480532,0.5597525,0.1696357,0.5859271,0.05444144,-0.06047605,0.1123892,0.1387536,0.01666971,-0.0738133,0.1433198,0.1620705,0.009036165,-0.05365007,0.0767783,0.09410042,0.05456492,-0.06046144,0.1123181,0.1387382,0.0167248,-0.07384544,0.143327,0.1620972,0.009046489,-0.0535262,0.076791,0.09404121,0.02252302,-0.06219671,0.1082306,0.1268447,-0.8911225,-0.1065076,0.4250878,0.1177173,166.4792,-0.8973617,-0.1072533,0.428064,14.5105,0,0,0,0,0,0,0,0,0,1,0,0,0.3623284,False,True,False,0.04891524,0.9651678,0.2396728,0.995683,0.6888499,0.1407226,0.2807709,0.6533381,98.41248,0.9098939,0.1858789,0.3708671,0.001084764,0.03483224,0.06032722,0.06966947,0.1562639,0.1336564,0.3302723,0.9212155,45.79115,0.4016522,0.3435431,0.8489138,0.04593552,1.103926,-0.0389993,1.10557,0.01941469,0.1041414,-0.04825474,0.9932014,13.36967,0.1667814,0.8946239,-0.4145312,False
1773055719285,10.02612,0.1346109,0.8796557,0.195392,0.911094,-0.0577102,-0.3974507,-0.732439,0.5497595,113.299,-0.06908729,-0.4758049,-0.8768334,0.04153042,0.9624007,0.2184708,0.9877598,0.03890917,0.9785967,0.2358453,1.007367,0.03685385,0.9536633,0.2252174,0.980589,-0.01547569,-0.07822707,0.1079136,0.1341801,-0.0178267,-0.07240818,0.1324383,0.1519889,-0.002792202,-0.07799972,0.1085249,0.1336765,-0.0159008,-0.07843931,0.1078006,0.1342629,-0.01780334,-0.07229093,0.1321026,0.1516379,-0.00291057,-0.07755943,0.1079547,0.1329592,-0.01367709,-0.07466409,0.1218725,0.1435782,-0.1118812,0.6939496,-0.0654992,0.7082559,89.81362,-0.1584818,0.9829931,-0.09278089,1.634866,-0.009374622,-0.05720519,0.1160132,0.1296896,0.4332732,0.8182519,0.3721335,0.06523742,172.519,0.4341979,0.8199983,0.3729278,0.4043895,True,True,False,-0.1037312,0.5954604,0.126577,0.6175395,-0.1018367,-0.2326173,-0.3273073,-0.9101585,311.0545,-0.2458277,-0.5615246,-0.7901009,0.0143785,0.5813255,0.1814088,0.6091431,0.01143365,0.5477882,0.2152855,0.5886854,-0.03465302,0.5597918,0.1695458,0.5859296,0.05441653,-0.06046109,0.1124122,0.1387559,0.01664837,-0.07381158,0.1433186,0.1620664,0.009036575,-0.05366925,0.07676422,0.09409991,0.05453398,-0.06046136,0.1123377,0.1387418,0.01670889,-0.07383839,0.1433253,0.1620908,0.009044426,-0.053556,0.07678542,0.09405343,0.02250508,-0.06220525,0.1082265,0.1268422,-0.8912674,-0.106577,0.4248469,0.1174266,166.5128,-0.8974765,-0.1073194,0.4278066,14.50124,0,0,0,0,0,0,0,0,0,1,0,0,0.3621012,False,True,False,0.04883768,0.9655947,0.2396847,0.9960959,0.6875606,0.1348442,0.2808155,0.6559117,98.02236,0.9108722,0.17864,0.3720211,0.001162324,0.03440529,0.0603153,0.0694479,0.1562354,0.1374908,0.3350572,0.9189252,46.46108,0.3961025,0.3485794,0.8494681,0.04610841,1.103904,-0.03885905,1.10555,0.02001418,0.1033235,-0.04791455,0.9932915,13.28078,0.1730771,0.8935126,-0.4143517,False
1773055719300,10.04041,0.1343925,0.8798056,0.1956971,0.9112719,-0.05584106,-0.3993453,-0.7340767,0.5463849,113.7613,-0.06667317,-0.4768107,-0.8764737,0.04154559,0.9629709,0.2181448,0.988244,0.03884116,0.9792794,0.2354596,1.007937,0.03668762,0.95434,0.2247933,0.9811437,-0.01539911,-0.07819398,0.1079358,0.1341699,-0.01784259,-0.07243583,0.1325123,0.1520684,-0.002779953,-0.07808434,0.1085939,0.1337817,-0.01579362,-0.07838694,0.1078294,0.1342428,-0.01781167,-0.07232167,0.1321899,0.1517296,-0.002882788,-0.07767159,0.1080921,0.1331356,-0.01368343,-0.07468974,0.1220157,0.1437137,-0.1056406,0.6918694,-0.06858265,0.7109524,89.37508,-0.1502198,0.9838309,-0.09752379,1.626838,-0.009380603,-0.05722938,0.1161484,0.1298216,0.4347166,0.8167259,0.373477,0.06705517,172.3103,0.435697,0.8185678,0.3743193,0.3980835,True,True,False,-0.1036047,0.5955437,0.1265658,0.6175963,-0.1028081,-0.2323005,-0.3280068,-0.9098783,310.9771,-0.2478049,-0.5599287,-0.7906156,0.01450734,0.5813879,0.1813917,0.6092006,0.01159392,0.5477577,0.2151632,0.5886155,-0.03448845,0.5598271,0.1694284,0.5859196,0.05439248,-0.06044348,0.1124359,0.138758,0.01662592,-0.07381075,0.1433175,0.1620628,0.009037345,-0.05368695,0.07674866,0.09409739,0.05450389,-0.06045757,0.1123586,0.1387452,0.01669127,-0.07383252,0.1433236,0.1620848,0.009042924,-0.05358382,0.07677762,0.09406276,0.02248704,-0.06221255,0.1082221,0.1268388,-0.891417,-0.1066932,0.4245841,0.1171356,166.5464,-0.8975961,-0.1074328,0.4275272,14.49323,0,0,0,0,0,0,0,0,0,1,0,0,0.361949,False,True,False,0.04867238,0.9662349,0.2394147,0.9966435,0.6858457,0.1280427,0.2817846,0.6586487,97.6062,0.9114829,0.1701676,0.3744892,0.001327623,0.03376514,0.06058528,0.06937163,0.155745,0.1425886,0.3400557,0.9163919,47.19165,0.389088,0.3562202,0.8495399,0.04616618,1.103811,-0.03876805,1.105456,0.02029714,0.1023153,-0.04771243,0.9933998,13.17302,0.1769535,0.8919997,-0.4159641,False
1773055719314,10.05402,0.1341556,0.8799626,0.1960256,0.9114593,-0.05398238,-0.4012169,-0.7356769,0.5430382,114.2186,-0.06428707,-0.4778053,-0.8761104,0.04154324,0.9635417,0.2178466,0.9887344,0.0387567,0.9799661,0.2351065,1.008519,0.03650197,0.9550202,0.2243993,0.9817082,-0.01532464,-0.07816362,0.1079568,0.1341606,-0.01785949,-0.07246405,0.1325912,0.1521526,-0.002767017,-0.07817431,0.1086677,0.1338938,-0.01569721,-0.07834107,0.1078555,0.1342257,-0.01782143,-0.07235074,0.1322722,0.1518162,-0.002859096,-0.07777496,0.1082112,0.1332921,-0.01369097,-0.074714,0.1221467,0.1438382,-0.09993351,0.6900586,-0.07138506,0.7132578,88.9988,-0.1425785,0.9845297,-0.1018474,1.619966,-0.009387746,-0.05725234,0.1162721,0.1299429,0.4360491,0.8153406,0.3746604,0.06864427,172.1278,0.4370798,0.8172678,0.375546,0.3943749,True,True,False,-0.1034727,0.5956349,0.1265519,0.6176593,-0.1039673,-0.2319018,-0.3288112,-0.9095579,310.8887,-0.2501757,-0.5580234,-0.7912158,0.01464138,0.5814493,0.18137,0.6092559,0.01176259,0.5477071,0.2150199,0.5885193,-0.03431664,0.5598605,0.1692932,0.5859023,0.05436953,-0.0604232,0.1124602,0.1387599,0.01660236,-0.07381084,0.1433166,0.1620596,0.00903858,-0.05370314,0.07673167,0.0940929,0.0544764,-0.06045055,0.1123793,0.1387482,0.01667311,-0.07382809,0.1433222,0.1620797,0.009042038,-0.05360821,0.07676824,0.09406892,0.02246999,-0.06221831,0.1082176,0.1268348,-0.891562,-0.106846,0.4243168,0.1168612,166.578,-0.8977129,-0.1075831,0.4272442,14.48687,0,0,0,0,0,0,0,0,0,1,0,0,0.3619716,False,True,False,0.0484891,0.9669032,0.2391512,0.9972193,0.684171,0.1212084,0.2828336,0.6612291,97.21265,0.9120041,0.1615716,0.3770189,0.0015109,0.03309679,0.06084885,0.06928392,0.15508,0.1476782,0.3450002,0.913847,47.915,0.381915,0.3636867,0.8496308,0.04608208,1.103816,-0.03858492,1.105451,0.02058329,0.1012101,-0.0475838,0.9935133,13.05915,0.181006,0.8900244,-0.4184439,False
1773055719327,10.06777,0.1339888,0.8802462,0.196555,0.9118224,-0.05256623,-0.4030694,-0.7378826,0.5387961,114.7965,-0.06239788,-0.4784569,-0.8758913,0.04181349,0.9644535,0.2177412,0.9896111,0.03898573,0.9809912,0.2349235,1.009481,0.03652207,0.9560903,0.2242227,0.9827097,-0.01524798,-0.07812795,0.1079797,0.1341495,-0.01787802,-0.07249561,0.132649,0.1522202,-0.002743954,-0.07829035,0.1088049,0.1340724,-0.01560411,-0.07829696,0.1078812,0.1342097,-0.01783308,-0.07238057,0.1323501,0.1518997,-0.00283534,-0.07788179,0.1083349,0.1334544,-0.01369921,-0.07474075,0.1222718,0.1439591,-0.09411252,0.6880375,-0.07429542,0.7157007,88.59869,-0.1347531,0.9851525,-0.1063784,1.613649,-0.00939548,-0.05727756,0.1163901,0.1300602,0.4373845,0.8139136,0.3758892,0.07034181,171.9328,0.4384704,0.8159342,0.3768224,0.395665,True,True,False,-0.1033972,0.5957187,0.1265242,0.6177217,-0.1049845,-0.2310079,-0.3294063,-0.9094533,310.8598,-0.2524841,-0.5555665,-0.7922112,0.01465122,0.5814403,0.1814626,0.6092751,0.01175675,0.5475926,0.2149889,0.5884013,-0.0342521,0.5598354,0.1692246,0.5858548,0.0543435,-0.06040106,0.1124863,0.1387612,0.01658004,-0.07381007,0.1433185,0.1620587,0.009037033,-0.05373843,0.07672761,0.09410958,0.05444899,-0.06044036,0.1124014,0.1387508,0.01665394,-0.07382438,0.1433214,0.1620754,0.009041008,-0.05363505,0.07675988,0.0940773,0.02245302,-0.06222473,0.1082146,0.1268324,-0.8917031,-0.1070465,0.4240533,0.1165564,166.6132,-0.8978226,-0.1077811,0.4269634,14.48077,0,0,0,0,0,0,0,0,0,1,0,0,0.3622031,False,True,False,0.04829662,0.9675664,0.2389086,0.9977949,0.6825924,0.1146535,0.2838909,0.6635723,96.85423,0.9124199,0.1532571,0.3794764,0.001703385,0.03243357,0.06109141,0.06918813,0.1543153,0.1525331,0.3496809,0.9113967,48.60184,0.3749804,0.3706497,0.8497115,0.04654664,1.103661,-0.03850459,1.105313,0.02070512,0.09963401,-0.04725033,0.993686,12.88398,0.1845423,0.8880261,-0.4211366,False
1773055719342,10.08182,0.1338133,0.8805456,0.1971213,0.912208,-0.05116734,-0.4048797,-0.7400195,0.5346265,115.3628,-0.06054673,-0.4790975,-0.875671,0.04207236,0.9653639,0.2176862,0.9904972,0.0392051,0.9820166,0.2347932,1.010456,0.03654224,0.9571542,0.2240886,0.9837149,-0.01517268,-0.07809376,0.1080016,0.1341387,-0.01789753,-0.07252775,0.132709,0.1522901,-0.002722789,-0.07840484,0.10893,0.1342404,-0.01551313,-0.07825416,0.1079065,0.1341946,-0.01784658,-0.07241141,0.1324256,0.1519818,-0.00281171,-0.07799213,0.1084611,0.1336207,-0.0137082,-0.0747697,0.122393,0.144078,-0.08816656,0.6858716,-0.07730192,0.7182139,88.18557,-0.1267084,0.9856993,-0.1110943,1.607823,-0.009404005,-0.05730489,0.1165046,0.1301753,0.4387341,0.8124501,0.3771456,0.07210889,171.7298,0.4398789,0.8145701,0.3781298,0.395777,True,True,False,-0.1033205,0.5958086,0.1264934,0.6177893,-0.1060524,-0.2300193,-0.33,-0.9093647,310.8354,-0.2549337,-0.5529312,-0.7932695,0.01465251,0.5814239,0.1815679,0.6092908,0.01173668,0.5474632,0.2149643,0.5882715,-0.03419353,0.5598052,0.1691572,0.5858031,0.05431777,-0.06037654,0.1125129,0.1387621,0.0165569,-0.07381006,0.1433211,0.1620586,0.009035517,-0.05377503,0.07672404,0.09412742,0.05442144,-0.06042699,0.1124248,0.1387532,0.0166336,-0.07382138,0.1433214,0.1620719,0.009039857,-0.05366441,0.07675237,0.0940878,0.02243598,-0.06223185,0.1082131,0.1268316,-0.8918421,-0.1072949,0.4237905,0.1162201,166.652,-0.8979269,-0.108027,0.4266819,14.4749,0,0,0,0,0,0,0,0,0,1,0,0,0.3624304,False,True,False,0.04838229,0.9685555,0.2388473,0.9987435,0.6810262,0.1072014,0.2841354,0.6663169,96.43313,0.9133095,0.1437655,0.3810478,0.001617711,0.03144449,0.06115267,0.06878242,0.1538008,0.1572956,0.3554927,0.9084209,49.42394,0.3678944,0.376254,0.8503454,0.04626409,1.103691,-0.03837748,1.105327,0.02081428,0.09808723,-0.04690027,0.9938542,12.71103,0.1880289,0.8860856,-0.4236805,False
1773055719355,10.0957,0.1338011,0.8808699,0.1974042,0.9125803,-0.05063212,-0.4062507,-0.7412292,0.5319549,115.7247,-0.05979423,-0.4797636,-0.875358,0.04236796,0.9660953,0.2175665,0.9911964,0.03944663,0.9829186,0.2346589,1.011311,0.03645648,0.9581569,0.2240271,0.9846734,-0.01510358,-0.07804233,0.1080301,0.1341239,-0.01791216,-0.07253359,0.1328659,0.1524314,-0.00265988,-0.07861096,0.109299,0.1346589,-0.01542765,-0.07821001,0.1079322,0.1341796,-0.01786018,-0.07243676,0.1325174,0.1520754,-0.002780157,-0.07812136,0.1086369,0.1338382,-0.01371788,-0.07480233,0.1225248,0.1442078,-0.08139111,0.6823193,-0.08099362,0.7219806,87.56351,-0.117632,0.9861342,-0.1170575,1.605613,-0.009413107,-0.05733567,0.1166289,0.1303008,0.4401174,0.8106788,0.3788319,0.074728,171.4288,0.4413512,0.8129514,0.3798938,0.413741,True,True,False,-0.1032426,0.5959041,0.1264597,0.6178615,-0.1071623,-0.2289443,-0.3305877,-0.9092923,310.8155,-0.257504,-0.5501379,-0.7943805,0.01464592,0.5814003,0.1816853,0.6093031,0.01170305,0.5473205,0.2149457,0.5881312,-0.03414075,0.5597703,0.1690914,0.5857476,0.05429248,-0.06034981,0.1125404,0.1387628,0.01653317,-0.07381049,0.1433241,0.162059,0.009033912,-0.05381292,0.07672105,0.09414649,0.05439465,-0.06041098,0.1124488,0.1387551,0.01661276,-0.07381912,0.1433219,0.1620692,0.009038624,-0.05369525,0.07674588,0.09409998,0.0224194,-0.06223937,0.1082131,0.1268323,-0.8919743,-0.1075815,0.4235369,0.115864,166.6931,-0.8980225,-0.108311,0.4264088,14.46946,0,0,0,0,0,0,0,0,0,1,0,0,0.3627119,False,True,False,0.04846023,0.9695439,0.2388318,0.9997022,0.6793991,0.09978762,0.2843335,0.6690395,96.01405,0.9141207,0.1342627,0.3825662,0.001539771,0.03045613,0.06116818,0.06834832,0.1533276,0.1620255,0.3612612,0.9053888,50.24861,0.3611247,0.3816103,0.8508601,0.04602176,1.103718,-0.03825682,1.105339,0.02081681,0.0966026,-0.04665863,0.9940109,12.54777,0.1904885,0.8839816,-0.4269592,False
1773055719369,10.10954,0.1337943,0.881167,0.1976604,0.9129215,-0.05013475,-0.4075043,-0.7423281,0.5295052,116.0559,-0.05909979,-0.4803739,-0.8750705,0.04264666,0.9667611,0.2174608,0.9918342,0.03967293,0.9837518,0.2345401,1.012102,0.03639094,0.9590684,0.2239574,0.9855422,-0.01503649,-0.07798959,0.1080588,0.1341088,-0.01792805,-0.07253731,0.133022,0.152571,-0.002603166,-0.0787987,0.1096243,0.1350315,-0.0153462,-0.07816418,0.1079585,0.1341647,-0.01787422,-0.07245757,0.1326223,0.1521783,-0.002743457,-0.07826251,0.1088436,0.1340876,-0.01372765,-0.0748365,0.1226632,0.1443441,-0.07409382,0.6778485,-0.08515076,0.7264854,86.8149,-0.1078227,0.9864179,-0.123913,1.606276,-0.009422359,-0.05736794,0.1167597,0.1304327,0.4415288,0.8086865,0.3807954,0.07793967,171.0597,0.4428757,0.8111535,0.3819571,0.4263605,True,True,False,-0.1031411,0.5959897,0.1264198,0.6179189,-0.1084674,-0.228003,-0.3311286,-0.9091773,310.7838,-0.2604827,-0.5475455,-0.7951999,0.0146852,0.5813515,0.1817424,0.6092746,0.01172192,0.5471312,0.2148668,0.5879266,-0.03404323,0.5596983,0.1689835,0.585642,0.05427843,-0.06031449,0.112566,0.1387627,0.01650628,-0.07380882,0.1433315,0.162062,0.009031702,-0.05386158,0.07672419,0.09417666,0.05437056,-0.06039102,0.112473,0.1387567,0.01659071,-0.07381699,0.1433239,0.1620677,0.009037192,-0.05372971,0.07674139,0.09411585,0.02240431,-0.06224785,0.1082159,0.1268363,-0.8920912,-0.1079164,0.423315,0.115463,166.7393,-0.8980979,-0.108643,0.4261653,14.46516,0,0,0,0,0,0,0,0,0,1,0,0,0.3627839,False,True,False,0.0486104,0.9703892,0.2387215,1.000503,0.6773366,0.09383933,0.2838823,0.6721756,95.52959,0.9148356,0.1267428,0.3834218,0.001389597,0.02961075,0.06127855,0.06807194,0.1541746,0.1660637,0.3662044,0.9025228,51.01663,0.3580111,0.3856188,0.8503684,0.04567816,1.10374,-0.03812327,1.105342,0.02073419,0.09511574,-0.04684472,0.9941472,12.40401,0.1919226,0.8804234,-0.4336105,False
1773055719383,10.12345,0.1339215,0.8814586,0.1979805,0.9132911,-0.05001068,-0.4082677,-0.7427294,0.5283651,116.2099,-0.0589042,-0.4808709,-0.8748107,0.0429121,0.9672127,0.2176155,0.9923196,0.03986052,0.9844311,0.2347734,1.012824,0.03644639,0.9596809,0.2241063,0.9861741,-0.01497252,-0.07792924,0.108089,0.1340909,-0.01794021,-0.07251111,0.1332956,0.1527987,-0.002567783,-0.07891404,0.1098241,0.1352603,-0.01526805,-0.07811512,0.1079857,0.1341491,-0.01788794,-0.07246871,0.1327629,0.1523079,-0.002706865,-0.0783989,0.1090499,0.1343339,-0.01374039,-0.07486177,0.1228261,0.1444968,-0.06684513,0.6733002,-0.08927722,0.7309092,86.07467,-0.09794521,0.986557,-0.130814,1.610154,-0.009434393,-0.0573918,0.1169135,0.1305817,0.442907,0.8067008,0.3827351,0.08113146,170.6928,0.4443716,0.8093685,0.3840007,0.424578,True,True,False,-0.1030516,0.5961159,0.1263785,0.6180173,-0.1090943,-0.2272074,-0.3316185,-0.9091229,310.7689,-0.2619134,-0.5454793,-0.7961493,0.01470339,0.5814356,0.1818409,0.6093847,0.01171709,0.5471219,0.2148655,0.5879174,-0.03395972,0.5597408,0.1689352,0.5856638,0.05425895,-0.06028481,0.112591,0.1387625,0.01647638,-0.07381275,0.1433278,0.1620575,0.009030226,-0.05390957,0.07672488,0.09420454,0.05434731,-0.06036895,0.1124976,0.1387579,0.01656693,-0.07381611,0.1433247,0.1620656,0.009035744,-0.05376715,0.07673796,0.09413429,0.02238979,-0.06225767,0.1082197,0.1268417,-0.8921999,-0.1082943,0.4231057,0.1150361,166.7886,-0.8981625,-0.109018,0.4259334,14.46112,0,0,0,0,0,0,0,0,0,1,0,0,0.3628967,False,True,False,0.04874573,0.9711742,0.2386254,1.001248,0.6750188,0.08777475,0.2831578,0.6756234,94.99484,0.915594,0.1190575,0.3840746,0.001254272,0.02882582,0.06137465,0.0678185,0.1554087,0.1701756,0.3713607,0.8994331,51.83274,0.3555785,0.3893655,0.8496812,0.04516928,1.103794,-0.03799051,1.105371,0.02052796,0.09367056,-0.04646886,0.9943063,12.23405,0.1926432,0.8790448,-0.4360837,False
1773055719397,10.13722,0.1340634,0.8817648,0.1983163,0.9136802,-0.04990112,-0.4089347,-0.7430751,0.5273724,116.3438,-0.05873247,-0.4813068,-0.8745823,0.04317781,0.9676545,0.2178175,0.9928062,0.04005393,0.9850923,0.2350506,1.013538,0.03650662,0.96028,0.2243037,0.9868042,-0.01491053,-0.07786655,0.1081195,0.1340721,-0.01795463,-0.07248043,0.1335595,0.1530161,-0.002532379,-0.07902583,0.1100234,0.1354867,-0.01519393,-0.07806367,0.1080133,0.134133,-0.01790168,-0.07247112,0.1329279,0.1524545,-0.002670834,-0.07852902,0.1092529,0.1345739,-0.01375508,-0.07487902,0.1230038,0.1446582,-0.05977104,0.6687382,-0.09333953,0.73519,85.35345,-0.08817595,0.9865418,-0.1376972,1.616542,-0.009448246,-0.05740805,0.1170811,0.1307399,0.4442346,0.8047526,0.3846149,0.08426982,170.3319,0.4458202,0.8076249,0.3859876,0.423235,True,True,False,-0.1029612,0.5962487,0.1263347,0.6181214,-0.1096391,-0.2264597,-0.3320533,-0.9090852,310.7585,-0.2631695,-0.5435771,-0.7970361,0.01472315,0.5815313,0.181936,0.6095049,0.01171285,0.5471289,0.2148666,0.5879242,-0.0338746,0.5597931,0.1688892,0.5856956,0.05423983,-0.06025374,0.1126162,0.1387619,0.01644525,-0.07381777,0.1433232,0.1620526,0.009028777,-0.05395928,0.07672621,0.09423393,0.05432513,-0.06034521,0.112522,0.1387587,0.01654183,-0.07381646,0.1433244,0.1620629,0.009034309,-0.0538068,0.07673553,0.09415483,0.02237598,-0.06226857,0.1082242,0.1268485,-0.8922996,-0.1087074,0.4229103,0.1145913,166.8399,-0.8982164,-0.1094282,0.4257146,14.45736,0,0,0,0,0,0,0,0,0,1,0,0,0.3630561,False,True,False,0.04889831,0.9717759,0.2387901,1.001878,0.6728607,0.08328994,0.2824459,0.6786351,94.52584,0.9161105,0.1134006,0.3845546,0.001101691,0.02822411,0.06120996,0.06741271,0.156898,0.1734529,0.3752501,0.8969307,52.48499,0.3548354,0.3922755,0.8486534,0.04469589,1.103852,-0.03787201,1.105405,0.02022494,0.0920407,-0.04630555,0.9944723,12.05416,0.1926215,0.8765919,-0.4410122,False
1773055719411,10.15106,0.1342172,0.8820801,0.1986622,0.9140822,-0.04979206,-0.4095943,-0.743413,0.5263938,116.4758,-0.05856229,-0.4817392,-0.8743557,0.04345617,0.9681041,0.2180326,0.9933037,0.04026497,0.9857552,0.2353354,1.014257,0.03657136,0.9608927,0.224521,0.9874522,-0.01485054,-0.07780179,0.1081503,0.1340528,-0.01797103,-0.0724458,0.1338141,0.1532239,-0.002494849,-0.0791394,0.1102357,0.1357246,-0.01512245,-0.07800923,0.1080417,0.1341162,-0.01791603,-0.07246588,0.1331124,0.1526145,-0.002634338,-0.07865624,0.1094587,0.1348145,-0.01377111,-0.07489,0.1231929,0.1448263,-0.05274595,0.6640195,-0.09745084,0.7394589,84.62933,-0.07835089,0.9863604,-0.1447573,1.625126,-0.009463391,-0.05741845,0.1172597,0.1309055,0.4455301,0.8028029,0.386476,0.08745298,169.9658,0.4472434,0.80589,0.3879622,0.4230774,True,True,False,-0.1028697,0.5963878,0.1262885,0.6182308,-0.1101441,-0.2257153,-0.3324649,-0.9090589,310.7512,-0.2643452,-0.5417153,-0.7979137,0.01474169,0.5816355,0.1820328,0.6096336,0.0117055,0.5471447,0.2148708,0.5879403,-0.03378933,0.5598521,0.1688453,0.5857344,0.05422119,-0.06022121,0.1126415,0.138761,0.01641298,-0.07382378,0.1433175,0.162047,0.009027313,-0.0540107,0.0767281,0.09426478,0.05430358,-0.06031954,0.1125468,0.1387592,0.01651515,-0.07381797,0.143323,0.1620596,0.009032861,-0.05384906,0.07673399,0.0941776,0.02236263,-0.06228063,0.1082294,0.1268565,-0.892392,-0.1091597,0.4227249,0.1141236,166.8938,-0.8982608,-0.1098776,0.425505,14.4538,0,0,0,0,0,0,0,0,0,1,0,0,0.3633603,False,True,False,0.04905543,0.972376,0.2390124,1.002521,0.6707808,0.07903645,0.2817212,0.681498,94.07838,0.9165926,0.1079999,0.3849597,0.0009445734,0.02762395,0.06098756,0.06695863,0.1583477,0.1765411,0.3789471,0.8945157,53.10742,0.3542165,0.3949143,0.8476871,0.0437816,1.103952,-0.03776098,1.105465,0.02021974,0.09042437,-0.04576296,0.9946458,11.86335,0.1956576,0.8749973,-0.4428283,False
1773055719425,10.16523,0.1344288,0.8823599,0.198915,0.9144382,-0.04986366,-0.4097773,-0.7435185,0.5260955,116.516,-0.05863378,-0.4818497,-0.87429,0.04373343,0.9684243,0.2183082,0.9936885,0.04052269,0.9861527,0.2355534,1.014704,0.0367723,0.9612664,0.2247311,0.9878711,-0.01480325,-0.07773471,0.1081839,0.1340357,-0.01799522,-0.07243832,0.1338702,0.1532722,-0.002487189,-0.07917728,0.1102834,0.1357853,-0.01505478,-0.07795112,0.1080718,0.134099,-0.01793272,-0.07246007,0.1332731,0.1527539,-0.002603257,-0.07876685,0.1096346,0.1350212,-0.01378555,-0.07489626,0.1233589,0.1449721,-0.04624879,0.6600949,-0.1011837,0.7428982,84.04222,-0.06908947,0.9860929,-0.1511548,1.631858,-0.009476992,-0.05742436,0.1174163,0.1310495,0.4467942,0.8010598,0.3880301,0.09006738,169.665,0.4486172,0.8043282,0.3896134,0.4085243,True,True,False,-0.1027501,0.5965091,0.1261856,0.6183069,-0.1103543,-0.2254006,-0.3326909,-0.9090288,310.743,-0.2648081,-0.540875,-0.7983305,0.0148185,0.5817415,0.1820136,0.6097309,0.01177702,0.5472108,0.214785,0.5879719,-0.03365108,0.5599225,0.1687376,0.5857627,0.05418724,-0.06020073,0.1126674,0.13876,0.01638319,-0.07383197,0.1433067,0.1620382,0.009024752,-0.0540635,0.07673433,0.09429987,0.05427901,-0.06029449,0.1125722,0.1387593,0.01648731,-0.07382092,0.1433195,0.1620551,0.009031152,-0.05389433,0.07673406,0.09420338,0.02234811,-0.06229454,0.1082347,0.1268653,-0.8924862,-0.1096325,0.422533,0.1136442,166.9491,-0.8983058,-0.1103474,0.4252883,14.44871,0,0,0,0,0,0,0,0,0,1,0,0,0.3637787,False,True,False,0.04922511,0.9729905,0.2392567,1.003184,0.6686851,0.07480073,0.2809381,0.6843529,93.63052,0.9170738,0.1025861,0.3852949,0.0007748939,0.02700955,0.06074336,0.06648212,0.1598283,0.1795833,0.3826441,0.8920698,53.73104,0.3536822,0.3973978,0.8467488,0.04319048,1.104015,-0.0376967,1.105502,0.02026669,0.08878101,-0.0451,0.9948232,11.66501,0.1994349,0.8736519,-0.4438077,False
1773055719439,10.17893,0.1346443,0.882635,0.1991623,0.9147892,-0.04991767,-0.4099081,-0.7435935,0.5258825,116.5447,-0.05868819,-0.4819289,-0.8742427,0.044005,0.9687256,0.2185941,0.9940569,0.04077236,0.9865285,0.2357867,1.015134,0.03696441,0.9616206,0.2249566,0.9882743,-0.01475937,-0.07766555,0.108218,0.1340183,-0.01801977,-0.07242779,0.133929,0.1533215,-0.002478681,-0.07921466,0.1103378,0.1358512,-0.01499378,-0.07789222,0.1081019,0.1340822,-0.0179506,-0.07245344,0.1334086,0.1528711,-0.002577624,-0.07885946,0.1097807,0.1351934,-0.01379833,-0.07489826,0.1235,0.1450944,-0.0404243,0.6569391,-0.1044607,0.7455769,83.58265,-0.06065894,0.9857742,-0.1567491,1.636958,-0.00948906,-0.05742624,0.1175495,0.1311705,0.4479832,0.799534,0.3893099,0.09217164,169.4229,0.4498981,0.8029516,0.390974,0.3989137,True,True,False,-0.102628,0.5966344,0.1260772,0.6183854,-0.1104983,-0.2251642,-0.3328559,-0.9090095,310.7377,-0.2651267,-0.5402531,-0.7986454,0.01490196,0.5818529,0.1819799,0.6098291,0.01185658,0.5472897,0.2146897,0.5880122,-0.03350709,0.5599995,0.1686249,0.5857956,0.05415152,-0.06018073,0.1126936,0.1387586,0.01635288,-0.07384117,0.1432943,0.1620283,0.00902208,-0.05411775,0.07674163,0.09433667,0.05425279,-0.06027113,0.1125972,0.1387592,0.01645968,-0.07382508,0.1433143,0.1620496,0.00902929,-0.05394029,0.07673562,0.09423077,0.0223332,-0.06230951,0.1082397,0.1268743,-0.8925772,-0.1101033,0.422344,0.1131762,167.0031,-0.8983491,-0.1108153,0.4250751,14.44244,0,0,0,0,0,0,0,0,0,1,0,0,0.3642557,False,True,False,0.04942212,0.973447,0.2395472,1.003705,0.6671618,0.07167514,0.2803163,0.686426,93.30428,0.9174396,0.09856322,0.3854736,0.0005778857,0.02655303,0.06045282,0.06602985,0.1609052,0.1817733,0.3853847,0.890251,54.1904,0.3532725,0.3990892,0.8461247,0.04248298,1.104012,-0.03764508,1.10547,0.02035991,0.08719681,-0.04417343,0.995003,11.46051,0.2039148,0.8733204,-0.4424194,False
1773055719453,10.19283,0.1349112,0.8827249,0.199596,0.9150097,-0.04995018,-0.4099184,-0.7436829,0.525745,116.5632,-0.05872056,-0.4818928,-0.8742605,0.04433146,0.9688452,0.2190985,0.9942989,0.04107503,0.9866823,0.2362272,1.015398,0.03721553,0.9617648,0.2253927,0.9885233,-0.01473385,-0.07759093,0.1082598,0.1340061,-0.01804143,-0.0724193,0.1339604,0.1533475,-0.002472943,-0.07924581,0.1103755,0.1358999,-0.01493951,-0.07782939,0.1081347,0.1340661,-0.01796947,-0.07244635,0.1335239,0.1529706,-0.002555843,-0.07894024,0.1099056,0.1353415,-0.013809,-0.07489755,0.1236206,0.1451978,-0.03492098,0.6544305,-0.1074728,0.7476301,83.22898,-0.05258272,0.9854171,-0.1618286,1.640789,-0.009499142,-0.0574256,0.1176635,0.1312731,0.449186,0.7981261,0.3903999,0.09389433,169.2246,0.4511789,0.8016672,0.392132,0.3906061,True,True,False,-0.1025632,0.5966524,0.1260455,0.6183856,-0.1104892,-0.2249038,-0.3329443,-0.9090427,310.7468,-0.265151,-0.5397221,-0.7989968,0.01492131,0.5818673,0.182042,0.6098619,0.01186358,0.5472797,0.2147103,0.5880105,-0.03343493,0.5599813,0.1686158,0.5857716,0.05412369,-0.06015912,0.1127181,0.1387583,0.01632555,-0.07384726,0.1432895,0.1620241,0.009019334,-0.05416252,0.07675125,0.09436993,0.05422594,-0.06024786,0.1126223,0.1387589,0.01643179,-0.07382968,0.1433092,0.1620443,0.009027222,-0.05398652,0.07673886,0.09425969,0.02231813,-0.06232484,0.1082458,0.1268844,-0.8926638,-0.110578,0.4221613,0.1127107,167.0568,-0.8983884,-0.1112872,0.4248686,14.43576,0,0,0,0,0,0,0,0,0,1,0,0,0.3641938,False,True,False,0.04962304,0.9738643,0.2398356,1.004189,0.665932,0.06899504,0.2799139,0.6880571,93.04699,0.9176958,0.09507946,0.3857388,0.0003769584,0.02613568,0.06016445,0.06559708,0.1616402,0.1836567,0.3876559,0.8887439,54.56835,0.352615,0.4006437,0.8456641,0.04177835,1.104031,-0.03761197,1.105461,0.02077775,0.08547568,-0.04308506,0.9951914,11.2422,0.2121274,0.8726515,-0.4398707,False
1773055719466,10.20677,0.1352059,0.8828149,0.2000661,0.9152427,-0.04998517,-0.4099201,-0.7437785,0.525605,116.582,-0.05875571,-0.4818459,-0.874284,0.04469059,0.9689702,0.2196412,0.9945565,0.04140924,0.9868355,0.2367065,1.015672,0.03749552,0.9619114,0.2258698,0.9887854,-0.01471361,-0.0775138,0.1083032,0.1339943,-0.01806295,-0.07240883,0.1339899,0.1533708,-0.002466885,-0.07927575,0.1104161,0.1359501,-0.01489228,-0.07776347,0.1081699,0.134051,-0.01798892,-0.07243854,0.1336215,0.1530544,-0.002537304,-0.07901049,0.1100129,0.1354693,-0.01381774,-0.07489453,0.123723,0.1452842,-0.02971627,0.6524656,-0.1102426,0.7491677,82.96334,-0.04486284,0.9850315,-0.166434,1.64366,-0.009507377,-0.05742273,0.11776,0.131359,0.4503935,0.7968161,0.3913402,0.09531097,169.0616,0.4524529,0.8004594,0.3931296,0.38458,True,True,False,-0.1025002,0.5966663,0.1260146,0.6183823,-0.1104558,-0.2246294,-0.3330265,-0.9090845,310.7583,-0.2651288,-0.5391816,-0.7993689,0.01493599,0.5818785,0.1821105,0.6098933,0.01186452,0.5472678,0.2147382,0.5880096,-0.03336649,0.5599602,0.1686131,0.5857466,0.05409562,-0.06013766,0.1127424,0.1387578,0.01629828,-0.0738537,0.1432845,0.1620199,0.009016512,-0.05420699,0.07676203,0.09440394,0.05419879,-0.06022492,0.1126473,0.1387587,0.01640399,-0.07383468,0.143304,0.1620392,0.009024994,-0.05403247,0.07674368,0.09428972,0.0223031,-0.06234033,0.1082528,0.1268953,-0.8927451,-0.1110515,0.4219871,0.1122528,167.1096,-0.8984234,-0.1117579,0.4246712,14.42876,0,0,0,0,0,0,0,0,0,1,0,0,0.3641426,False,True,False,0.04988053,0.9740642,0.2403333,1.004514,0.6649873,0.06657042,0.279686,0.6893011,92.85038,0.9178886,0.09188781,0.3860533,0.0001194738,0.02593583,0.05966669,0.06505994,0.1620179,0.1852991,0.3896322,0.8874691,54.88617,0.35155,0.4020659,0.8454324,0.04103655,1.103929,-0.03763501,1.105332,0.02106644,0.08408515,-0.04228825,0.9953379,11.06941,0.2184216,0.8718138,-0.4384541,False
1773055719481,10.22052,0.1355189,0.8829021,0.2005574,0.9154807,-0.0500226,-0.4099137,-0.7438803,0.5254624,116.6012,-0.05879362,-0.4817884,-0.8743131,0.04507281,0.9690975,0.2202071,0.9948229,0.04176554,0.9869849,0.2372093,1.015949,0.03779496,0.9620575,0.2263727,0.9890539,-0.01469855,-0.07743433,0.1083482,0.133983,-0.01808429,-0.0723965,0.1340174,0.1533916,-0.002460575,-0.0793046,0.1104594,0.136002,-0.0148522,-0.07769543,0.1082067,0.1340367,-0.01800856,-0.07242989,0.1337035,0.1531242,-0.00252148,-0.07907142,0.1101058,0.13558,-0.01382472,-0.07488967,0.1238089,0.1453555,-0.02480027,0.6509485,-0.1127891,0.7502864,82.76962,-0.03751291,0.9846252,-0.1706048,1.64584,-0.009513968,-0.05741814,0.1178411,0.1314301,0.4515881,0.795598,0.392156,0.09647439,168.9276,0.4537041,0.7993258,0.3939936,0.3802603,True,True,False,-0.1024389,0.5966763,0.1259844,0.6183757,-0.1103989,-0.2243414,-0.3331025,-0.9091346,310.7721,-0.2650619,-0.5386316,-0.7997612,0.01494634,0.5818866,0.1821852,0.6099237,0.01185963,0.5472541,0.2147735,0.5880097,-0.03330155,0.5599362,0.1686165,0.585721,0.05406739,-0.06011643,0.1127667,0.1387573,0.01627103,-0.07386049,0.1432797,0.162016,0.009013556,-0.05425133,0.07677408,0.09443893,0.05417169,-0.06020258,0.1126719,0.1387584,0.01637659,-0.07383999,0.143299,0.1620344,0.00902264,-0.05407761,0.07674994,0.09432046,0.02228828,-0.06235578,0.1082605,0.1269069,-0.8928204,-0.1115184,0.4218228,0.1118076,167.1609,-0.8984537,-0.1122221,0.4244844,14.42157,0,0,0,0,0,0,0,0,0,1,0,0,0.3641396,False,True,False,0.05017456,0.9742516,0.2408604,1.004837,0.6642008,0.06430874,0.2795962,0.6903098,92.69073,0.9180208,0.0888839,0.3864421,-0.0001745634,0.02574837,0.05913958,0.06450193,0.1621744,0.1868213,0.3914052,0.8863404,55.16615,0.3502427,0.4034719,0.845305,0.04023231,1.10384,-0.03765062,1.105215,0.02137032,0.08255471,-0.04135744,0.9954987,10.87681,0.2254833,0.8710541,-0.4363721,False
1773055719494,10.23486,0.1356673,0.8831092,0.200998,0.9157989,-0.05009368,-0.4099725,-0.7439748,0.5252759,116.6264,-0.0588692,-0.4817924,-0.8743059,0.04529069,0.9693553,0.2206954,0.9951921,0.04197298,0.9872473,0.2376212,1.016308,0.03793485,0.9623351,0.2268063,0.9894286,-0.0146865,-0.07736535,0.1083891,0.1339749,-0.01810556,-0.0723856,0.1340135,0.1533855,-0.002455567,-0.0793345,0.1105014,0.1360535,-0.01481676,-0.07762487,0.1082456,0.1340234,-0.01802922,-0.07242046,0.1337699,0.1531801,-0.002507425,-0.07912777,0.1101908,0.1356816,-0.01383012,-0.07488411,0.1238796,0.1454134,-0.01999259,0.6497043,-0.1152554,0.751133,82.62276,-0.03028488,0.9841754,-0.1745895,1.647261,-0.009519105,-0.05741289,0.1179079,0.1314881,0.452802,0.7944163,0.3928982,0.09749703,168.8099,0.4549692,0.7982185,0.3947788,0.3767214,True,True,False,-0.1024339,0.5965724,0.1259141,0.6182602,-0.110295,-0.2242693,-0.3332428,-0.9091136,310.7663,-0.2647833,-0.5383992,-0.8000099,0.01492783,0.5818111,0.1821702,0.6098467,0.0118401,0.5471658,0.2147293,0.587911,-0.03328219,0.5598388,0.1685572,0.5856097,0.05403876,-0.06010547,0.1127855,0.1387567,0.01624045,-0.07387003,0.1432683,0.1620072,0.009013268,-0.05427525,0.07677492,0.09445332,0.05414335,-0.0601819,0.1126961,0.138758,0.01634758,-0.07384638,0.1432925,0.1620286,0.009020645,-0.05411977,0.07675526,0.09434877,0.02227253,-0.06237075,0.1082672,0.1269171,-0.892901,-0.111971,0.4216409,0.1113976,167.2082,-0.8984932,-0.1126723,0.4242816,14.4142,0,0,0,0,0,0,0,0,0,1,0,0,0.3631063,False,True,False,0.05049477,0.9744251,0.2414026,1.005151,0.6635457,0.06219984,0.2796119,0.6911263,92.56133,0.9181051,0.08606188,0.3868808,-0.000494767,0.02557492,0.05859746,0.06393734,0.1621603,0.1882318,0.3930016,0.8853377,55.41383,0.3487702,0.404844,0.8452575,0.03931313,1.103798,-0.03765215,1.105139,0.02214197,0.0809617,-0.04019228,0.9956604,10.67951,0.2379284,0.8699809,-0.4318896,False
1773055719509,10.24846,0.1358146,0.8833081,0.2014287,0.9161071,-0.05017071,-0.4100326,-0.7440733,0.525082,116.6525,-0.05895143,-0.4817952,-0.8742986,0.04551119,0.9696103,0.2211721,0.9955564,0.04218422,0.9874997,0.2380199,1.016656,0.03807507,0.9626078,0.2272313,0.9897968,-0.01467905,-0.07729589,0.1084307,0.1339677,-0.01812668,-0.07237345,0.1340039,0.1533739,-0.002450519,-0.0793637,0.1105454,0.1361062,-0.01478853,-0.07755744,0.1082835,0.1340118,-0.01804912,-0.07241087,0.1338179,0.1532199,-0.00249579,-0.07917621,0.1102639,0.135769,-0.01383364,-0.07487845,0.1239318,0.1454553,-0.01563314,0.6487616,-0.1174753,0.7517071,82.52306,-0.02370463,0.9837216,-0.1781286,1.648021,-0.009522389,-0.05740756,0.1179571,0.1315302,0.453938,0.7933519,0.3935284,0.09833623,168.7133,0.4561486,0.7972152,0.3954448,0.3743594,True,True,False,-0.1024336,0.5964583,0.125842,0.6181354,-0.1101662,-0.2242125,-0.333386,-0.9090908,310.76,-0.2644424,-0.5381985,-0.8002579,0.01490586,0.5817299,0.1821519,0.6097632,0.0118176,0.5470739,0.2146839,0.5878084,-0.03326791,0.5597373,0.1684975,0.5854946,0.05400999,-0.06009604,0.1128037,0.1387562,0.01620956,-0.07388023,0.1432562,0.1619981,0.009013244,-0.05429645,0.07677517,0.0944657,0.05411608,-0.06016436,0.1127181,0.1387576,0.01631937,-0.07385329,0.1432851,0.1620224,0.009019135,-0.0541559,0.07675932,0.09437267,0.02225714,-0.06238412,0.1082723,0.1269254,-0.89298,-0.1123755,0.4214569,0.111052,167.2481,-0.8985379,-0.1130749,0.42408,14.40724,0,0,0,0,0,0,0,0,0,1,0,0,0.3628345,False,True,False,0.05066045,0.9747204,0.2418679,1.005558,0.6629097,0.06012504,0.2796855,0.6918901,92.44018,0.9181539,0.08327535,0.3873746,-0.0006604455,0.02527964,0.0581321,0.0633943,0.162091,0.1896425,0.3945374,0.8843657,55.65288,0.3472426,0.4062652,0.8452052,0.03828175,1.103704,-0.03766477,1.10501,0.02261982,0.07924628,-0.03915137,0.9958291,10.46968,0.2479208,0.8685659,-0.4291123,False
1773055719522,10.26215,0.1359625,0.8835021,0.201856,0.9164102,-0.0502536,-0.4100939,-0.7441759,0.5248809,116.6796,-0.05904022,-0.481797,-0.8742917,0.04573617,0.9698659,0.2216438,0.9959205,0.04240113,0.9877455,0.2384122,1.016995,0.03821766,0.9628789,0.2276543,0.990163,-0.01467599,-0.07722592,0.1084731,0.1339613,-0.01814764,-0.07235996,0.1339888,0.1533568,-0.00244548,-0.07939211,0.1105914,0.13616,-0.01476535,-0.07748915,0.1083224,0.1340013,-0.01806934,-0.07240043,0.1338532,0.1532481,-0.002485454,-0.07922075,0.1103317,0.1358499,-0.01383567,-0.07487252,0.1239708,0.1454857,-0.01142191,0.6479993,-0.1196094,0.7521037,82.45412,-0.01733101,0.9832402,-0.181489,1.648359,-0.00952433,-0.05740197,0.117994,0.131561,0.4550645,0.7923288,0.3941025,0.09907745,168.6279,0.4573143,0.796246,0.3960509,0.372618,True,True,False,-0.1024379,0.5963348,0.1257682,0.6180019,-0.1100134,-0.2241706,-0.3335319,-0.909066,310.7532,-0.2640414,-0.5380282,-0.8005047,0.0148805,0.5816433,0.1821302,0.6096736,0.01179217,0.5469788,0.2146372,0.5877023,-0.03325848,0.5596321,0.1684376,0.5853764,0.05398094,-0.06008809,0.1128211,0.1387556,0.0161782,-0.07389107,0.1432431,0.1619883,0.009013536,-0.05431482,0.07677484,0.09447603,0.05408831,-0.0601487,0.1127393,0.1387572,0.01629038,-0.07386104,0.1432765,0.1620154,0.009017986,-0.05418856,0.0767625,0.09439389,0.02224128,-0.06239677,0.1082764,0.1269323,-0.893062,-0.1127586,0.4212613,0.1107458,167.2834,-0.8985894,-0.1134565,0.4238686,14.40026,0,0,0,0,0,0,0,0,0,1,0,0,0.362586,False,True,False,0.05083238,0.9749963,0.2423124,1.005941,0.6623731,0.05823408,0.2797914,0.6925226,92.33974,0.9181821,0.08072414,0.3878472,-0.0008323751,0.02500373,0.05768766,0.06287881,0.1619496,0.1909135,0.3959137,0.8835025,55.8644,0.3457313,0.4075636,0.8451995,0.03728037,1.103681,-0.03766279,1.104952,0.02322753,0.07719183,-0.03786813,0.996026,10.21928,0.2608024,0.866722,-0.4251893,False
1773055719535,10.27615,0.136047,0.8836745,0.2021146,0.9166459,-0.05025455,-0.4102443,-0.7443057,0.524579,116.7202,-0.05902844,-0.4818684,-0.8742532,0.04590236,0.9701224,0.2219014,0.9962353,0.04256144,0.987986,0.2386051,1.017281,0.03830545,0.9631216,0.2278499,0.9904474,-0.01469183,-0.0771648,0.1085131,0.1339603,-0.01817564,-0.07234018,0.1339756,0.1533393,-0.002444639,-0.07942674,0.1106035,0.13619,-0.01474994,-0.07742114,0.1083623,0.1339925,-0.01809155,-0.07238785,0.1338789,0.1532673,-0.00247692,-0.07926399,0.1103889,0.1359214,-0.01383744,-0.07486627,0.1239985,0.1455062,-0.007351264,0.647585,-0.1216885,0.7521779,82.44122,-0.01115586,0.9827379,-0.1846675,1.648689,-0.009526011,-0.05739606,0.1180201,0.1315819,0.4562288,0.7913451,0.3945845,0.09966426,168.5603,0.4585113,0.7953041,0.3965585,0.3717848,True,True,False,-0.1024314,0.5961393,0.1258072,0.6178201,-0.1098199,-0.224086,-0.3337434,-0.9090327,310.744,-0.2635309,-0.5377315,-0.8008724,0.0148608,0.5815045,0.1822363,0.6095723,0.0117765,0.5468321,0.2147161,0.5875943,-0.03323528,0.5594618,0.1685001,0.5852302,0.05395328,-0.06007677,0.1128391,0.1387546,0.01615187,-0.07390065,0.1432302,0.1619786,0.009013501,-0.0543369,0.07677723,0.09449066,0.05406008,-0.06013368,0.1127601,0.1387566,0.01626142,-0.07386931,0.1432668,0.1620077,0.00901705,-0.0542196,0.07676558,0.09441412,0.02222527,-0.06240902,0.1082798,0.1269385,-0.8931447,-0.1131376,0.4210598,0.1104587,167.3165,-0.8986439,-0.1138342,0.4236523,14.39298,0,0,0,0,0,0,0,0,0,1,0,0,0.3623927,False,True,False,0.05101093,0.9752601,0.2427458,1.00631,0.661888,0.05640419,0.2799274,0.6930827,92.25074,0.9181945,0.07824589,0.3883252,-0.001010928,0.02473986,0.05725417,0.06237886,0.1617485,0.1921332,0.3972255,0.8826858,56.06386,0.3441724,0.4088258,0.8452262,0.03599983,1.103589,-0.03771005,1.10482,0.02344888,0.07494556,-0.0357425,0.996271,9.899232,0.2717772,0.868634,-0.4142627,False
1773055719550,10.29013,0.1361256,0.8838311,0.2023519,0.9168609,-0.05025125,-0.41041,-0.7444459,0.5242506,116.7644,-0.05901053,-0.4819485,-0.8742101,0.04606757,0.9703716,0.2221297,0.9965364,0.04272206,0.9882129,0.2387692,1.017546,0.03839088,0.9633522,0.2280173,0.9907135,-0.01471336,-0.07710437,0.1085534,0.1339605,-0.01820431,-0.07231873,0.1339583,0.1533174,-0.002444225,-0.07946134,0.1106133,0.1362181,-0.01474228,-0.0773548,0.1084023,0.1339857,-0.01811508,-0.07237343,0.1338955,0.1532778,-0.002470092,-0.07930536,0.1104361,0.1359837,-0.01383888,-0.07485992,0.124015,0.1455172,-0.003489696,0.6474778,-0.1236783,0.7519735,82.47678,-0.005293886,0.9822272,-0.1876206,1.649075,-0.009527363,-0.05739006,0.1180357,0.1315934,0.4574063,0.7904116,0.3949792,0.1001095,168.5091,0.4597154,0.7944018,0.3969732,0.3712119,True,True,False,-0.1024282,0.5959319,0.1258506,0.6176283,-0.109602,-0.2240092,-0.3339643,-0.9089968,310.7342,-0.2629587,-0.5374463,-0.8012521,0.01483829,0.5813595,0.1823471,0.6094666,0.0117588,0.5466813,0.2148012,0.5874847,-0.0332152,0.5592852,0.1685694,0.5850802,0.05392564,-0.06006628,0.1128566,0.1387535,0.01612576,-0.07391054,0.1432165,0.1619684,0.009013611,-0.05435727,0.07677948,0.09450421,0.05403199,-0.06011961,0.1127803,0.1387559,0.01623309,-0.07387791,0.1432563,0.1619995,0.009016333,-0.05424837,0.07676848,0.09443294,0.02220946,-0.06242064,0.1082825,0.1269437,-0.8932262,-0.1135043,0.420857,0.1101966,167.3467,-0.8986995,-0.1141998,0.4234358,14.38557,0,0,0,0,0,0,0,0,0,1,0,0,0.3622204,False,True,False,0.05112709,0.975505,0.2429749,1.006609,0.6614456,0.05449225,0.2802064,0.6935451,92.17722,0.9181476,0.07564028,0.3889523,-0.00112709,0.02449501,0.05702509,0.06207364,0.1613694,0.1934321,0.3985198,0.8818878,56.25816,0.3422763,0.4102835,0.8452895,0.03479536,1.10351,-0.03775354,1.104704,0.02390349,0.07257083,-0.03359344,0.9965107,9.575477,0.2863905,0.8694795,-0.402487,False
1773055719567,10.30685,0.1362043,0.8839845,0.2025864,0.9170722,-0.05024165,-0.4106434,-0.7446393,0.5237941,116.8258,-0.05897981,-0.4820636,-0.8741488,0.04625119,0.9706439,0.2223298,0.9968547,0.04290584,0.988453,0.2388977,1.017817,0.03849114,0.9636029,0.2281564,0.9909932,-0.01474037,-0.07704452,0.108594,0.1339619,-0.01823401,-0.07229655,0.1339276,0.1532836,-0.002444225,-0.07949597,0.1106207,0.1362444,-0.01474182,-0.07728015,0.1084483,0.1339798,-0.0181436,-0.07235501,0.1339032,0.1532792,-0.002463885,-0.07935125,0.1104807,0.1360466,-0.01383985,-0.07485291,0.1240207,0.1455185,0.0007387943,0.6476535,-0.1258795,0.7514645,82.56521,0.00111977,0.98163,-0.1907919,1.649511,-0.009528251,-0.05738344,0.1180411,0.1315954,0.458765,0.789394,0.3953443,0.1004805,168.4663,0.4610982,0.7934088,0.3973549,0.3701619,True,True,False,-0.102428,0.5957136,0.1258982,0.6174273,-0.1093605,-0.2239397,-0.3341943,-0.9089584,310.7236,-0.2623267,-0.5371717,-0.801643,0.01481298,0.581209,0.1824623,0.6093569,0.01173924,0.5465266,0.2148921,0.5873736,-0.03319816,0.559103,0.168645,0.5849268,0.05389796,-0.06005649,0.1128734,0.1387522,0.01609988,-0.07392084,0.1432021,0.1619578,0.009013939,-0.05437577,0.07678153,0.09451655,0.05399982,-0.06010447,0.1128026,0.138755,0.01620113,-0.0738882,0.1432433,0.1619895,0.009015759,-0.05427895,0.07677161,0.094453,0.02219147,-0.06243329,0.1082848,0.1269487,-0.8933187,-0.1139128,0.4206218,0.1099227,167.3783,-0.8987651,-0.1146073,0.4231862,14.3769,0,0,0,0,0,0,0,0,0,1,0,0,0.3617634,False,True,False,0.05124345,0.9757313,0.2431711,1.006881,0.6610796,0.05262173,0.2805468,0.6939007,92.12064,0.918076,0.07307855,0.38961,-0.001243453,0.02426875,0.05682892,0.0618065,0.1608756,0.194686,0.399748,0.8811458,56.43821,0.3402292,0.4117337,0.845411,0.03366645,1.103437,-0.03779555,1.104597,0.02430341,0.0706047,-0.03212218,0.9966908,9.325073,0.2989837,0.8685884,-0.3951713,False
1773055719578,10.31798,0.1363665,0.8841003,0.2027545,0.9172451,-0.05004221,-0.4105502,-0.7449915,0.5233852,116.8808,-0.05872836,-0.481812,-0.8743045,0.04654778,0.9708993,0.2225451,0.9971653,0.04320318,0.9885804,0.2390041,1.017979,0.0386897,0.9637793,0.2282921,0.9912037,-0.01481113,-0.07696169,0.1086531,0.13397,-0.01827079,-0.07227249,0.1338213,0.1531838,-0.002446597,-0.0795225,0.1106062,0.1362481,-0.01475388,-0.07722466,0.108484,0.133978,-0.01816569,-0.07234069,0.1338889,0.1532626,-0.002460881,-0.07938111,0.1105026,0.1360818,-0.01383804,-0.07484886,0.1240025,0.1455007,0.003623004,0.6481925,-0.1273744,0.7507391,82.69112,0.005484425,0.9812195,-0.1928165,1.649522,-0.009401072,-0.05763883,0.1178953,0.1315672,0.4583121,0.7895969,0.3955252,0.1002341,168.4947,0.4606318,0.7935935,0.3975271,0.3727203,True,False,True,-0.102431,0.595453,0.125957,0.6171885,-0.1090797,-0.2238734,-0.3344483,-0.9089152,310.7117,-0.2615938,-0.536891,-0.8020707,0.01478422,0.5810269,0.1825917,0.6092212,0.01171764,0.5463425,0.2149993,0.5872411,-0.0331838,0.558887,0.1687361,0.5847459,0.05387029,-0.06004755,0.1128899,0.138751,0.01607429,-0.07393147,0.1431871,0.1619469,0.009014424,-0.05439263,0.07678348,0.09452788,0.05397731,-0.06009459,0.1128178,0.1387543,0.01617909,-0.07389571,0.1432336,0.1619821,0.009015528,-0.05429872,0.07677367,0.09446601,0.02217895,-0.06244171,0.1082859,0.1269516,-0.893383,-0.1141904,0.4204551,0.1097495,167.3983,-0.8988124,-0.1148844,0.4230104,14.37072,0,0,0,0,0,0,0,0,0,1,0,0,0.3620009,False,True,False,0.05137767,0.9759694,0.2433363,1.007159,0.6607178,0.05046649,0.2809854,0.6942279,92.06855,0.9179757,0.07011618,0.3903902,-0.001377668,0.02403057,0.05666374,0.06156415,0.160205,0.1961074,0.4011359,0.8803217,56.63762,0.3377165,0.4133996,0.8456054,0.03254462,1.10336,-0.03779001,1.104487,0.02494185,0.06830703,-0.03073101,0.996879,9.055841,0.3159394,0.8652478,-0.3892708,False
1773055719592,10.33178,0.1365365,0.8842196,0.2029292,0.917424,-0.04977632,-0.4104148,-0.7454392,0.5228791,116.9489,-0.05839502,-0.4814776,-0.8745111,0.04687087,0.9711789,0.2227698,0.9975027,0.04353838,0.9887137,0.23912,1.01815,0.03891014,0.9639708,0.2284339,0.9914311,-0.01489085,-0.07687692,0.1087143,0.1339799,-0.0183107,-0.07223725,0.1337003,0.1530662,-0.002449553,-0.07954831,0.1105874,0.136248,-0.01478222,-0.0771526,0.1085316,0.1339782,-0.01819564,-0.07231934,0.1338499,0.1532219,-0.002458541,-0.07941577,0.1105202,0.1361162,-0.01383317,-0.07484372,0.1239561,0.145458,0.007082212,0.6492881,-0.129199,0.7494547,82.91366,0.01069731,0.9807155,-0.1951483,1.649236,-0.009396509,-0.05763398,0.1178515,0.1315255,0.4583121,0.7895969,0.3955252,0.1002341,168.4947,0.4606319,0.7935935,0.3975271,0.4170575,True,False,True,-0.1024972,0.5950278,0.1259403,0.6167858,-0.1086264,-0.2241154,-0.334714,-0.908812,310.6834,-0.2603664,-0.5371817,-0.8022752,0.01472385,0.5807186,0.1825871,0.6089244,0.01169048,0.5460668,0.2149965,0.586983,-0.03321811,0.5585537,0.1687319,0.584428,0.05383816,-0.06005492,0.1128983,0.1387485,0.01605819,-0.07394372,0.1431698,0.1619356,0.009015687,-0.05439461,0.076773,0.09452063,0.05394854,-0.0600864,0.1128344,0.1387531,0.01615411,-0.07390562,0.1432204,0.1619725,0.00901556,-0.05431854,0.07677352,0.09447729,0.02216295,-0.06245119,0.1082842,0.126952,-0.8934707,-0.1144841,0.42023,0.1095915,167.4165,-0.898885,-0.1151778,0.4227765,14.36266,0,0,0,0,0,0,0,0,0,1,0,0,0.3616742,False,True,False,0.05137764,0.9759694,0.2433363,1.007159,0.6607178,0.0504665,0.2809854,0.6942279,92.06855,0.9179757,0.07011619,0.3903902,-0.001377638,0.02403057,0.05666374,0.06156415,0.160205,0.1961074,0.4011359,0.8803217,56.6376,0.3377166,0.4133998,0.8456056,0.03098399,1.103393,-0.03794526,1.10448,0.02557839,0.06533041,-0.02722632,0.9971642,8.631949,0.3398819,0.8681006,-0.3617793,False
1773055719606,10.34599,0.1365876,0.8843639,0.2030051,0.9175875,-0.04592741,-0.4097687,-0.7491587,0.5184028,117.5496,-0.05370768,-0.479185,-0.8760691,0.04841756,0.9728678,0.2236139,0.9994095,0.04413526,0.9891788,0.2390043,1.0186,0.03931752,0.9646426,0.2281997,0.9920465,-0.01571078,-0.07557905,0.109691,0.1341311,-0.01835389,-0.07222897,0.1334976,0.1528905,-0.00245445,-0.07957446,0.1105647,0.1362449,-0.01497877,-0.07681824,0.1087775,0.1340073,-0.01822912,-0.07230023,0.1337752,0.1531517,-0.002457676,-0.07944945,0.1105297,0.1361436,-0.01376153,-0.0748383,0.1237863,0.1453038,0.01971899,0.6570922,-0.1327783,0.741762,84.23654,0.02940223,0.9797649,-0.1979806,1.653042,-0.009328878,-0.05762884,0.1176912,0.1313748,0.4583121,0.7895969,0.3955252,0.1002341,168.4947,0.4606319,0.7935935,0.3975272,0.5255117,True,False,True,-0.1026142,0.5948663,0.1259463,0.6166506,-0.1081528,-0.2243961,-0.3351628,-0.9086338,310.6345,-0.2589903,-0.5373548,-0.8026046,0.01462306,0.5807134,0.1825974,0.6089201,0.0116349,0.5460916,0.2149881,0.587002,-0.0332929,0.5585169,0.1687427,0.5844002,0.05380387,-0.06006828,0.1129066,0.1387478,0.01604419,-0.07396712,0.1431328,0.1619122,0.009017834,-0.0543886,0.07675633,0.09450383,0.05391791,-0.06008257,0.1128497,0.138752,0.01613084,-0.07391862,0.1432019,0.1619597,0.009016041,-0.05433338,0.07676989,0.09448291,0.02214617,-0.06246021,0.1082769,0.1269473,-0.8935698,-0.114758,0.4199665,0.1095076,167.4261,-0.8989763,-0.1154523,0.4225076,14.3534,0,0,0,0,0,0,0,0,0,1,0,0,0.3615059,False,True,False,0.05162966,0.9761098,0.2434997,1.007347,0.6609195,0.04977012,0.2808882,0.6941255,92.08485,0.91813,0.06913919,0.3902017,-0.001629654,0.0238902,0.05650035,0.06136519,0.1598106,0.1961806,0.4017193,0.8801111,56.6885,0.3366078,0.4132136,0.8461379,0.02968825,1.103243,-0.03817971,1.104303,0.02611588,0.06342066,-0.02542251,0.9973211,8.389493,0.3570333,0.8670315,-0.3475542,False
1773055719619,10.35935,0.1366282,0.8851868,0.2031435,0.9184172,-0.02878466,-0.4074302,-0.7612141,0.5037114,119.5083,-0.03332052,-0.4716326,-0.8811654,0.05234228,0.9778922,0.2235302,1.004479,0.04527446,0.9906494,0.2387406,1.020016,0.04011273,0.9667577,0.2272484,0.9939171,-0.0193665,-0.07356408,0.1108913,0.1344754,-0.01841795,-0.07212377,0.133148,0.1525432,-0.002448688,-0.07958027,0.1106073,0.1362827,-0.01586405,-0.07615815,0.109205,0.1340801,-0.01826715,-0.07226472,0.1336488,0.153029,-0.002455866,-0.07947588,0.1105454,0.1361717,-0.01359044,-0.07488298,0.1231837,0.1447977,0.03807319,0.6710116,-0.1368537,0.7277122,86.61012,0.05550977,0.9783183,-0.1995294,1.724432,-0.009167364,-0.05767103,0.1171224,0.1308726,0.4583121,0.7895969,0.3955252,0.1002341,168.4947,0.4606318,0.7935935,0.3975271,1.128917,True,False,True,-0.1025914,0.5947348,0.1259996,0.6165309,-0.1077479,-0.2245885,-0.3354427,-0.908531,310.6063,-0.2578828,-0.5375277,-0.8028452,0.01464685,0.5806663,0.1826681,0.608897,0.01169126,0.5461002,0.2150541,0.5870352,-0.03323738,0.5584674,0.1688117,0.5843698,0.05375374,-0.06009449,0.1129157,0.1387471,0.01603087,-0.07397813,0.1431141,0.1618993,0.009017648,-0.05439456,0.0767516,0.09450341,0.05388483,-0.06008497,0.112863,0.138751,0.01611071,-0.07393059,0.1431842,0.1619475,0.009016364,-0.05434571,0.07676621,0.09448704,0.02212836,-0.06246919,0.1082684,0.1269413,-0.8936766,-0.1149466,0.4196976,0.1094682,167.4307,-0.8990799,-0.1156416,0.4222352,14.34272,0,0,0,0,0,0,0,0,0,1,0,0,0.3622364,False,True,False,0.05202935,0.9764225,0.2434335,1.007655,0.6624463,0.0430734,0.2814879,0.6928739,92.28393,0.9187134,0.05973633,0.3903814,-0.002029348,0.02357745,0.05656654,0.0613171,0.1553674,0.198061,0.4064687,0.8783031,57.12336,0.3249654,0.4142628,0.8501668,0.02843067,1.10324,-0.03836098,1.104273,0.02677406,0.06150457,-0.02345208,0.997472,8.149833,0.3767764,0.8655197,-0.3300281,False
1773055719633,10.37345,0.1366773,0.8862955,0.2033221,0.9195327,-0.01338261,-0.4050796,-0.7714542,0.4904997,121.2531,-0.01535687,-0.4648386,-0.8852623,0.05539952,0.9818927,0.2238151,1.008601,0.04630479,0.9923124,0.2386861,1.021665,0.04085223,0.9689932,0.2265308,0.9959583,-0.02182797,-0.07211819,0.1116386,0.1346873,-0.01848127,-0.07197914,0.1328901,0.1522574,-0.00244196,-0.07958265,0.110656,0.1363236,-0.01712709,-0.07530005,0.1097197,0.134171,-0.01831216,-0.07220471,0.1334893,0.1528668,-0.002452943,-0.07949839,0.1105687,0.1362037,-0.01339777,-0.07492987,0.1223649,0.1441081,0.05764723,0.6847671,-0.1405341,0.7127559,89.08083,0.08218738,0.9762692,-0.2003588,1.83364,-0.008985501,-0.0577153,0.1163495,0.1301883,0.4583121,0.7895969,0.3955252,0.1002341,168.4947,0.4606319,0.7935935,0.3975271,1.245748,True,False,True,-0.1025656,0.5946009,0.1260577,0.6164093,-0.1073427,-0.2247905,-0.3357082,-0.9084309,310.5788,-0.2567792,-0.5377314,-0.8030625,0.0146742,0.5806101,0.1827406,0.6088658,0.01175153,0.5461057,0.2151237,0.5870671,-0.03317942,0.5584149,0.1688854,0.5843375,0.05370076,-0.06012452,0.112924,0.1387464,0.01601857,-0.07398856,0.1430959,0.1618868,0.009017336,-0.05439969,0.07674724,0.09450279,0.05384611,-0.06009328,0.1128758,0.1387499,0.01609133,-0.07394277,0.1431657,0.1619348,0.009016568,-0.05435706,0.07676222,0.09449036,0.02210779,-0.06247905,0.1082581,0.1269338,-0.8938015,-0.1150758,0.4193971,0.1094646,167.4311,-0.8992051,-0.1157715,0.4219326,14.32964,0,0,0,0,0,0,0,0,0,1,0,0,0.3630497,False,True,False,0.05260907,0.9773064,0.2429228,1.008418,0.6678752,0.01940198,0.2869328,0.6864663,93.29794,0.9184687,0.0266818,0.3945929,-0.00260907,0.02269357,0.05707718,0.06147854,0.1368742,0.20632,0.421195,0.8725207,58.49421,0.2801486,0.4222874,0.862085,0.02718439,1.103183,-0.03851439,1.10419,0.02726833,0.05950765,-0.02143152,0.9976252,7.898956,0.395901,0.8639741,-0.3111579,False
1773055719647,10.38723,0.1367237,0.8874741,0.2035041,0.9207157,-0.001047343,-0.4030288,-0.779245,0.4799416,122.6368,-0.001193825,-0.4593966,-0.8882306,0.05783491,0.9851716,0.2243128,1.01204,0.0471414,0.9938885,0.2387479,1.023248,0.04144937,0.971049,0.2260577,0.9978759,-0.02369153,-0.07095107,0.1121881,0.1348388,-0.01854067,-0.07182454,0.1326856,0.1520131,-0.002434233,-0.07958177,0.1107107,0.1363674,-0.01850009,-0.07438997,0.1102332,0.1342665,-0.01835933,-0.07212625,0.1333236,0.1526907,-0.002449083,-0.07951564,0.1105982,0.1362376,-0.01325095,-0.07494851,0.1215298,0.1433958,0.07475278,0.6954033,-0.1434054,0.7001865,91.11606,0.1047017,0.9740089,-0.2008592,1.955124,-0.008846878,-0.0577329,0.1155612,0.1294826,0.4583121,0.7895969,0.3955252,0.1002341,168.4947,0.4606318,0.7935935,0.3975272,1.267866,True,False,True,-0.102537,0.5944646,0.1261204,0.6162859,-0.1069192,-0.2250108,-0.335972,-0.9083288,310.5508,-0.2556306,-0.5379729,-0.8032674,0.01470581,0.580551,0.1828149,0.6088325,0.01181754,0.546115,0.2151977,0.5871041,-0.03311773,0.5583633,0.1689642,0.5843076,0.05364506,-0.06015835,0.1129318,0.1387458,0.01600718,-0.07399857,0.1430782,0.1618746,0.009016962,-0.05440403,0.07674316,0.09450194,0.05380459,-0.0601067,0.1128873,0.138749,0.01607396,-0.07395428,0.1431476,0.1619224,0.009016649,-0.05436676,0.0767583,0.09449275,0.02208596,-0.06248912,0.1082469,0.1269255,-0.8939353,-0.115139,0.4190867,0.1094952,167.4276,-0.8993427,-0.1158355,0.4216217,14.31514,0,0,0,0,0,0,0,0,0,1,0,0,0.3640135,False,True,False,0.05319858,0.9782472,0.2423759,1.009229,0.6723791,-0.001579368,0.2917649,0.6802772,94.26938,0.9173541,-0.002154796,0.3980667,-0.003198575,0.02175283,0.05762413,0.06167623,0.1202272,0.2135652,0.4339162,0.8669788,59.78114,0.2412529,0.4285488,0.8707142,0.02600258,1.103099,-0.03877143,1.104086,0.02731806,0.05804047,-0.01914445,0.9977568,7.67678,0.4080817,0.8670181,-0.285983,False
1773055719661,10.4012,0.1372229,0.8891714,0.2033157,0.9223845,0.01938945,-0.3968184,-0.7899672,0.4670236,124.3175,0.02192769,-0.4487653,-0.8933806,0.06038535,0.9883747,0.2253387,1.015534,0.04800811,0.9955739,0.2396483,1.025136,0.04203623,0.9735642,0.2261989,1.00038,-0.02539871,-0.06991084,0.1126122,0.1349597,-0.01860685,-0.07150341,0.1328905,0.1520488,-0.002326437,-0.07946241,0.1114836,0.1369244,-0.01996739,-0.0734391,0.1107346,0.1343657,-0.01841101,-0.0719962,0.1332333,0.1525566,-0.002423491,-0.07950451,0.1107838,0.1363814,-0.01319714,-0.07489493,0.1208009,0.1427455,0.08798153,0.7006662,-0.1461783,0.69279,92.29726,0.1220035,0.9716101,-0.2027047,2.095169,-0.008796064,-0.0576823,0.1148731,0.1288427,0.4583121,0.7895969,0.3955252,0.1002341,168.4947,0.4606318,0.7935935,0.3975271,1.274701,True,False,True,-0.1026148,0.594292,0.1260876,0.6161258,-0.1065705,-0.2251787,-0.3361839,-0.9082499,310.5292,-0.2546924,-0.5381538,-0.8034446,0.01462205,0.5804093,0.1827989,0.6086906,0.01176655,0.546057,0.2151627,0.5870363,-0.03317256,0.5582607,0.1689436,0.5842066,0.05357157,-0.06020495,0.1129401,0.1387444,0.01600012,-0.07401384,0.1430501,0.1618561,0.009016831,-0.05440583,0.07673597,0.09449712,0.05375592,-0.06012718,0.1128983,0.138748,0.01605855,-0.0739667,0.1431273,0.1619085,0.009016687,-0.05437491,0.07675364,0.09449366,0.02206091,-0.06250016,0.1082325,0.1269142,-0.8940915,-0.1151404,0.4187315,0.1095759,167.4183,-0.8995081,-0.115838,0.4212683,14.29732,0,0,0,0,0,0,0,0,0,1,0,0,0.3657818,False,True,False,0.05374549,0.9791666,0.2418814,1.010031,0.6757393,-0.01815999,0.295608,0.6750278,95.08738,0.9158937,-0.02461395,0.4006656,-0.003745493,0.02083337,0.05811861,0.0618533,0.1068772,0.2192454,0.443735,0.8623271,60.84223,0.2110732,0.4329905,0.8763376,0.02491579,1.103055,-0.03902675,1.104027,0.02759334,0.05655826,-0.01755451,0.9978635,7.491923,0.4223518,0.8656974,-0.2686945,False
1773055719674,10.415,0.1376973,0.8908103,0.2031284,0.9239939,0.03596124,-0.391719,-0.7982653,0.456109,125.7274,0.04040935,-0.4401715,-0.8970042,0.06274378,0.9913,0.2263539,1.018749,0.04880365,0.9971743,0.2403002,1.02688,0.04249568,0.975992,0.2264927,1.002829,-0.02697904,-0.06888101,0.1130047,0.1350649,-0.0186698,-0.07121828,0.133019,0.1520351,-0.002199529,-0.07930686,0.1123928,0.1375738,-0.02145183,-0.07247809,0.1112089,0.1344644,-0.01846451,-0.07183526,0.133189,0.1524486,-0.002377214,-0.0794636,0.1111182,0.1366286,-0.01325075,-0.07476739,0.1202129,0.1421861,0.09784839,0.7018965,-0.148825,0.6896507,92.79508,0.1351231,0.9692799,-0.2055191,2.239775,-0.008846701,-0.05756188,0.114318,0.1282975,0.4583121,0.7895969,0.3955252,0.1002341,168.4947,0.4606319,0.7935935,0.3975272,1.277615,True,False,True,-0.1026967,0.5941154,0.1260529,0.6159618,-0.1062314,-0.2253468,-0.3363805,-0.9081751,310.5087,-0.2537837,-0.5383468,-0.8036027,0.01453362,0.5802527,0.1827796,0.6085333,0.01171099,0.5459906,0.215123,0.5869589,-0.03323305,0.5581517,0.1689202,0.5840992,0.05349345,-0.0602562,0.112948,0.138743,0.01599434,-0.07402943,0.1430212,0.161837,0.009016662,-0.05440671,0.07672852,0.09449156,0.05370164,-0.06015382,0.1129086,0.1387469,0.01604528,-0.07397965,0.1431054,0.1618937,0.009016681,-0.05438149,0.07674845,0.09449323,0.02203339,-0.0625119,0.1082154,0.1269007,-0.8942655,-0.1150834,0.4183428,0.1097013,167.4038,-0.8996955,-0.1157822,0.420883,14.27679,0,0,0,0,0,0,0,0,0,1,0,0,0.3675969,False,True,False,0.05440471,0.9800901,0.2417262,1.010924,0.6827899,-0.04073483,0.3027145,0.6637037,96.8341,0.9128261,-0.05445865,0.4047008,-0.004404712,0.01990986,0.05827376,0.06173844,0.08396336,0.2256687,0.4556892,0.8569546,62.04732,0.1629117,0.4378584,0.8841605,0.02384557,1.103057,-0.03928629,1.104014,0.02777405,0.05544424,-0.01568324,0.9979523,7.334607,0.4342207,0.8668176,-0.2451924,False
1773055719691,10.43187,0.1379141,0.8925902,0.2032122,0.9257607,0.04413727,-0.388236,-0.8027912,0.4503897,126.4626,0.04943512,-0.4348365,-0.8991514,0.06345408,0.9932669,0.2271523,1.020884,0.0493798,0.9987456,0.240712,1.02853,0.04262055,0.9783794,0.2274536,1.005374,-0.02713677,-0.06875282,0.1130331,0.1350549,-0.01872446,-0.07119807,0.1326691,0.1517263,-0.002072376,-0.07912607,0.1133332,0.1382376,-0.0228615,-0.07155927,0.1116545,0.1345738,-0.01852735,-0.0716811,0.1330635,0.1522739,-0.002303558,-0.07938197,0.111657,0.1370185,-0.01339069,-0.07458654,0.1197369,0.1417018,0.1046205,0.6992849,-0.1509312,0.690851,92.60498,0.1447038,0.9672027,-0.2087577,2.359731,-0.008978778,-0.05739117,0.1138687,0.1278298,0.4583121,0.7895969,0.3955252,0.1002341,168.4947,0.4606319,0.7935935,0.3975272,1.209073,True,False,True,-0.1027952,0.5939488,0.1260017,0.6158072,-0.10593,-0.2254248,-0.3365177,-0.90814,310.4991,-0.2530177,-0.5384353,-0.8037847,0.01442479,0.5801151,0.1827552,0.6083922,0.01161714,0.545906,0.2150764,0.5868613,-0.0333202,0.5580345,0.1688863,0.5839823,0.0534454,-0.06028571,0.1129542,0.1387423,0.0159886,-0.07404579,0.1429898,0.1618163,0.009016559,-0.05441113,0.07672186,0.0944887,0.05363968,-0.06018564,0.1129196,0.1387457,0.01603158,-0.07399562,0.1430775,0.161875,0.009016652,-0.05438865,0.07674204,0.09449214,0.02200243,-0.06252562,0.1081936,0.1268835,-0.8944626,-0.1150191,0.4178966,0.1098618,167.3853,-0.8999099,-0.1157196,0.4204416,14.25268,0,0,0,0,0,0,0,0,0,1,0,0,0.3667651,False,True,False,0.05513287,0.9811921,0.2415277,1.011985,0.6880178,-0.05919959,0.3083136,0.6542704,98.27131,0.9097627,-0.07827934,0.4076817,-0.005132865,0.01880795,0.05847232,0.06163682,0.06538866,0.2309167,0.4652636,0.8520163,63.1367,0.1249031,0.4410886,0.8887297,0.02280817,1.103067,-0.03957554,1.104012,0.0278328,0.05429585,-0.01373447,0.9980424,7.171225,0.4450397,0.8681774,-0.2196109,False
1773055719703,10.44303,0.1381101,0.894204,0.203279,0.9273605,0.05189329,-0.3851298,-0.8068914,0.4448691,127.1701,0.05794277,-0.4300264,-0.900955,0.06419764,0.9950879,0.2278608,1.02286,0.04991776,1.000166,0.2410122,1.030005,0.04271475,0.9805536,0.2282995,1.007686,-0.02736936,-0.0685626,0.1130511,0.1350202,-0.01878087,-0.07117037,0.1323207,0.1514156,-0.001952377,-0.07894602,0.1142211,0.1388623,-0.02367038,-0.0710253,0.1119006,0.1346351,-0.01857148,-0.07159209,0.1329342,0.1521244,-0.002242447,-0.0793061,0.1121073,0.1373409,-0.0135155,-0.07444759,0.1195039,0.1414437,0.1074426,0.6956703,-0.1519088,0.6938463,92.1293,0.1492003,0.9660436,-0.2109484,2.415516,-0.009096632,-0.05726006,0.1136488,0.1275834,0.4583121,0.7895969,0.3955252,0.1002341,168.4947,0.4606319,0.7935935,0.3975272,1.135932,True,False,True,-0.102898,0.5937798,0.1259479,0.6156504,-0.1056384,-0.2254964,-0.3366411,-0.9081105,310.4911,-0.2522824,-0.5385237,-0.8039563,0.01431136,0.5799698,0.1827276,0.6082426,0.0115172,0.5458141,0.2150251,0.586755,-0.03341335,0.5579119,0.1688496,0.5838599,0.05339788,-0.06031617,0.1129596,0.1387416,0.0159841,-0.07406271,0.1429569,0.1617945,0.009016369,-0.05441533,0.07671516,0.09448566,0.05359757,-0.06020832,0.1129266,0.1387449,0.01602332,-0.07400728,0.1430565,0.161861,0.009016602,-0.05439329,0.07673737,0.09449102,0.0219817,-0.06253517,0.1081773,0.1268707,-0.8945956,-0.1149751,0.4175921,0.1099832,167.3713,-0.9000559,-0.1156769,0.420141,14.2358,0,0,0,0,0,0,0,0,0,1,0,0,0.3672433,False,True,False,0.05578934,0.9826498,0.241751,1.013487,0.6911674,-0.0686745,0.3104573,0.6489898,99.06904,0.908478,-0.09026652,0.4080685,-0.005789336,0.0173502,0.058249,0.06105318,0.05565067,0.2327137,0.4704649,0.8493587,63.71602,0.1054357,0.4408993,0.8913426,0.02177026,1.103001,-0.03979965,1.103933,0.02765939,0.0533719,-0.01234978,0.9981152,7.036725,0.4507118,0.8696992,-0.2012407,False
1773055719717,10.45674,0.1382864,0.8956613,0.2033321,0.9288036,0.05978903,-0.3820705,-0.8109119,0.439169,127.8983,0.06655024,-0.4252767,-0.9026134,0.0651097,0.9968458,0.2286523,1.024804,0.05043402,1.001441,0.2412808,1.031332,0.04279187,0.9825461,0.2290789,1.009804,-0.02778011,-0.06819075,0.1131231,0.1349761,-0.0188392,-0.0711305,0.1319856,0.1511114,-0.001836989,-0.07876383,0.1150753,0.1394612,-0.02454262,-0.07042813,0.1121552,0.1346894,-0.01862659,-0.07149695,0.1327389,0.1519157,-0.002159,-0.0791946,0.1127247,0.1377799,-0.01368954,-0.07425988,0.1192876,0.1411789,0.110099,0.6899534,-0.1526663,0.6989532,91.31385,0.1539485,0.9647439,-0.2134694,2.46124,-0.009260918,-0.05708287,0.1134446,0.1273338,0.4583121,0.789597,0.3955252,0.1002341,168.4947,0.4606318,0.7935935,0.3975271,1.052222,True,False,True,-0.1030053,0.5936079,0.1258914,0.6154909,-0.1053406,-0.225566,-0.3367581,-0.9080844,310.4839,-0.2515374,-0.5386171,-0.804127,0.01419343,0.5798209,0.1826976,0.608089,0.01141194,0.5457196,0.2149715,0.5866455,-0.03351182,0.5577863,0.1688115,0.5837345,0.05335095,-0.06034726,0.1129645,0.1387411,0.0159806,-0.07407991,0.142923,0.1617721,0.009016094,-0.05441932,0.07670849,0.09448251,0.05354679,-0.06023687,0.1129344,0.1387441,0.01601454,-0.07402221,0.1430291,0.1618427,0.009016498,-0.05439864,0.07673144,0.09448928,0.02195706,-0.06254698,0.1081559,0.126854,-0.8947546,-0.1149211,0.417224,0.1101434,167.3528,-0.9002318,-0.1156246,0.419778,14.21488,0,0,0,0,0,0,0,0,0,1,0,0,0.3670952,False,True,False,0.05627672,0.9840949,0.2420147,1.014978,0.6938807,-0.07766902,0.3125633,0.6440508,99.81091,0.907054,-0.1015304,0.4085887,-0.006276723,0.01590514,0.05798528,0.06045381,0.04653753,0.2346127,0.4752943,0.8466916,64.29276,0.08746272,0.4409314,0.8932689,0.02078398,1.102995,-0.04006131,1.103918,0.02748195,0.05214504,-0.01056469,0.9982054,6.866155,0.4589299,0.8707868,-0.1764232,False
1773055719730,10.47046,0.1385437,0.8969026,0.2032579,0.9300228,0.06834042,-0.3792804,-0.8152504,0.4322532,128.7787,0.07578625,-0.4206037,-0.9040736,0.06553419,0.9978539,0.2291252,1.025917,0.05100592,1.002758,0.241446,1.032677,0.04324547,0.9842424,0.2290692,1.011472,-0.02726624,-0.06814741,0.113058,0.1347948,-0.01887646,-0.07111318,0.1319004,0.1510335,-0.001801266,-0.07872232,0.1153241,0.1396427,-0.02512085,-0.06994742,0.1123432,0.1347022,-0.01867804,-0.07141782,0.132566,0.1517337,-0.002085343,-0.07909752,0.1132664,0.1381667,-0.01382244,-0.0740876,0.1191725,0.1410039,0.1130951,0.6845427,-0.153199,0.7036625,90.55682,0.1591691,0.9634196,-0.215611,2.479278,-0.00938637,-0.05692022,0.1133359,0.1271733,0.4583121,0.7895969,0.3955252,0.1002341,168.4947,0.4606318,0.7935935,0.3975271,0.793424,True,False,True,-0.1030562,0.5934434,0.1258647,0.6153353,-0.1050869,-0.2256688,-0.3369187,-0.9080287,310.4687,-0.2508591,-0.5387073,-0.8042788,0.01414236,0.5797012,0.1826857,0.6079701,0.01137652,0.5456392,0.21494,0.5865583,-0.03354594,0.5576693,0.1687927,0.5836192,0.05331809,-0.06036752,0.1129713,0.1387428,0.0159782,-0.0740918,0.1428962,0.1617536,0.009015861,-0.05442517,0.0767016,0.09448027,0.05349969,-0.06026373,0.112942,0.1387437,0.01600706,-0.07403652,0.1430017,0.1618244,0.009016367,-0.0544041,0.0767253,0.09448743,0.02193442,-0.0625581,0.1081343,0.1268372,-0.894904,-0.1148785,0.4168757,0.1102927,167.3356,-0.9003972,-0.1155837,0.4194346,14.1951,0,0,0,0,0,0,0,0,0,1,0,0,0.3661814,False,True,False,0.0567883,0.9854172,0.2422658,1.016349,0.6964443,-0.08682878,0.3147381,0.6390353,100.5602,0.9054404,-0.1128852,0.4091879,-0.006788302,0.01458281,0.05773419,0.0599331,0.03733167,0.2366549,0.4801267,0.8438479,64.9026,0.06957302,0.4410409,0.8947862,0.01977052,1.102959,-0.04038905,1.103876,0.02726347,0.05117163,-0.008871216,0.9982783,6.725332,0.4648046,0.8724058,-0.151242,False
1773055719744,10.48437,0.1387786,0.8980661,0.20319,0.9311651,0.07725504,-0.3762948,-0.8196014,0.4250734,129.6894,0.0853497,-0.4157224,-0.9054779,0.06594548,0.9987985,0.2296074,1.02697,0.0515561,1.003964,0.2416206,1.033916,0.04364166,0.9858826,0.229158,1.013105,-0.0267972,-0.06810319,0.1129927,0.1346235,-0.0189158,-0.0710976,0.1317858,0.150931,-0.001752879,-0.07865453,0.1156669,0.1398872,-0.02548027,-0.06955456,0.1124799,0.1346804,-0.01872754,-0.07135107,0.1324034,0.1515663,-0.002016129,-0.07900549,0.1137727,0.1385286,-0.01391203,-0.07393045,0.119122,0.1408876,0.1162331,0.6789463,-0.1534927,0.7084926,89.7752,0.1647019,0.9620642,-0.2174985,2.477471,-0.009470918,-0.05677183,0.1132882,0.1270707,0.4583121,0.7895969,0.3955251,0.1002341,168.4947,0.4606319,0.7935935,0.3975271,0.5945327,True,False,True,-0.1031074,0.5932772,0.1258375,0.6151781,-0.1048313,-0.2257744,-0.3370801,-0.9079721,310.4532,-0.2501757,-0.5388017,-0.8044283,0.01409215,0.5795826,0.1826724,0.6078518,0.01134168,0.5455586,0.2149076,0.5864709,-0.03358009,0.557551,0.1687734,0.5835025,0.05328752,-0.06038686,0.1129779,0.1387448,0.01597671,-0.07410333,0.1428692,0.1617349,0.009015577,-0.05443101,0.07669473,0.09447802,0.05345551,-0.06028932,0.1129494,0.1387439,0.01600075,-0.0740504,0.1429742,0.1618058,0.009016203,-0.0544097,0.07671895,0.09448547,0.02191341,-0.06256873,0.1081125,0.1268201,-0.8950458,-0.114846,0.4165425,0.110434,167.3193,-0.9005541,-0.1155528,0.419106,14.17615,0,0,0,0,0,0,0,0,0,1,0,0,0.3653193,False,True,False,0.05737815,0.986671,0.2423325,1.017613,0.6986611,-0.09738047,0.3170412,0.6339358,101.3178,0.9033799,-0.1259145,0.4099394,-0.00737815,0.01332897,0.05766746,0.05964591,0.02758309,0.2394297,0.4857501,0.840214,65.67457,0.05086737,0.4415444,0.8957964,0.01892264,1.103013,-0.04060125,1.103922,0.02730593,0.04977148,-0.007263841,0.9983609,6.561957,0.4771042,0.8696347,-0.1269178,False
1773055719758,10.49872,0.1390202,0.8980286,0.2033514,0.9312001,0.08099788,-0.3727634,-0.8227797,0.4213316,130.1626,0.08931226,-0.4110273,-0.9072375,0.06651002,0.9987612,0.2305332,1.027177,0.05218986,1.003945,0.2425456,1.034146,0.04417001,0.9860851,0.2299016,1.013494,-0.02668885,-0.06815902,0.1129553,0.1345988,-0.0189417,-0.07110205,0.1317581,0.1509122,-0.001735551,-0.07866521,0.1157486,0.1399606,-0.02574543,-0.06925014,0.1125823,0.1346595,-0.01877323,-0.07129788,0.1322655,0.1514265,-0.001956255,-0.07893302,0.1142001,0.1388378,-0.01398195,-0.07380316,0.1190964,0.1408061,0.1186522,0.6741585,-0.1536304,0.7126216,89.10276,0.169129,0.9609577,-0.2189876,2.471052,-0.009536919,-0.05665168,0.1132641,0.1270005,0.4583121,0.7895969,0.3955252,0.1002341,168.4947,0.4606319,0.7935935,0.3975272,0.510166,True,False,True,-0.103144,0.5931767,0.1257791,0.6150753,-0.1046064,-0.22595,-0.3371907,-0.9079133,310.4371,-0.2495632,-0.5390568,-0.8044479,0.01406576,0.5795228,0.1826078,0.6077748,0.01133263,0.5455384,0.2148336,0.5864248,-0.03360611,0.557506,0.1687116,0.5834431,0.05326046,-0.06040527,0.1129837,0.1387472,0.01597602,-0.07411008,0.1428496,0.1617206,0.009017597,-0.05442046,0.07668166,0.09446153,0.05341389,-0.06031401,0.1129567,0.1387445,0.01599548,-0.07406311,0.1429476,0.1617876,0.0090165,-0.05441199,0.07671101,0.09448037,0.02189349,-0.06257728,0.10809,0.1268018,-0.8951877,-0.1148011,0.4162084,0.1105902,167.3013,-0.9007127,-0.1155097,0.4187772,14.15839,0,0,0,0,0,0,0,0,0,1,0,0,0.3644158,False,True,False,0.05786914,0.9878326,0.242466,1.018799,0.7008805,-0.1082705,0.319436,0.6284941,102.1218,0.9010895,-0.1391984,0.4106841,-0.007869143,0.01216739,0.05753405,0.05933074,0.01741099,0.2422625,0.4914473,0.8363525,66.48615,0.03176074,0.44193,0.8964874,0.01804415,1.103031,-0.04086538,1.103935,0.02697615,0.04856522,-0.00565441,0.9984397,6.402247,0.4830886,0.8697054,-0.1012591,False
1773055719772,10.51226,0.1392037,0.8980209,0.2034713,0.9312463,0.08532098,-0.3693167,-0.8259768,0.4172384,130.6793,0.09388342,-0.4063797,-0.9088683,0.06698556,0.9987378,0.2313597,1.027371,0.05272879,1.003943,0.2433596,1.034362,0.04461675,0.9863158,0.2305281,1.01388,-0.02656982,-0.06822319,0.1129123,0.1345717,-0.01896718,-0.07111043,0.1317263,0.1508915,-0.001716762,-0.07867514,0.1158359,0.1400381,-0.02591793,-0.06903636,0.1126502,0.1346396,-0.01881275,-0.07125965,0.1321554,0.1513172,-0.001907453,-0.07888057,0.1145382,0.1390855,-0.0140287,-0.07371055,0.1190881,0.1407552,0.1203607,0.6702477,-0.1536687,0.7160079,88.54828,0.1724137,0.9601135,-0.2201267,2.462197,-0.00958108,-0.05656432,0.1132563,0.1269579,0.4583121,0.789597,0.3955252,0.1002341,168.4947,0.4606319,0.7935935,0.3975271,0.4719409,True,False,True,-0.1031799,0.5930789,0.1257184,0.6149746,-0.1043839,-0.2261367,-0.3372955,-0.9078535,310.4208,-0.2489555,-0.5393355,-0.8044491,0.01404208,0.5794671,0.1825375,0.6077,0.01132642,0.5455214,0.2147557,0.5863803,-0.03363212,0.557465,0.1686461,0.5833865,0.05323573,-0.0604228,0.1129891,0.1387497,0.01597618,-0.07411595,0.142831,0.1617069,0.009019854,-0.05440778,0.0766678,0.09444319,0.05337759,-0.06033614,0.1129633,0.1387455,0.01599155,-0.07407386,0.1429239,0.1617712,0.009017182,-0.05441114,0.07670222,0.09447281,0.021876,-0.06258336,0.1080686,0.1267835,-0.8953192,-0.1147481,0.415898,0.1107487,167.2831,-0.9008609,-0.1154583,0.4184722,14.143,0,0,0,0,0,0,0,0,0,1,0,0,0.3637192,False,True,False,0.05851441,0.9877568,0.243311,1.018964,0.703447,-0.1138081,0.3189743,0.6248724,102.6544,0.9010155,-0.145772,0.4085607,-0.008514408,0.01224315,0.05668902,0.0586177,0.01173904,0.2415571,0.4952175,0.8344293,66.88712,0.02130051,0.4383059,0.8985734,0.01721476,1.102965,-0.04110435,1.103865,0.02669856,0.04731662,-0.004550585,0.9985127,6.250492,0.4897124,0.8678947,-0.0834681,False
1773055719786,10.52605,0.139346,0.897938,0.2036522,0.9312273,0.08922386,-0.3668831,-0.8280899,0.4143707,131.0406,0.09803655,-0.4031203,-0.9098808,0.06710441,0.9985352,0.2318006,1.027281,0.05296935,1.00378,0.2439705,1.03436,0.04484177,0.9862972,0.2309588,1.01397,-0.02642121,-0.06846899,0.1127677,0.134546,-0.01898938,-0.07113012,0.1317145,0.1508933,-0.001705187,-0.07869557,0.1158672,0.1400753,-0.02602462,-0.06891664,0.1126747,0.1346194,-0.01884927,-0.07123283,0.132064,0.1512294,-0.001865618,-0.07884237,0.114817,0.139293,-0.01406285,-0.07365077,0.1190891,0.1407282,0.1208419,0.6667265,-0.1536873,0.7192032,88.02254,0.1739234,0.9595951,-0.2211965,2.452782,-0.009613322,-0.05650787,0.1132572,0.126936,0.4583121,0.7895969,0.3955252,0.1002341,168.4947,0.4606319,0.7935935,0.3975272,0.4398333,True,False,True,-0.1032528,0.5930336,0.125735,0.6149465,-0.1041202,-0.2263789,-0.3373104,-0.9078179,310.411,-0.2482809,-0.5398141,-0.8043369,0.01398638,0.579474,0.1825385,0.6077056,0.01128321,0.5455527,0.2147476,0.5864057,-0.03370541,0.5574843,0.1686605,0.5834134,0.05322523,-0.06042645,0.1129962,0.1387531,0.01597751,-0.07412472,0.1428071,0.1616899,0.009023146,-0.05437992,0.07665169,0.09441438,0.05334608,-0.06035479,0.1129701,0.1387471,0.01598865,-0.07408436,0.1428998,0.1617544,0.009018412,-0.05440469,0.07669179,0.09446075,0.02186076,-0.06258604,0.1080462,0.1267631,-0.8954427,-0.1147171,0.4155912,0.1109347,167.2616,-0.901004,-0.1154295,0.4181723,14.12955,0,0,0,0,0,0,0,0,0,1,0,0,0.3623098,False,True,False,0.0590196,0.9877017,0.2440444,1.019115,0.7058921,-0.1198697,0.3188687,0.6210237,103.2181,0.9006118,-0.1529357,0.4068283,-0.009019595,0.01229835,0.05595565,0.05799687,0.005593887,0.2412695,0.4990924,0.8322648,67.33582,0.01009038,0.4352072,0.9002739,0.01646288,1.102958,-0.04134972,1.103856,0.02651786,0.0461693,-0.003341639,0.998576,6.115998,0.4970841,0.8654556,-0.06263989,False
1773055719799,10.54006,0.1395249,0.8978518,0.2038781,0.9312203,0.09366632,-0.3642665,-0.8304089,0.4110446,131.4591,0.1027476,-0.3995836,-0.9109204,0.06723475,0.998327,0.2322084,1.02718,0.05325216,1.003613,0.2446382,1.03437,0.04511889,0.9862917,0.2314216,1.014082,-0.02624804,-0.06881088,0.1125639,0.1345159,-0.01901074,-0.07115347,0.1317024,0.1508965,-0.001693577,-0.07871664,0.1158952,0.1401102,-0.02607247,-0.06889409,0.1126513,0.1345975,-0.01888308,-0.0712162,0.1319882,0.1511595,-0.001829594,-0.07881609,0.1150459,0.1394664,-0.01408741,-0.07362409,0.1190955,0.1407221,0.1198881,0.663408,-0.1537429,0.7224125,87.49197,0.1733834,0.9594274,-0.2223445,2.443589,-0.009636474,-0.05648267,0.1132632,0.1269319,0.4583121,0.7895969,0.3955252,0.1002341,168.4947,0.4606318,0.7935935,0.3975272,0.4176197,True,False,True,-0.1033276,0.5929942,0.125755,0.6149253,-0.1038037,-0.2266851,-0.3373078,-0.9077787,310.4004,-0.2474762,-0.5404349,-0.804168,0.01393452,0.5794994,0.1825344,0.6077273,0.01124639,0.5456046,0.2147401,0.5864505,-0.03377842,0.5575187,0.1686779,0.5834555,0.05321785,-0.0604281,0.1130032,0.1387567,0.01597963,-0.07413316,0.1427834,0.1616731,0.009026741,-0.0543491,0.07663495,0.09438338,0.05331923,-0.06037011,0.112977,0.138749,0.01598677,-0.07409456,0.1428755,0.1617374,0.009020152,-0.05439307,0.07667992,0.09444458,0.02184772,-0.06258553,0.108023,0.1267408,-0.8955576,-0.1147062,0.4152899,0.1111455,167.2373,-0.9011411,-0.1154213,0.417879,14.11799,0,0,0,0,0,0,0,0,0,1,0,0,0.361043,False,True,False,0.05925259,0.9874984,0.2446003,1.019065,0.7076,-0.1244023,0.319489,0.6178617,103.6797,0.8999261,-0.1582149,0.4063263,-0.009252589,0.0125016,0.05539972,0.05754154,0.0005580513,0.2414981,0.5015591,0.8307328,67.65183,0.001002479,0.4338253,0.9009967,0.01585552,1.103046,-0.04161815,1.103945,0.02679256,0.04517795,-0.002647705,0.9986161,6.029346,0.5094441,0.8590309,-0.05034449,False
1773055719813,10.5539,0.1397482,0.8977633,0.2041586,0.9312299,0.09873474,-0.3613806,-0.8329754,0.4071947,131.9425,0.1081028,-0.3956687,-0.9120089,0.06740238,0.9981148,0.2326411,1.027082,0.05358582,1.003438,0.2453891,1.034396,0.04545812,0.9862988,0.2319385,1.014223,-0.02605426,-0.06921688,0.1123191,0.1344819,-0.01903136,-0.0711813,0.1316898,0.1509012,-0.001681805,-0.07873871,0.1159197,0.1401428,-0.02606861,-0.06896215,0.112582,0.1345736,-0.01891383,-0.07120896,0.1319262,0.1511058,-0.001798937,-0.07880006,0.1152296,0.1396085,-0.01410455,-0.07362825,0.1191042,0.1407333,0.1175443,0.660219,-0.1538591,0.7256871,86.94794,0.1708431,0.9595857,-0.2236242,2.435265,-0.009652681,-0.05648658,0.1132715,0.1269422,0.4583121,0.7895969,0.3955252,0.1002341,168.4947,0.4606319,0.7935935,0.3975272,0.4022865,True,False,True,-0.1034043,0.5929604,0.1257783,0.6149102,-0.103441,-0.227053,-0.3372825,-0.9077376,310.3891,-0.2465591,-0.5411971,-0.803937,0.01388653,0.5795416,0.1825247,0.6077635,0.01121536,0.5456739,0.214732,0.5865114,-0.03385209,0.5575669,0.1686976,0.5835115,0.05321423,-0.06042706,0.1130101,0.1387605,0.01598244,-0.07414135,0.1427597,0.1616561,0.009030648,-0.05431451,0.07661724,0.09434946,0.05329745,-0.06038191,0.1129839,0.1387514,0.01598587,-0.07410424,0.1428515,0.1617205,0.009022323,-0.0543768,0.07666694,0.09442489,0.02183709,-0.06258203,0.1079996,0.1267173,-0.8956618,-0.1147152,0.4150013,0.1113748,167.2108,-0.9012691,-0.1154333,0.4175994,14.10851,0,0,0,0,0,0,0,0,0,1,0,0,0.3599328,False,True,False,0.05949396,0.9872953,0.2451893,1.019024,0.7093869,-0.1295862,0.3202495,0.6143435,104.1915,0.8990521,-0.164233,0.405873,-0.009493958,0.01270467,0.05481067,0.05705921,-0.005086863,0.2419035,0.5043337,0.8289176,68.02458,-0.009093903,0.4324566,0.9016092,0.01530051,1.10294,-0.04186739,1.103841,0.02648795,0.04401624,-0.002115076,0.9986774,5.894327,0.5151771,0.8560935,-0.04113715,False
1773055719827,10.56771,0.1400973,0.8973472,0.2046772,0.9309951,0.1017537,-0.3566984,-0.8364038,0.4035356,132.4012,0.1112106,-0.3898497,-0.9141387,0.0679554,0.9976324,0.2337534,1.026903,0.05433948,1.003048,0.2471385,1.034474,0.04613081,0.9860978,0.2333699,1.014386,-0.02585042,-0.0697364,0.1120015,0.1344461,-0.01904357,-0.07120971,0.1318389,0.1510463,-0.001651378,-0.07881048,0.1160106,0.1402579,-0.02602259,-0.0691247,0.1124612,0.1345471,-0.01894068,-0.07120912,0.1319081,0.1510934,-0.001768394,-0.07880221,0.1153934,0.1397446,-0.01412482,-0.0736633,0.1191324,0.1407776,0.1135655,0.6567425,-0.1542562,0.7293813,86.33089,0.1660055,0.9599993,-0.2254854,2.433066,-0.009671799,-0.05651964,0.1132981,0.1269822,0.458312,0.7895968,0.3955251,0.1002341,168.4947,0.4606318,0.7935935,0.3975271,0.4095497,True,False,True,-0.1034149,0.5928957,0.1258213,0.6148584,-0.1026799,-0.227633,-0.3373343,-0.9076594,310.3678,-0.2446463,-0.5423611,-0.8037368,0.01391266,0.5796272,0.1825322,0.607848,0.01127982,0.5458356,0.2147765,0.5866794,-0.03384207,0.5576497,0.1687611,0.5836084,0.05319517,-0.06043805,0.1130161,0.1387628,0.01598663,-0.07414297,0.1427431,0.1616426,0.009034539,-0.05427566,0.07660191,0.09431501,0.05327628,-0.06039351,0.1129905,0.1387537,0.01598603,-0.07411224,0.1428291,0.1617044,0.009024846,-0.05435591,0.07665351,0.09440219,0.02182661,-0.06257594,0.1079763,0.1266927,-0.8957682,-0.1146962,0.4147076,0.1116324,167.1812,-0.9014023,-0.1154176,0.417316,14.09944,0,0,0,0,0,0,0,0,0,1,0,0,0.3597744,False,True,False,0.05975606,0.9870873,0.2458337,1.018993,0.7112984,-0.1355177,0.3211489,0.6103712,104.7673,0.8979731,-0.1710833,0.4054319,-0.009756062,0.01291269,0.05416635,0.05653239,-0.01146784,0.2424637,0.5074655,0.8267761,68.46205,-0.02038615,0.4310227,0.9021109,0.0147387,1.103085,-0.04202873,1.103983,0.0266397,0.04309827,-0.001476637,0.9987145,5.810976,0.5255577,0.8502585,-0.02913163,False
1773055719842,10.58191,0.1404962,0.8968928,0.2052689,0.9307476,0.1052877,-0.3519047,-0.8399289,0.399496,132.9066,0.1148507,-0.3838675,-0.9162178,0.06855923,0.9971069,0.2349378,1.026703,0.05503881,1.00268,0.2490844,1.034621,0.04684126,0.9858582,0.2348498,1.014527,-0.02564139,-0.07025346,0.111681,0.1344087,-0.01904454,-0.07124156,0.1321774,0.1513569,-0.001617849,-0.07889009,0.1161091,0.1403838,-0.02594056,-0.0693664,0.1122954,0.1345172,-0.01896266,-0.07121599,0.1319651,0.1511493,-0.001736533,-0.07882078,0.1155467,0.1398813,-0.01415589,-0.07372092,0.1191964,0.140865,0.1082403,0.6528453,-0.1548807,0.7335455,85.6311,0.1592612,0.9605747,-0.2278863,2.441325,-0.009701141,-0.05657408,0.1133585,0.1270625,0.4583121,0.7895969,0.3955252,0.1002341,168.4947,0.4606318,0.7935935,0.3975271,0.4447391,True,False,True,-0.1034231,0.5928338,0.1258682,0.6148097,-0.1017686,-0.2283333,-0.3373748,-0.9075711,310.3437,-0.2423647,-0.5437823,-0.8034678,0.0139495,0.579746,0.1825332,0.6079625,0.0113617,0.5460422,0.2148277,0.5868919,-0.03382359,0.5577589,0.1688328,0.5837324,0.05317705,-0.06044864,0.113022,0.1387653,0.01599168,-0.07414356,0.1427275,0.1616296,0.009038734,-0.0542332,0.07658616,0.09427819,0.05325529,-0.06040516,0.1129972,0.1387561,0.01598722,-0.07411886,0.1428076,0.1616886,0.009027779,-0.05432999,0.07663928,0.09437599,0.02181608,-0.06256719,0.1079526,0.1266663,-0.895879,-0.1146505,0.4144021,0.1119238,167.1475,-0.9015437,-0.1153754,0.4170224,14.0906,0,0,0,0,0,0,0,0,0,1,0,0,0.3605608,False,True,False,0.0604675,0.9866071,0.2472943,1.018923,0.7144831,-0.140703,0.3195958,0.6062798,105.358,0.8984367,-0.176929,0.4018802,-0.0104675,0.01339287,0.05270568,0.05537893,-0.01713848,0.2403911,0.5114548,0.8248228,68.85897,-0.03031258,0.4251763,0.9046027,0.01428999,1.103061,-0.04220766,1.103961,0.02635947,0.0422822,-0.001387633,0.998757,5.714094,0.5288376,0.8482879,-0.02783943,False
1773055719855,10.5955,0.1405182,0.8966095,0.2058257,0.930601,0.106327,-0.350129,-0.8410015,0.3985235,133.0282,0.1159309,-0.3817542,-0.9169645,0.06836739,0.9966795,0.2352406,1.026344,0.05493414,1.002557,0.2504354,1.034822,0.04689878,0.9855913,0.2357397,1.014477,-0.02540334,-0.07089661,0.1112626,0.1343541,-0.01903838,-0.0712541,0.132704,0.1518222,-0.001597423,-0.07895678,0.1161418,0.140448,-0.02582913,-0.06968203,0.1120839,0.1344824,-0.01897813,-0.07122377,0.1321162,0.1512868,-0.001708102,-0.07884853,0.1156698,0.1399983,-0.01420541,-0.07379284,0.1192997,0.140995,0.1015852,0.6487352,-0.1556254,0.7379729,84.88195,0.1505344,0.9613308,-0.2306141,2.463326,-0.009747894,-0.056642,0.113456,0.1271834,0.4583121,0.7895969,0.3955252,0.1002341,168.4947,0.4606319,0.7935935,0.3975272,0.499141,True,False,True,-0.1035265,0.5928829,0.1258519,0.6148711,-0.1010628,-0.2293472,-0.3376229,-0.907302,310.2703,-0.2403514,-0.545442,-0.8029472,0.01394501,0.5800092,0.1823622,0.6081621,0.01143807,0.5463889,0.2147193,0.5871763,-0.03385787,0.5580067,0.1687746,0.5839544,0.05316563,-0.06047248,0.1130154,0.1387659,0.01599735,-0.07414261,0.1427161,0.1616197,0.0090454,-0.05418259,0.07656354,0.09423134,0.05323697,-0.0604189,0.1130009,0.1387581,0.01598929,-0.0741237,0.1427889,0.1616745,0.009031372,-0.05429993,0.07662383,0.09434649,0.02180656,-0.06255689,0.1079295,0.1266399,-0.8959864,-0.1145394,0.4141134,0.1122467,167.1103,-0.9016847,-0.1152679,0.4167471,14.08319,0,0,0,0,0,0,0,0,0,1,0,0,0.3617327,False,True,False,0.06118891,0.9861018,0.2488234,1.018849,0.7176653,-0.1464255,0.3182382,0.6018643,105.9929,0.8986561,-0.1833531,0.3984959,-0.01118891,0.01389819,0.05117661,0.05419775,-0.02333948,0.2385375,0.515628,0.8226075,69.30666,-0.04104657,0.4195101,0.9068223,0.01387876,1.103083,-0.04238183,1.103984,0.02619213,0.04165542,-0.001193392,0.9987879,5.642527,0.5321416,0.846307,-0.02424596,False
1773055719872,10.61258,0.1405345,0.8963581,0.2063505,0.9304775,0.1075083,-0.3484659,-0.842051,0.3974462,133.1628,0.1171592,-0.3797475,-0.9176414,0.06816271,0.9962522,0.2355313,1.025982,0.05481371,1.00247,0.2517166,1.035042,0.04691859,0.9853826,0.2365691,1.014468,-0.02512101,-0.07148001,0.1108672,0.1342832,-0.01903194,-0.07126482,0.133233,0.1522889,-0.001570674,-0.07903774,0.1162091,0.1405489,-0.02565425,-0.07012349,0.1117867,0.1344311,-0.01899126,-0.07123379,0.1323884,0.1515309,-0.001674565,-0.07889462,0.1158028,0.1401337,-0.01427942,-0.07389078,0.119468,0.1411962,0.09269243,0.6432098,-0.1566074,0.7437496,83.89638,0.138666,0.9622287,-0.2342815,2.502043,-0.009817746,-0.05673439,0.1136149,0.1273716,0.4583121,0.7895968,0.3955251,0.1002341,168.4947,0.4606319,0.7935935,0.3975271,0.5298523,True,False,True,-0.1036341,0.5929415,0.1258346,0.6149423,-0.1003431,-0.2304469,-0.3378845,-0.9070058,310.1896,-0.2382777,-0.5472263,-0.8023512,0.01394637,0.5802937,0.1821697,0.6083758,0.0115271,0.5467604,0.2145957,0.5874786,-0.03389015,0.558275,0.1687066,0.584193,0.05315587,-0.06049788,0.1130068,0.1387662,0.01600377,-0.07414062,0.1427061,0.1616106,0.009052672,-0.05412795,0.07653959,0.09418118,0.05321718,-0.06043814,0.1130023,0.1387601,0.01599282,-0.07412782,0.1427687,0.1616589,0.00903656,-0.05425804,0.0766033,0.09430621,0.02179586,-0.06254233,0.1079015,0.126607,-0.8961156,-0.1143313,0.4137729,0.1126821,167.0601,-0.9018594,-0.1150641,0.416425,14.07557,0,0,0,0,0,0,0,0,0,1,0,0,0.36245,False,True,False,0.06124578,0.9858333,0.2497644,1.018823,0.7188729,-0.1479181,0.3177528,0.6003126,106.2154,0.8988547,-0.1849518,0.3973075,-0.01124578,0.01416671,0.05023558,0.05339267,-0.02533996,0.2376455,0.5167563,0.8220983,69.40922,-0.04450717,0.4174012,0.9076321,0.01352501,1.103173,-0.04247882,1.104073,0.02607795,0.04093567,-0.001137185,0.9988208,5.565541,0.5371401,0.8431717,-0.02342316,False
1773055719883,10.62375,0.1406084,0.8962425,0.206624,0.930438,0.1077155,-0.3480855,-0.8422709,0.3972577,133.1863,0.1173746,-0.3792991,-0.9177992,0.06797019,0.9958991,0.2355446,1.02563,0.05487221,1.002383,0.2521273,1.035061,0.04700758,0.9852502,0.2368301,1.014404,-0.02477447,-0.07180499,0.110614,0.1341834,-0.01904167,-0.07128223,0.1333115,0.1523669,-0.001567414,-0.07909869,0.1161359,0.1405226,-0.0254991,-0.07041802,0.1115823,0.1343857,-0.01900005,-0.07124223,0.1325491,0.1516763,-0.001655878,-0.07893012,0.1158616,0.140202,-0.01431335,-0.07395958,0.1195697,0.1413216,0.08725138,0.6395748,-0.1572081,0.7474068,83.26751,0.1313302,0.9626836,-0.2366286,2.523686,-0.009849764,-0.05679935,0.1137109,0.1274886,0.4583121,0.7895969,0.3955251,0.1002341,168.4947,0.4606319,0.7935935,0.3975271,0.5494393,True,False,True,-0.1037371,0.5929481,0.1257973,0.6149584,-0.1001227,-0.2307559,-0.3379554,-0.9069252,310.1677,-0.2376565,-0.5477343,-0.8021887,0.01388174,0.5803571,0.1820694,0.6084047,0.01147888,0.5468631,0.2145295,0.5875491,-0.03399292,0.5583692,0.1686558,0.5842744,0.05315874,-0.0605227,0.1129945,0.1387682,0.01601014,-0.07413721,0.1427017,0.1616058,0.009059721,-0.05407918,0.07652041,0.09413824,0.05320699,-0.06045287,0.113001,0.1387615,0.01599583,-0.07412945,0.1427571,0.1616497,0.00904059,-0.05422691,0.07658887,0.09427696,0.02179001,-0.06253152,0.1078834,0.1265852,-0.8961961,-0.114141,0.4135644,0.1129995,167.0235,-0.9019732,-0.1148768,0.4162303,14.0718,0,0,0,0,0,0,0,0,0,1,0,0,0.363461,False,True,False,0.06125885,0.9856632,0.250662,1.01888,0.7199842,-0.1495502,0.3173921,0.5987653,106.437,0.8989413,-0.186722,0.3962821,-0.01125885,0.01433682,0.04933804,0.05259799,-0.02740674,0.2369384,0.5179016,0.8215151,69.52649,-0.04806626,0.4155453,0.9083017,0.01326677,1.103213,-0.04261749,1.104116,0.02574144,0.04050604,-0.001144304,0.998847,5.503292,0.5362017,0.8437525,-0.02383619,False
1773055719897,10.63722,0.1406695,0.8961537,0.2068528,0.9304125,0.1079407,-0.34777,-0.8424664,0.3970582,133.2112,0.117609,-0.3789197,-0.917926,0.06777078,0.995589,0.2354726,1.025299,0.05489893,1.002341,0.2524992,1.035112,0.04711471,0.9851232,0.2369474,1.014313,-0.02444579,-0.07214622,0.1103459,0.1340854,-0.01904861,-0.07129692,0.1334237,0.1524729,-0.00157616,-0.0791841,0.1159705,0.1404342,-0.02528352,-0.07076935,0.1113319,0.1343218,-0.0190099,-0.07125331,0.1327263,0.1518377,-0.001639706,-0.07898156,0.1158839,0.1402493,-0.014342,-0.07404559,0.1196797,0.1414626,0.08123209,0.63556,-0.1579239,0.7513488,82.5853,0.1230966,0.9631078,-0.239313,2.547099,-0.009876813,-0.05688055,0.1138147,0.1276195,0.4583121,0.7895969,0.3955252,0.1002341,168.4947,0.4606318,0.7935935,0.3975272,0.5575557,True,False,True,-0.1038431,0.5929588,0.1257578,0.6149785,-0.09999715,-0.2309473,-0.3379971,-0.9068748,310.154,-0.2372973,-0.5480475,-0.802081,0.01380512,0.5803962,0.1819793,0.6084134,0.01140776,0.5469342,0.2144703,0.5875922,-0.03411149,0.5584496,0.1686061,0.5843437,0.05316498,-0.06054863,0.1129803,0.1387703,0.01601705,-0.0741327,0.1426994,0.1616024,0.009067176,-0.05402821,0.07650104,0.09409394,0.05319847,-0.06047228,0.1129968,0.1387633,0.01600013,-0.07413011,0.1427454,0.1616401,0.009045973,-0.05418666,0.07657108,0.09423988,0.02178462,-0.06251757,0.1078626,0.1265597,-0.8962843,-0.1138595,0.4133403,0.1134033,166.9769,-0.9021037,-0.1145988,0.416024,14.06889,0,0,0,0,0,0,0,0,0,1,0,0,0.3640584,False,True,False,0.06128927,0.9856249,0.251038,1.018937,0.7202426,-0.1498437,0.3172847,0.598438,106.4838,0.8989894,-0.1870313,0.3960271,-0.01128927,0.01437509,0.04896197,0.05226246,-0.02781943,0.236737,0.5181274,0.821417,69.54624,-0.04877792,0.4150889,0.9084722,0.01292561,1.103315,-0.04267574,1.104216,0.02544039,0.0401507,-0.001012533,0.9988693,5.449821,0.535125,0.8445486,-0.02129809,False
1773055719910,10.65098,0.1407255,0.8960778,0.2070648,0.930395,0.1082401,-0.3474043,-0.8427023,0.3967962,133.2439,0.1179206,-0.3784744,-0.9180695,0.06757657,0.9953068,0.2353608,1.024986,0.0548963,1.002334,0.2529096,1.035205,0.04724243,0.9849939,0.237,1.014206,-0.02413563,-0.07251287,0.1100572,0.1339897,-0.01905168,-0.07130729,0.1335977,0.1526304,-0.001592711,-0.07928507,0.115744,0.1403045,-0.02504509,-0.07112904,0.1110692,0.1342496,-0.01901851,-0.07126445,0.132906,0.1520011,-0.001630012,-0.07904408,0.1158548,0.1402603,-0.01436656,-0.07413559,0.1197864,0.1416025,0.07543814,0.6318746,-0.1586515,0.7548996,81.9668,0.1150252,0.9634579,-0.2419057,2.57104,-0.009900001,-0.0569655,0.1139154,0.127749,0.4583121,0.7895969,0.3955252,0.1002341,168.4947,0.4606319,0.7935935,0.3975272,0.5664424,True,False,True,-0.1039522,0.5929734,0.1257162,0.6150025,-0.09988449,-0.2311356,-0.338036,-0.9068247,310.1404,-0.2369694,-0.5483542,-0.8019684,0.01372721,0.5804378,0.1818834,0.6084226,0.01133405,0.5470067,0.2144092,0.587636,-0.03423436,0.5585337,0.1685535,0.5844161,0.05317448,-0.06057562,0.1129641,0.1387725,0.01602459,-0.07412715,0.1426989,0.1616001,0.009075045,-0.05397504,0.0764814,0.09404822,0.05319352,-0.06049357,0.11299,0.1387652,0.01600517,-0.0741295,0.1427358,0.1616319,0.009051959,-0.05414307,0.0765526,0.09420037,0.02178079,-0.06250244,0.1078425,0.1265345,-0.896365,-0.1135229,0.4131393,0.1138344,166.9272,-0.9022298,-0.1142657,0.4158424,14.06754,0,0,0,0,0,0,0,0,0,1,0,0,0.3645937,False,True,False,0.06128629,0.9856257,0.2513477,1.019014,0.7204529,-0.1501482,0.3172195,0.5981429,106.526,0.8990048,-0.1873599,0.3958369,-0.01128629,0.01437426,0.04865229,0.05197158,-0.02821164,0.2366029,0.5183389,0.8213087,69.56796,-0.04945212,0.4147406,0.9085951,0.01270412,1.103341,-0.04269248,1.10424,0.02531567,0.03983208,-0.0007647509,0.9988854,5.410892,0.5363342,0.8438769,-0.01620191,False
1773055719925,10.66536,0.1406683,0.896118,0.2072167,0.930459,0.108178,-0.3472244,-0.8427815,0.3968023,133.2431,0.1178533,-0.3782796,-0.9181586,0.06734747,0.9952021,0.2352903,1.024853,0.05481301,1.002415,0.2531785,1.035346,0.0472041,0.9850108,0.2371032,1.014245,-0.0239221,-0.07275704,0.1098603,0.1339221,-0.01905438,-0.07131552,0.1336938,0.1527187,-0.001591408,-0.07934421,0.115652,0.140262,-0.02480392,-0.07147634,0.1108108,0.1341758,-0.01902618,-0.07127535,0.1330744,0.1521544,-0.001621763,-0.07910815,0.1158111,0.1402603,-0.01438861,-0.07422166,0.1198881,0.1417359,0.07000541,0.6282862,-0.1592994,0.758274,81.37547,0.1073808,0.9637237,-0.2443482,2.593165,-0.00992084,-0.05704677,0.1140115,0.1278725,0.4583121,0.7895969,0.3955252,0.1002341,168.4947,0.4606318,0.7935935,0.3975271,0.5448155,True,False,True,-0.104003,0.5930749,0.1256679,0.6150991,-0.09981272,-0.2313981,-0.3380116,-0.9067748,310.1268,-0.2367389,-0.5488371,-0.8017063,0.01372032,0.5805641,0.1817546,0.6085044,0.01133207,0.5471528,0.2143244,0.5877411,-0.0342821,0.5586819,0.1684862,0.5845411,0.05319715,-0.06059824,0.1129448,0.1387754,0.0160334,-0.07412273,0.142703,0.1616026,0.009080546,-0.05394047,0.07647283,0.09402194,0.0531943,-0.06051591,0.1129804,0.1387673,0.01601119,-0.07412805,0.1427288,0.1616256,0.009058057,-0.05409982,0.07653558,0.09416227,0.02177989,-0.0624878,0.1078251,0.1265122,-0.8964237,-0.1131503,0.4129956,0.1142638,166.8777,-0.9023336,-0.1138963,0.4157183,14.06815,0,0,0,0,0,0,0,0,0,1,0,0,0.3639598,False,True,False,0.06127631,0.9856343,0.2516432,1.019095,0.7206938,-0.150545,0.317161,0.597784,106.5773,0.8990049,-0.1877922,0.3956317,-0.01127631,0.01436567,0.04835677,0.05169047,-0.02870202,0.2364709,0.5186014,0.8211641,69.59704,-0.05029333,0.4143579,0.9087232,0.01255479,1.103329,-0.04277726,1.104229,0.02528133,0.03955254,-0.001051464,0.9988971,5.382455,0.5384303,0.8423721,-0.0223936,False
1773055719939,10.67893,0.1406058,0.896167,0.2073734,0.9305316,0.1081292,-0.3470152,-0.8428789,0.3967917,133.2445,0.1177996,-0.3780498,-0.9182601,0.06710526,0.9951015,0.2351975,1.024719,0.05471349,1.002516,0.2534857,1.035513,0.04717696,0.9850261,0.2371855,1.014278,-0.02370121,-0.07302984,0.1096393,0.1338502,-0.01905425,-0.07131942,0.1338228,0.1528335,-0.001594929,-0.07941202,0.1155228,0.1401939,-0.02457811,-0.0717932,0.1105714,0.1341059,-0.0190319,-0.07128434,0.1332273,0.1522931,-0.001616288,-0.07917011,0.1157519,0.1402463,-0.01440869,-0.07429889,0.1199807,0.1418567,0.06516185,0.6250993,-0.1598507,0.7612178,80.85665,0.1004815,0.9639212,-0.2464944,2.613178,-0.00993978,-0.05711967,0.1140989,0.1279844,0.4583121,0.7895969,0.3955252,0.1002341,168.4947,0.4606318,0.7935935,0.3975271,0.5376145,True,False,True,-0.1040527,0.5931851,0.1256174,0.6152034,-0.09975658,-0.2316674,-0.3379768,-0.9067252,310.1133,-0.2365459,-0.5493369,-0.801421,0.01371759,0.5806975,0.1816173,0.6085907,0.01133338,0.5473038,0.2142354,0.5878492,-0.0343274,0.5588354,0.1684151,0.5846701,0.05322423,-0.06062106,0.1129234,0.1387783,0.01604287,-0.07411766,0.1427091,0.1616066,0.009086031,-0.0539068,0.0764655,0.09399719,0.05320041,-0.06053735,0.1129688,0.1387696,0.01601765,-0.07412594,0.1427248,0.1616217,0.009063756,-0.05406047,0.07652129,0.09412861,0.02178182,-0.06247484,0.1078114,0.1264945,-0.896457,-0.1127752,0.4129173,0.114656,166.8324,-0.9024081,-0.1135238,0.4156584,14.07059,0,0,0,0,0,0,0,0,0,1,0,0,0.3635274,False,True,False,0.06115769,0.985765,0.2518583,1.019267,0.7208241,-0.1505339,0.3170239,0.5977023,106.589,0.8990992,-0.1877642,0.3954307,-0.01115769,0.01423502,0.04814175,0.05142721,-0.02875192,0.2362815,0.518665,0.8211766,69.59449,-0.05038238,0.4140394,0.9088637,0.01248051,1.10338,-0.04287277,1.104284,0.02551015,0.03981376,-0.001372316,0.9988805,5.422744,0.5392728,0.8416445,-0.02901013,False
1773055719952,10.69272,0.1404947,0.8962326,0.2075254,0.9306118,0.1080542,-0.3469828,-0.8429129,0.3967682,133.2474,0.1177165,-0.3780103,-0.918287,0.06694213,0.9951072,0.2353,1.024737,0.05460157,1.00261,0.2536727,1.035644,0.04708083,0.9850863,0.2372677,1.014351,-0.02360722,-0.07308449,0.1095876,0.1338211,-0.01905449,-0.07132658,0.1338585,0.152868,-0.001591993,-0.07946495,0.115448,0.1401622,-0.02437701,-0.07206031,0.1103676,0.1340445,-0.01903657,-0.07129306,0.1333579,0.152412,-0.001611268,-0.07923102,0.1156887,0.1402285,-0.01442255,-0.07436574,0.1200619,0.1419618,0.06129308,0.6224522,-0.1603516,0.7635992,80.43494,0.09492642,0.9640102,-0.2483413,2.629876,-0.009952842,-0.05718274,0.1141755,0.1280819,0.458312,0.7895969,0.3955251,0.1002341,168.4947,0.4606318,0.7935935,0.3975271,0.4932543,True,False,True,-0.1040965,0.5933046,0.1255699,0.6153164,-0.09970985,-0.2317956,-0.3378255,-0.906754,310.1211,-0.2364697,-0.5497214,-0.8011797,0.01369863,0.580804,0.1815229,0.6086637,0.01130549,0.5474278,0.2141831,0.5879451,-0.03438254,0.5589712,0.1683679,0.5847894,0.05324593,-0.06063755,0.112909,0.1387821,0.01605278,-0.07411047,0.1427214,0.1616151,0.009090736,-0.05387887,0.07646519,0.09398138,0.05320981,-0.06055804,0.1129564,0.1387722,0.0160249,-0.07412275,0.1427241,0.1616204,0.009069324,-0.05402296,0.07650971,0.09409818,0.0217856,-0.06246245,0.1078013,0.1264804,-0.8964739,-0.1123913,0.4128824,0.1150263,166.7897,-0.902464,-0.1131423,0.4156412,14.07413,0,0,0,0,0,0,0,0,0,1,0,0,0.3628224,False,True,False,0.0610437,0.9858935,0.2520838,1.01944,0.7209739,-0.1505467,0.3168756,0.597597,106.604,0.899198,-0.1877617,0.395207,-0.0110437,0.01410645,0.04791617,0.05115579,-0.02883167,0.2360757,0.5187485,0.8211803,69.59376,-0.05052259,0.4136826,0.9090183,0.01215364,1.103394,-0.04302945,1.104299,0.02546821,0.04031359,-0.001302273,0.9988616,5.468324,0.533904,0.8451158,-0.02730025,False
1773055719967,10.7066,0.1403759,0.8963064,0.207681,0.9306997,0.1079862,-0.3469514,-0.8429528,0.3967296,133.2522,0.1176403,-0.3779692,-0.9183137,0.06675687,0.9951115,0.2353753,1.024746,0.05448248,1.002713,0.2538656,1.035785,0.04699141,0.9851476,0.2373247,1.01442,-0.0234959,-0.07316579,0.1095141,0.1337858,-0.01905291,-0.07133199,0.1338966,0.1529038,-0.001593524,-0.07952528,0.1153404,0.1401079,-0.02419383,-0.07229031,0.1101899,0.1339889,-0.01903996,-0.07130114,0.13347,0.1525143,-0.001607583,-0.07929212,0.115616,0.140203,-0.01443097,-0.07442518,0.1201328,0.1420536,0.05816823,0.6203137,-0.1608444,0.765478,80.10094,0.09039884,0.9640252,-0.2499672,2.643923,-0.009960799,-0.05723887,0.1142424,0.1281672,0.4583121,0.7895969,0.3955252,0.1002341,168.4947,0.4606319,0.7935935,0.3975272,0.4665532,True,False,True,-0.104139,0.593432,0.1255208,0.6154364,-0.09967691,-0.2319099,-0.33765,-0.9067937,310.1319,-0.2364396,-0.550104,-0.8009258,0.01368032,0.5809121,0.1814274,0.6087379,0.01127583,0.5475516,0.2141324,0.5880413,-0.0344374,0.5591084,0.1683207,0.5849102,0.05327015,-0.06065339,0.112894,0.1387862,0.0160632,-0.07410245,0.1427361,0.1616255,0.009095357,-0.05385247,0.07646681,0.09396802,0.05322233,-0.06057783,0.1129435,0.1387751,0.01603284,-0.07411854,0.1427266,0.1616214,0.009074722,-0.05398757,0.07650081,0.09407116,0.02179114,-0.06245073,0.1077946,0.1264699,-0.8964748,-0.1120024,0.4128895,0.1153719,166.7498,-0.9025015,-0.1127553,0.4156651,14.0787,0,0,0,0,0,0,0,0,0,1,0,0,0.3621878,False,True,False,0.06088511,0.986043,0.2522622,1.019619,0.7209954,-0.1505479,0.3167889,0.5976169,106.6012,0.8992413,-0.1877666,0.395106,-0.01088511,0.01395702,0.04773781,0.05091348,-0.02879111,0.2360123,0.5187992,0.8211679,69.59624,-0.05044995,0.4135586,0.909079,0.01216621,1.10344,-0.04305644,1.104347,0.0255504,0.04032622,-0.00129754,0.998859,5.47462,0.5350107,0.8444077,-0.02716975,False
1773055719980,10.72054,0.1402498,0.8963882,0.2078402,0.930795,0.1079251,-0.3469212,-0.8429981,0.3966764,133.2589,0.1175708,-0.3779269,-0.91834,0.06654099,0.9951116,0.2354001,1.024738,0.05435638,1.002825,0.2540643,1.035935,0.04690785,0.9852104,0.2373587,1.014485,-0.02336155,-0.07329444,0.1094039,0.1337425,-0.01904953,-0.07133584,0.1339373,0.1529408,-0.001599159,-0.07959246,0.1152029,0.1400329,-0.02402028,-0.07250021,0.1100254,0.133936,-0.01904195,-0.07130837,0.1335677,0.1526034,-0.001605827,-0.07935474,0.1155295,0.1401671,-0.01443576,-0.07448076,0.1201949,0.1421358,0.05546632,0.6185634,-0.161351,0.7669867,79.83187,0.08644152,0.9640006,-0.2514576,2.656065,-0.009965312,-0.05729134,0.1143011,0.1282433,0.4583121,0.7895969,0.3955252,0.1002341,168.4947,0.4606318,0.7935935,0.3975271,0.4534774,True,False,True,-0.1041802,0.5935667,0.1254702,0.6155629,-0.09965733,-0.2320106,-0.3374509,-0.9068443,310.1457,-0.2364541,-0.550485,-0.8006601,0.01366267,0.5810215,0.181331,0.6088132,0.01124446,0.547675,0.2140833,0.5881377,-0.034492,0.5592467,0.1682737,0.5850321,0.05329704,-0.06066839,0.1128785,0.1387904,0.01607418,-0.07409358,0.1427535,0.1616379,0.009099816,-0.05382764,0.07647045,0.09395718,0.0532379,-0.0605967,0.11293,0.1387783,0.01604145,-0.07411334,0.1427322,0.1616248,0.009079947,-0.05395424,0.07649449,0.09404739,0.02179839,-0.06243966,0.1077914,0.1264629,-0.8964604,-0.1116091,0.4129373,0.1156934,166.7128,-0.9025208,-0.1123636,0.415729,14.0843,0,0,0,0,0,0,0,0,0,1,0,0,0.3616175,False,True,False,0.06072541,0.9861904,0.2524414,1.019797,0.7210146,-0.1505666,0.3167015,0.5976352,106.5986,0.8992807,-0.1877932,0.3950038,-0.01072541,0.01380962,0.04755858,0.05067108,-0.02875774,0.2359555,0.5188614,0.8211461,69.60062,-0.0503887,0.4134362,0.909138,0.01219239,1.103458,-0.04307517,1.104366,0.02545827,0.04052061,-0.001353181,0.9988534,5.487905,0.5317906,0.8464237,-0.02826623,False
1773055719994,10.73441,0.1400914,0.8965971,0.2080517,0.9310197,0.1077846,-0.3468804,-0.8430163,0.3967116,133.2545,0.1174196,-0.3778887,-0.9183751,0.06635956,0.9953138,0.2355614,1.02496,0.05420996,1.003044,0.2542843,1.036193,0.04673478,0.985432,0.237561,1.014739,-0.02333468,-0.07336025,0.1093618,0.1337395,-0.01904957,-0.07135119,0.1339324,0.1529436,-0.001589135,-0.07963708,0.1151937,0.1400507,-0.02387809,-0.07267927,0.1098872,0.1338941,-0.01904353,-0.07131725,0.1336435,0.1526742,-0.001602364,-0.07941335,0.1154596,0.1401426,-0.01443966,-0.07453126,0.120244,0.1422042,0.05318832,0.6170387,-0.1618131,0.7682779,79.60101,0.08309162,0.9639475,-0.252787,2.665937,-0.009969011,-0.05733903,0.1143475,0.1283062,0.4583121,0.7895969,0.3955252,0.1002341,168.4947,0.4606318,0.7935935,0.3975271,0.4318863,True,False,True,-0.1042623,0.5936661,0.1254102,0.6156605,-0.09960732,-0.2320534,-0.3371928,-0.9069349,310.1703,-0.2364446,-0.5508409,-0.8004174,0.01359425,0.5810906,0.1812433,0.6088516,0.01115253,0.5477476,0.2140282,0.5881836,-0.03460278,0.5593479,0.1682259,0.5851217,0.05332784,-0.06067629,0.1128641,0.138794,0.01608565,-0.07409263,0.1427569,0.1616416,0.009105089,-0.0537965,0.07646914,0.09393878,0.05325655,-0.06061321,0.1129163,0.1387815,0.01605061,-0.07410905,0.1427373,0.1616283,0.009085158,-0.05392151,0.07648923,0.09402485,0.02180748,-0.06242867,0.1077889,0.1264569,-0.8964316,-0.1112515,0.4130088,0.1160058,166.6767,-0.9025249,-0.1120077,0.4158162,14.09074,0,0,0,0,0,0,0,0,0,1,0,0,0.3614975,False,True,False,0.06056329,0.986339,0.2526203,1.019975,0.7210319,-0.1506022,0.3166138,0.5976519,106.5962,0.8993162,-0.1878405,0.3949006,-0.01056329,0.01366103,0.04737973,0.05042862,-0.02873145,0.235905,0.5189345,0.8211154,69.6068,-0.05033872,0.4133155,0.9091953,0.01224656,1.103471,-0.04308061,1.104379,0.02540719,0.0409763,-0.001643508,0.9988357,5.530258,0.5266643,0.8493956,-0.03406819,False
1773055720009,10.74854,0.1399007,0.8968545,0.2082996,0.9312942,0.1076399,-0.3468392,-0.8430356,0.3967458,133.2502,0.117264,-0.3778499,-0.918411,0.06613962,0.9955541,0.2357601,1.025224,0.05403309,1.003309,0.2545382,1.036503,0.04652958,0.9857029,0.2377997,1.015049,-0.02329459,-0.07342485,0.109318,0.1337321,-0.01904868,-0.07136664,0.1339234,0.1529429,-0.001579222,-0.0796824,0.1151848,0.1400689,-0.02375536,-0.07283686,0.1097669,0.1338592,-0.01904462,-0.07132764,0.1337026,0.1527309,-0.001597492,-0.07947005,0.1154015,0.1401269,-0.01444181,-0.07457879,0.1202834,0.1422626,0.05123182,0.6156535,-0.1622652,0.7694259,79.39528,0.08020812,0.9638619,-0.254041,2.673954,-0.009971046,-0.05738387,0.1143845,0.1283595,0.4583121,0.7895969,0.3955252,0.1002341,168.4947,0.4606319,0.7935935,0.3975272,0.4168893,True,False,True,-0.1043457,0.5937697,0.1253484,0.6157619,-0.09956443,-0.2320781,-0.3369081,-0.9070389,310.1986,-0.2364688,-0.5511932,-0.8001679,0.0135226,0.5811582,0.1811565,0.6088887,0.01105423,0.547816,0.2139741,0.5882257,-0.03471777,0.5594481,0.1681786,0.5852107,0.05336116,-0.06068259,0.1128494,0.1387976,0.01609761,-0.07409196,0.1427605,0.1616456,0.009110385,-0.05376568,0.07646872,0.09392131,0.05327856,-0.06062781,0.1129022,0.1387849,0.01606049,-0.07410546,0.1427422,0.161632,0.009090465,-0.0538887,0.07648492,0.09400304,0.02181855,-0.06241752,0.1077873,0.1264519,-0.8963884,-0.1109194,0.4131049,0.1163153,166.641,-0.9025143,-0.1116775,0.4159281,14.09814,0,0,0,0,0,0,0,0,0,1,0,0,0.3613617,False,True,False,0.06037511,0.9866002,0.2528539,1.020275,0.7210644,-0.150523,0.3164963,0.5976948,106.59,0.8993927,-0.1877492,0.3947698,-0.01037511,0.01339978,0.04714608,0.0500994,-0.02863357,0.2357932,0.5189523,0.8211397,69.60191,-0.05017032,0.4131451,0.9092823,0.0123186,1.103485,-0.04308614,1.104394,0.02529462,0.04152719,-0.002013595,0.9988151,5.57889,0.5197649,0.8533188,-0.04137622,False
1773055720022,10.76215,0.1398358,0.8972148,0.2085071,0.9316778,0.1073955,-0.3469571,-0.8428977,0.3970018,133.2182,0.1170118,-0.378024,-0.9183715,0.06601879,0.9958917,0.2358944,1.025575,0.05396263,1.003653,0.2546723,1.036865,0.04642016,0.9860584,0.237979,1.015431,-0.02326615,-0.07347921,0.1092864,0.1337311,-0.01905197,-0.07139464,0.1338694,0.1529091,-0.001571227,-0.07972184,0.1151859,0.1400923,-0.02365542,-0.07296875,0.1096682,0.1338325,-0.01904612,-0.07134133,0.1337368,0.1527674,-0.001592122,-0.07952157,0.1153573,0.1401197,-0.01444155,-0.07462308,0.1203076,0.1423063,0.04965095,0.6144543,-0.1626551,0.7704052,79.21945,0.07787714,0.963767,-0.2551233,2.679011,-0.009970788,-0.0574257,0.1144075,0.1283986,0.4583121,0.7895969,0.3955252,0.1002341,168.4947,0.4606318,0.7935935,0.3975271,0.4052876,True,False,True,-0.1043642,0.5939137,0.1252418,0.6158822,-0.09952571,-0.2321064,-0.3365427,-0.9071716,310.2347,-0.2365375,-0.5516351,-0.7998433,0.01351222,0.5812577,0.1810295,0.6089456,0.01101559,0.5479151,0.2138869,0.5882856,-0.03477199,0.5595766,0.1680884,0.5853108,0.05339702,-0.06067848,0.1128384,0.1388007,0.01611046,-0.07408324,0.1427749,0.1616557,0.009114244,-0.05373675,0.07647021,0.09390634,0.05330276,-0.06063817,0.1128892,0.1387881,0.0160707,-0.07410092,0.1427489,0.1616368,0.009095322,-0.05385762,0.07648192,0.09398326,0.02183075,-0.06240591,0.1077876,0.1264486,-0.8963349,-0.1106283,0.4132219,0.1165882,166.6095,-0.9024896,-0.1113879,0.4160592,14.10647,0,0,0,0,0,0,0,0,0,1,0,0,0.3612128,False,True,False,0.06016015,0.9869032,0.2531196,1.020621,0.7210972,-0.1504436,0.3163748,0.5977396,106.5836,0.899471,-0.187658,0.3946347,-0.01016014,0.01309681,0.04688039,0.0497245,-0.0285327,0.2356791,0.5189722,0.8211634,69.59716,-0.04999656,0.4129699,0.9093716,0.01240465,1.10351,-0.04304394,1.104419,0.02503059,0.04192739,-0.002213511,0.9988046,5.603538,0.5120764,0.8577514,-0.04528405,False
1773055720035,10.77615,0.1397693,0.8976105,0.2087236,0.9320974,0.1071346,-0.3470958,-0.8427398,0.3972863,133.1827,0.1167432,-0.3782258,-0.9183226,0.06589139,0.9962629,0.236034,1.02596,0.05388933,1.004028,0.2548026,1.037256,0.04630512,0.9864476,0.2381651,1.015847,-0.02323707,-0.07353348,0.1092557,0.1337308,-0.0190551,-0.07142468,0.1338058,0.1528678,-0.001563563,-0.07976105,0.1151886,0.1401167,-0.02356801,-0.0730873,0.1095816,0.1338108,-0.019048,-0.07135873,0.1337512,0.1527884,-0.001586153,-0.07957168,0.115322,0.140119,-0.01443897,-0.07466754,0.12032,0.1423399,0.04828422,0.6133398,-0.1630194,0.7713026,79.05799,0.07586268,0.9636606,-0.256131,2.681777,-0.009968346,-0.05746767,0.1144192,0.1284276,0.4583121,0.7895969,0.3955252,0.1002341,168.4947,0.4606318,0.7935935,0.3975271,0.396486,True,False,True,-0.1043795,0.5940637,0.1251308,0.6160069,-0.09947958,-0.2321267,-0.3359764,-0.9073814,310.2919,-0.2366824,-0.5522773,-0.7993572,0.01349895,0.5813243,0.1809017,0.6089709,0.01096021,0.5479836,0.2138037,0.5883181,-0.03483737,0.5596867,0.1679995,0.5853945,0.05343528,-0.06067155,0.1128276,0.1388036,0.01612386,-0.07407365,0.142791,0.1616668,0.009117911,-0.05370836,0.07647266,0.09389246,0.05333043,-0.06064514,0.1128763,0.1387913,0.0160818,-0.07409523,0.1427577,0.1616431,0.009100039,-0.05382642,0.07647999,0.09396426,0.02184475,-0.06239323,0.10779,0.1264468,-0.8962689,-0.1103585,0.4133654,0.116842,166.5802,-0.9024502,-0.1111196,0.4162162,14.11616,0,0,0,0,0,0,0,0,0,1,0,0,0.3610356,False,True,False,0.06004956,0.9872901,0.2533042,1.021034,0.7210345,-0.1500934,0.3163509,0.5979159,106.5584,0.8995403,-0.1872519,0.3946696,-0.01004956,0.01270992,0.04669583,0.04942708,-0.02822928,0.2356237,0.5187726,0.8213158,69.56654,-0.04948393,0.4130316,0.9093716,0.01246203,1.103579,-0.04295155,1.104485,0.02490837,0.04215896,-0.002064009,0.9987983,5.618469,0.5082211,0.8601958,-0.04211328,False
1773055720050,10.79014,0.1397022,0.8980345,0.2089449,0.9325452,0.1066727,-0.3473605,-0.8424439,0.3978065,133.1178,0.1162684,-0.3786071,-0.9182256,0.06573959,0.996651,0.2361554,1.026355,0.05379941,1.004422,0.254907,1.037659,0.04617003,0.9868493,0.2383459,1.016274,-0.0232075,-0.07358762,0.1092256,0.1337309,-0.01905805,-0.07145648,0.1337329,0.1528192,-0.00155627,-0.07980007,0.1151929,0.1401424,-0.02349269,-0.0731923,0.1095069,0.1337938,-0.0190501,-0.07137914,0.1337474,0.1527948,-0.00157991,-0.07961945,0.115295,0.1401238,-0.01443423,-0.07471149,0.1203213,0.1423635,0.04712353,0.6123174,-0.1633572,0.7721148,78.91166,0.07415387,0.9635462,-0.2570598,2.682386,-0.009963874,-0.05750917,0.1144203,0.1284469,0.4583121,0.789597,0.3955252,0.1002341,168.4947,0.4606318,0.7935935,0.3975271,0.3899933,True,False,True,-0.1043919,0.5942193,0.1250156,0.6161357,-0.099433,-0.2321273,-0.3352146,-0.907668,310.3701,-0.2369207,-0.5530937,-0.7987215,0.01348167,0.5813566,0.180775,0.6089637,0.01088649,0.5480196,0.213726,0.588322,-0.03491473,0.5597775,0.1679127,0.585461,0.05347586,-0.06066198,0.1128171,0.1388065,0.01613769,-0.07406326,0.1428087,0.1616791,0.009121352,-0.05368053,0.07647608,0.09387966,0.05336079,-0.06064866,0.112864,0.1387945,0.01609346,-0.07408855,0.1427683,0.1616506,0.009104488,-0.05379593,0.07647917,0.09394657,0.02186013,-0.06237984,0.1077943,0.1264465,-0.8961922,-0.1101163,0.4135317,0.1170706,166.5539,-0.9023975,-0.1108787,0.416395,14.12693,0,0,0,0,0,0,0,0,0,1,0,0,0.3613138,False,True,False,0.05993763,0.9877045,0.2534857,1.021473,0.7209591,-0.149707,0.3163368,0.598111,106.5305,0.8996097,-0.1868038,0.3947237,-0.009937625,0.01229554,0.0465143,0.04912756,-0.02789659,0.2355742,0.5185456,0.8214847,69.5326,-0.04892161,0.4131211,0.9093614,0.01251991,1.103637,-0.04282337,1.104538,0.02450362,0.04227648,-0.002022835,0.9988034,5.606471,0.5010331,0.8644403,-0.04136154,False
1773055720064,10.80387,0.139984,0.8991723,0.2091534,0.9337299,0.1036975,-0.3490818,-0.8403304,0.4015392,132.6511,0.1132264,-0.3811595,-0.9175497,0.06557621,0.9975476,0.2360142,1.027183,0.05377797,1.005379,0.2546223,1.038514,0.04610613,0.9877036,0.2384103,1.017115,-0.02314532,-0.07363378,0.1092057,0.1337293,-0.01905474,-0.07155595,0.1335486,0.1527042,-0.001552544,-0.07983525,0.1151979,0.1401665,-0.02342121,-0.07328353,0.1094447,0.1337803,-0.01905105,-0.07141548,0.1337064,0.1527761,-0.001574281,-0.0796639,0.115275,0.1401326,-0.01442258,-0.07476042,0.1203014,0.1423712,0.04634852,0.6113707,-0.1635057,0.77288,78.77356,0.07304131,0.963468,-0.2576711,2.67749,-0.009952865,-0.05755533,0.1144016,0.12845,0.4583121,0.7895969,0.3955252,0.1002341,168.4947,0.4606319,0.7935935,0.3975271,0.3856757,True,False,True,-0.104419,0.5942601,0.1249728,0.6161709,-0.09950836,-0.2320995,-0.3348123,-0.9078153,310.4103,-0.2372805,-0.5534478,-0.7983695,0.01345744,0.5813406,0.180716,0.6089303,0.01082994,0.5479851,0.2137026,0.5882804,-0.03498583,0.5597881,0.1678843,0.5854672,0.05352052,-0.06064165,0.1128085,0.1388078,0.01615135,-0.07404698,0.1428299,0.1616917,0.009125271,-0.05364508,0.07648001,0.09386297,0.05339362,-0.06064722,0.1128526,0.1387972,0.01610536,-0.07408001,0.142781,0.161659,0.00910876,-0.05376488,0.07647935,0.09392934,0.02187673,-0.06236457,0.1078005,0.1264472,-0.8961066,-0.1099082,0.413715,0.1172736,166.5304,-0.9023331,-0.1106719,0.4165897,14.13884,0,0,0,0,0,0,0,0,0,1,0,0,0.3618298,False,True,False,0.05981497,0.9881359,0.2536478,1.021923,0.720813,-0.1490045,0.3163288,0.5984668,106.4797,0.8997256,-0.1859889,0.3948446,-0.009814966,0.01186413,0.04635218,0.04884276,-0.02729446,0.2355011,0.5181227,0.8217927,69.4707,-0.04790295,0.4133146,0.9093276,0.01258472,1.103695,-0.04267734,1.104591,0.02457475,0.04200907,-0.001983515,0.998813,5.583941,0.5045159,0.8624397,-0.04072126,False
1773055720078,10.81774,0.1403083,0.9004546,0.2093733,0.9350626,0.1000607,-0.3512235,-0.837663,0.4061412,132.0747,0.1094984,-0.3843505,-0.9166705,0.06535205,0.9985265,0.2358098,1.028072,0.05371671,1.006412,0.2541812,1.039403,0.04600275,0.9886245,0.2384517,1.018015,-0.0230786,-0.07367891,0.1091878,0.133728,-0.0190467,-0.0717025,0.1332773,0.1525348,-0.001549553,-0.07986976,0.1152043,0.1401913,-0.0233501,-0.07336592,0.1093912,0.1337693,-0.01905015,-0.07147498,0.1336173,0.1527258,-0.001569151,-0.07970665,0.1152603,0.1401448,-0.01440222,-0.0748194,0.1202533,0.1423595,0.0459545,0.610452,-0.1633997,0.7736518,78.63408,0.07252795,0.9634492,-0.2578865,2.665763,-0.009933682,-0.05761103,0.1143562,0.1284331,0.4583121,0.7895969,0.3955252,0.1002341,168.4947,0.4606318,0.7935935,0.3975271,0.3824419,True,False,True,-0.1044444,0.594299,0.1249306,0.6162041,-0.09959114,-0.232059,-0.3344476,-0.9079511,310.4474,-0.2376444,-0.5537392,-0.798059,0.01343437,0.5813324,0.1806601,0.6089056,0.01077665,0.5479543,0.2136819,0.5882431,-0.03505371,0.5598003,0.1678574,0.5854752,0.05356752,-0.06061779,0.1128003,0.1388089,0.0161654,-0.07402931,0.1428526,0.1617051,0.009129122,-0.05360903,0.07648483,0.09384667,0.05342967,-0.06064111,0.1128417,0.1387996,0.01611781,-0.0740695,0.1427958,0.1616686,0.009112981,-0.05373253,0.07648049,0.09391217,0.02189492,-0.06234716,0.1078088,0.1264488,-0.89601,-0.1097267,0.41392,0.1174581,166.5092,-0.9022555,-0.1104915,0.4168051,14.15214,0,0,0,0,0,0,0,0,0,1,0,0,0.362455,False,True,False,0.05982967,0.989169,0.2535975,1.022911,0.7198758,-0.1440843,0.3164567,0.6007277,106.1559,0.9004596,-0.1802284,0.3958412,-0.009829674,0.010831,0.04640251,0.04865312,-0.02335227,0.2349959,0.5150319,0.8239986,69.0258,-0.04121534,0.4147535,0.909,0.01265212,1.103725,-0.04252514,1.104617,0.02448726,0.04195145,-0.001938017,0.9988177,5.572712,0.5037267,0.862982,-0.03986689,False
1773055720092,10.83193,0.1409031,0.9039941,0.2087095,0.9384128,0.07363227,-0.3578323,-0.817579,0.445083,127.1427,0.08222574,-0.3995942,-0.912997,0.06156971,0.9986824,0.2346863,1.027733,0.05071143,1.006564,0.2523421,1.038951,0.04323719,0.9877765,0.2388924,1.017173,-0.02300269,-0.07370904,0.1091786,0.133724,-0.01899265,-0.07220777,0.1322766,0.151894,-0.001587225,-0.07990322,0.1149666,0.1400156,-0.02327663,-0.07343875,0.1093461,0.1337596,-0.019038,-0.07162984,0.1333341,0.1525492,-0.00157297,-0.07974825,0.1151982,0.1401174,-0.01434867,-0.07492572,0.1200805,0.1422641,0.04674022,0.6103193,-0.1621212,0.7739783,78.57502,0.07381448,0.9638466,-0.2560299,2.628788,-0.009883111,-0.05771137,0.114193,0.128329,0.4583121,0.7895969,0.3955252,0.1002341,168.4947,0.4606319,0.7935935,0.3975272,0.453089,True,False,True,-0.1044226,0.5944509,0.1248524,0.6163311,-0.09952711,-0.2321205,-0.3342577,-0.9080123,310.4642,-0.2375668,-0.5540614,-0.7978583,0.01346619,0.5814986,0.180567,0.6090373,0.01079561,0.5481049,0.2136067,0.5883564,-0.03505111,0.5599635,0.1678028,0.5856155,0.05360601,-0.06059457,0.1127961,0.1388102,0.01618035,-0.07402053,0.1428554,0.161705,0.009130566,-0.05357618,0.07649717,0.09383811,0.05346692,-0.06063128,0.1128321,0.1388018,0.01613102,-0.07405916,0.1428084,0.1616762,0.009116694,-0.05369947,0.07648401,0.09389649,0.02191427,-0.06232846,0.1078173,0.1264502,-0.8959008,-0.1095964,0.4141392,0.11764,166.4882,-0.9021652,-0.1103627,0.4170349,14.16507,0,0,0,0,0,0,0,0,0,1,0,0,0.362593,False,True,False,0.05982061,0.9902976,0.2534758,1.023972,0.7186672,-0.1380043,0.3166543,0.6034918,105.7592,0.9012979,-0.1730745,0.3971238,-0.009820614,0.009702444,0.04652426,0.04852925,-0.01849893,0.234409,0.5111654,0.8266924,68.4791,-0.03287797,0.416613,0.9084895,0.01276416,1.103739,-0.04230528,1.104623,0.02476429,0.04181018,-0.001930029,0.9988168,5.574819,0.5092329,0.8597507,-0.03968755,False
1773055720106,10.84554,0.1414678,0.9072996,0.2080732,0.9415414,0.05342986,-0.3622439,-0.8007771,0.4740049,123.4108,0.06067975,-0.4113967,-0.9094343,0.05890404,0.9991912,0.2340081,1.027917,0.04866777,1.006946,0.2509057,1.038876,0.04151977,0.987582,0.2392578,1.016999,-0.02292185,-0.07373621,0.1091721,0.1337198,-0.01895197,-0.07262436,0.1312745,0.1512166,-0.001640312,-0.07995137,0.1146304,0.1397678,-0.02320407,-0.07349978,0.1093104,0.1337513,-0.01902044,-0.07183322,0.1329131,0.152275,-0.001586724,-0.0797898,0.1150822,0.1400458,-0.01426977,-0.07505749,0.1198197,0.1421057,0.04833211,0.6111441,-0.1602329,0.7736229,78.63931,0.07627616,0.9644877,-0.2528744,2.574635,-0.009808626,-0.05783575,0.1139469,0.1281603,0.4583121,0.7895969,0.3955251,0.1002341,168.4947,0.4606319,0.7935935,0.3975271,0.5442656,True,False,True,-0.1043963,0.5946083,0.1247725,0.6164623,-0.09945794,-0.232183,-0.3340719,-0.9080723,310.4806,-0.2374755,-0.5543829,-0.7976626,0.01350187,0.5816744,0.1804739,0.6091783,0.01081897,0.5482631,0.2135291,0.5884761,-0.03504332,0.560133,0.1677484,0.5857615,0.05364521,-0.0605686,0.1127928,0.1388113,0.01619571,-0.07401188,0.1428568,0.1617038,0.009131624,-0.05354334,0.07651124,0.09383094,0.05350333,-0.06061848,0.1128241,0.1388037,0.01614423,-0.07404951,0.1428183,0.1616819,0.009119743,-0.05366756,0.07648957,0.09388307,0.02193367,-0.06230958,0.1078257,0.1264513,-0.8957856,-0.1095207,0.4143603,0.1178094,166.4686,-0.9020674,-0.1102887,0.417266,14.177,0,0,0,0,0,0,0,0,0,1,0,0,0.3628886,False,True,False,0.05768044,0.9911057,0.2529124,1.024491,0.7153935,-0.08826061,0.3162309,0.6167823,103.8369,0.9088588,-0.1121291,0.4017499,-0.007680442,0.008894324,0.04708761,0.04853186,0.01270912,0.2217126,0.4791903,0.8491518,63.76095,0.02406352,0.4197918,0.9073014,0.01291281,1.103692,-0.04208009,1.104569,0.02515901,0.04178597,-0.002081232,0.9988076,5.596547,0.5153466,0.8559264,-0.04263109,False
1773055720119,10.85945,0.1419479,0.9100638,0.2075273,0.9441572,0.03894046,-0.3650739,-0.7879366,0.4943285,120.749,0.04479647,-0.419975,-0.9064295,0.0571252,0.9998282,0.2336013,1.028343,0.04737498,1.007381,0.2497576,1.038961,0.04053245,0.9877427,0.2394845,1.017168,-0.02283633,-0.07376049,0.1091682,0.1337153,-0.01891978,-0.07296558,0.1303262,0.1505552,-0.001698123,-0.07999502,0.1142706,0.1394986,-0.02312749,-0.07355423,0.1092807,0.1337437,-0.01899952,-0.07206921,0.1323733,0.1519133,-0.001609885,-0.07983255,0.1149135,0.1399319,-0.0141669,-0.07520849,0.1194854,0.1418936,0.05053884,0.612851,-0.1579152,0.7726075,78.82276,0.07960326,0.965296,-0.2487309,2.506017,-0.009711543,-0.05797831,0.1136313,0.127937,0.4583121,0.7895969,0.3955252,0.1002341,168.4947,0.4606318,0.7935935,0.3975271,0.6247625,True,False,True,-0.104366,0.594771,0.124691,0.6165977,-0.09938386,-0.2322465,-0.3338901,-0.908131,310.4967,-0.2373708,-0.5547031,-0.7974711,0.01354108,0.5818594,0.1803807,0.6093282,0.01084638,0.5484289,0.213449,0.5886021,-0.03503066,0.5603086,0.1676943,0.5859131,0.0536851,-0.06054007,0.1127903,0.1388122,0.01621155,-0.07400323,0.1428568,0.1617015,0.009132268,-0.05351049,0.07652695,0.09382508,0.05354113,-0.06060218,0.112817,0.1388055,0.01615822,-0.07403989,0.1428263,0.1616859,0.009122346,-0.05363487,0.07649734,0.09387097,0.02195427,-0.06228942,0.1078343,0.1264524,-0.8956579,-0.1094907,0.4145966,0.1179766,166.4493,-0.9019569,-0.1102607,0.4175123,14.18871,0,0,0,0,0,0,0,0,0,1,0,0,0.3631934,False,True,False,0.0562648,0.9921286,0.252453,1.025289,0.7116121,-0.05017504,0.3154245,0.625778,102.5214,0.9123218,-0.06432687,0.4043898,-0.006264802,0.007871449,0.04754701,0.04859965,0.03642555,0.2116837,0.4539059,0.8647733,60.28638,0.07253733,0.421544,0.9039018,0.0130723,1.103632,-0.04187353,1.104504,0.0259981,0.04199701,-0.002278356,0.9987769,5.668279,0.5257988,0.849369,-0.04607863,False
1773055720133,10.87358,0.1432521,0.914586,0.2063494,0.948456,0.01467216,-0.3632677,-0.7664112,0.5295615,116.0483,0.01729654,-0.4282445,-0.9034974,0.05494428,1.000252,0.2345148,1.028844,0.04593813,1.007649,0.2504924,1.039333,0.04097942,0.9865867,0.2404759,1.016298,-0.02278339,-0.07376099,0.109168,0.1337064,-0.01891016,-0.07308869,0.1297459,0.1501118,-0.00210047,-0.0794609,0.1120021,0.1373423,-0.02305497,-0.07359792,0.1092569,0.1337358,-0.01898072,-0.07228436,0.1318174,0.1515293,-0.001713038,-0.07975427,0.1142997,0.1393847,-0.01406682,-0.07530142,0.1190975,0.1416065,0.05253361,0.6217265,-0.1526056,0.7664254,79.93206,0.0817856,0.9679189,-0.23758,2.431357,-0.009617044,-0.05806604,0.1132651,0.1276446,0.4583121,0.789597,0.3955252,0.1002341,168.4947,0.4606319,0.7935935,0.3975271,0.6476769,True,False,True,-0.1043806,0.5948809,0.124642,0.6166962,-0.09931074,-0.2321953,-0.3337491,-0.908204,310.5166,-0.2372858,-0.5547905,-0.7974357,0.01351739,0.5819635,0.1803455,0.6094168,0.01081185,0.5485377,0.213424,0.5886937,-0.03506571,0.5604208,0.1676811,0.5860187,0.05370138,-0.06052981,0.1127857,0.1388103,0.01622714,-0.07399499,0.1428583,0.1617006,0.009131549,-0.0534897,0.07654217,0.09382556,0.05357485,-0.06058696,0.1128105,0.1388065,0.01617272,-0.07403045,0.142833,0.161689,0.009124281,-0.05360429,0.07650676,0.09386137,0.02197325,-0.06227034,0.1078427,0.1264534,-0.8955348,-0.109463,0.4148241,0.1181372,166.4308,-0.9018501,-0.1102349,0.4177495,14.19834,0,0,0,0,0,0,0,0,0,1,0,0,0.3621953,False,True,False,0.0553809,0.9930923,0.2520278,1.026069,0.7082162,-0.02279544,0.3146062,0.6316116,101.6618,0.9134914,-0.02940265,0.4057943,-0.005380902,0.006907701,0.0479722,0.04876477,0.05336907,0.2043205,0.4352927,0.8751716,57.86945,0.1103093,0.4223131,0.8997127,0.01325544,1.103567,-0.041724,1.104436,0.02637923,0.04195985,-0.002095848,0.9987688,5.686897,0.5317596,0.845838,-0.04224867,False
1773055720147,10.88724,0.1443174,0.9183423,0.2053728,0.9520284,-0.002651215,-0.3620329,-0.7498245,0.5537945,112.7446,-0.003184056,-0.4347942,-0.9005242,0.05374375,1.001041,0.2351259,1.029687,0.04528671,1.00826,0.2507564,1.039961,0.04185987,0.9862981,0.2409399,1.016163,-0.02273065,-0.0737562,0.1091703,0.1336968,-0.01889787,-0.07322457,0.1291189,0.1496351,-0.002428475,-0.0789656,0.1101875,0.135583,-0.0229884,-0.07363047,0.1092391,0.1337277,-0.01896376,-0.07247771,0.1312601,0.1511353,-0.001859625,-0.07959267,0.1134521,0.1385995,-0.01396818,-0.07535238,0.1186728,0.1412668,0.05417983,0.6346914,-0.1454897,0.75701,81.59738,0.08291943,0.9713624,-0.2226645,2.355137,-0.009523959,-0.05811411,0.1128642,0.1273039,0.4583121,0.7895969,0.3955252,0.1002341,168.4947,0.4606319,0.7935935,0.3975272,0.8871334,True,False,True,-0.1043943,0.5949924,0.1245935,0.6167963,-0.09923372,-0.2321318,-0.333616,-0.9082774,310.5367,-0.2371922,-0.5548502,-0.7974215,0.01349214,0.5820691,0.1803149,0.6095079,0.01077633,0.5486494,0.2134014,0.5887889,-0.03509948,0.5605339,0.1676708,0.586126,0.05371535,-0.06051966,0.1127815,0.1388079,0.01624299,-0.07398686,0.1428589,0.161699,0.009130358,-0.05347032,0.07655864,0.09382784,0.05360364,-0.06057318,0.1128045,0.1388068,0.01618711,-0.07402153,0.1428383,0.161691,0.009125525,-0.05357682,0.07651739,0.09385447,0.02199009,-0.06225294,0.1078506,0.1264545,-0.8954199,-0.1094397,0.4150359,0.1182851,166.4137,-0.9017504,-0.1102135,0.4179702,14.20573,0,0,0,0,0,0,0,0,0,1,0,0,0.3613746,False,True,False,0.05483103,0.993977,0.2529533,1.027123,0.7056494,0.02466956,0.3107094,0.6363255,100.9633,0.91474,0.03197939,0.4027755,-0.004831027,0.006023049,0.04704669,0.04767606,0.07853536,0.1862469,0.4031204,0.892546,53.61012,0.1741529,0.4130042,0.8939234,0.01343793,1.103539,-0.04154732,1.104403,0.02636895,0.04193747,-0.001956645,0.9987703,5.683454,0.5318745,0.8458993,-0.03946648,False
1773055720161,10.90133,0.1459825,0.9221478,0.2027572,0.9553941,-0.03564122,-0.3621711,-0.7264694,0.5829271,108.6866,-0.0438648,-0.4457357,-0.8940893,0.05383883,1.002242,0.2346836,1.030759,0.0463261,1.009732,0.250016,1.041255,0.04777931,0.9847299,0.2381522,1.014245,-0.02261346,-0.07372787,0.1091974,0.1336834,-0.01890025,-0.07326259,0.1285911,0.1491989,-0.003598258,-0.07647248,0.103744,0.1289333,-0.0229095,-0.073651,0.1092303,0.1337183,-0.01895043,-0.07264322,0.1306941,0.150722,-0.002225393,-0.07893628,0.1113825,0.1365355,-0.01387156,-0.0752036,0.1180602,0.1406635,0.05268048,0.6686359,-0.1266155,0.7308347,86.08717,0.07718136,0.9796081,-0.1855024,2.262283,-0.009432739,-0.05797366,0.112286,0.1267204,0.4583121,0.7895969,0.3955251,0.1002341,168.4947,0.4606319,0.7935935,0.3975271,1.292985,True,False,True,-0.1043784,0.595068,0.124575,0.6168628,-0.09919431,-0.2321377,-0.3334417,-0.9083441,310.5551,-0.2371802,-0.5550569,-0.7972815,0.01350088,0.5821167,0.1802958,0.609548,0.01078062,0.5487108,0.2133838,0.5888399,-0.03509173,0.5605936,0.1676746,0.5861837,0.05371746,-0.06051762,0.1127766,0.1388038,0.01625691,-0.0739848,0.1428537,0.1616949,0.009127769,-0.05346682,0.07657529,0.09383918,0.05362755,-0.06056152,0.1127987,0.1388062,0.01620177,-0.07401381,0.1428415,0.1616918,0.009125996,-0.0535537,0.07652954,0.09385122,0.02200501,-0.06223815,0.1078579,0.126456,-0.8953104,-0.109423,0.4152387,0.1184179,166.3984,-0.9016546,-0.1101984,0.4181811,14.21062,0,0,0,0,0,0,0,0,0,1,0,0,0.3601109,False,True,False,0.05481634,0.9950761,0.2534121,1.028299,0.7024109,0.05838135,0.3077123,0.6391586,100.5418,0.9133192,0.07591113,0.4001071,-0.004816335,0.00492394,0.04658794,0.04709436,0.09666831,0.1736093,0.3795828,0.9035664,50.73827,0.2256241,0.4052047,0.8859472,0.01368799,1.103538,-0.04137732,1.104398,0.02642725,0.04206032,-0.001560383,0.9987643,5.697351,0.5317562,0.8463171,-0.03139726,False
1773055720175,10.91495,0.1473271,0.9253715,0.2006897,0.9582766,-0.05751562,-0.3617483,-0.7090525,0.6025568,105.8935,-0.07206785,-0.4532755,-0.8884524,0.05412357,1.003513,0.2342813,1.031918,0.04724756,1.011116,0.2492161,1.042447,0.05161945,0.9845518,0.2364929,1.013872,-0.02248797,-0.07369217,0.1092299,0.133669,-0.01890099,-0.0732975,0.1280773,0.1487735,-0.004238786,-0.07478622,0.1001876,0.125094,-0.02282313,-0.07365944,0.1092303,0.1337081,-0.01894033,-0.07277758,0.1301528,0.1503165,-0.002638534,-0.0780829,0.109036,0.134137,-0.01374268,-0.07497288,0.1173265,0.1399117,0.04796797,0.708802,-0.1038958,0.6960635,91.77595,0.0668096,0.9872168,-0.1447057,2.172229,-0.009311087,-0.05775589,0.1115933,0.1259981,0.4583121,0.7895969,0.3955252,0.1002341,168.4947,0.4606318,0.7935935,0.3975271,1.298384,True,False,True,-0.10436,0.5951426,0.1245586,0.6169283,-0.09915623,-0.2321422,-0.3332688,-0.9084107,310.5733,-0.237171,-0.5552592,-0.7971431,0.01351056,0.5821605,0.1802799,0.6095853,0.01078713,0.5487707,0.2133668,0.5888897,-0.03507961,0.5606497,0.1676806,0.5862384,0.05371611,-0.06051669,0.1127717,0.1387989,0.01627086,-0.07398356,0.142847,0.1616897,0.009124627,-0.05346651,0.07659297,0.09385313,0.05364566,-0.06055236,0.1127931,0.1388047,0.01621589,-0.07400763,0.1428427,0.1616914,0.009125717,-0.05353585,0.0765425,0.09385159,0.02201736,-0.06222657,0.1078642,0.1264578,-0.8952113,-0.1094141,0.4154229,0.118529,166.3856,-0.9015667,-0.1101909,0.4183722,14.21293,0,0,0,0,0,0,0,0,0,1,0,0,0.3592315,False,True,False,0.05678603,0.9970111,0.2527324,1.030111,0.6939602,0.1051228,0.2955905,0.64807,99.20751,0.9112102,0.1380324,0.3881276,-0.00678603,0.002988875,0.04726762,0.0478457,0.1301432,0.1538877,0.3504248,0.9146497,47.68798,0.3219391,0.3806767,0.8668566,0.01394787,1.103529,-0.04124323,1.104388,0.02658579,0.04231594,-0.001822612,0.9987488,5.732836,0.5316337,0.8461881,-0.03644662,False
1773055720189,10.92885,0.1477105,0.9274613,0.1985835,0.9599158,-0.08480594,-0.3627332,-0.685956,0.6250576,102.6272,-0.108645,-0.4646978,-0.8787789,0.05269954,1.002305,0.2344423,1.030707,0.04699337,1.01141,0.2484857,1.042547,0.05348237,0.9836057,0.2355729,1.012835,-0.02091176,-0.07409402,0.1092363,0.1336406,-0.01887794,-0.07339375,0.1278446,0.1486178,-0.004630214,-0.07374522,0.09786392,0.122626,-0.02242444,-0.07375006,0.1092315,0.1336916,-0.01892737,-0.0729062,0.129667,0.1499569,-0.003054528,-0.07717305,0.1066355,0.1316668,-0.01352523,-0.07472544,0.1165794,0.1391315,0.03962788,0.7509,-0.08034796,0.6543111,98.26512,0.05240221,0.9929579,-0.1062487,2.057586,-0.009105816,-0.0575223,0.1108881,0.1252514,0.4583121,0.7895969,0.3955252,0.1002341,168.4947,0.4606319,0.7935935,0.3975272,1.298484,True,False,True,-0.1043516,0.5952241,0.1245323,0.6170003,-0.09906552,-0.2321728,-0.3331234,-0.9084661,310.5885,-0.2370224,-0.5554925,-0.7970248,0.01351269,0.582234,0.1802564,0.6096485,0.01079119,0.5488554,0.2133529,0.5889637,-0.03507189,0.5607182,0.1676721,0.586301,0.05371931,-0.06050962,0.1127693,0.1387951,0.01628243,-0.0739809,0.1428506,0.1616929,0.009122429,-0.05347383,0.07660536,0.09386721,0.05366097,-0.06054348,0.1127882,0.1388027,0.01622972,-0.07400208,0.1428443,0.1616917,0.009125034,-0.05352296,0.07655556,0.09385481,0.02202839,-0.06221739,0.1078708,0.1264609,-0.8951189,-0.1094209,0.415599,0.118603,166.377,-0.9014818,-0.1101988,0.4185533,14.21432,0,0,0,0,0,0,0,0,0,1,0,0,0.3584099,False,True,False,0.05851328,0.9986226,0.2518941,1.031563,0.6871791,0.137299,0.2876346,0.6528402,98.48783,0.9071724,0.1812539,0.3797178,-0.008513283,0.001377404,0.0481059,0.0488728,0.1524071,0.1404375,0.3292665,0.9212129,45.79192,0.3917326,0.3609672,0.846315,0.0142323,1.103507,-0.04115406,1.104365,0.02691243,0.04300834,-0.002416166,0.9987093,5.822822,0.5298576,0.8467574,-0.04757,False
1773055720201,10.94281,0.1481156,0.9294224,0.1968193,0.9615103,-0.1041709,-0.3628064,-0.668291,0.6410204,100.2641,-0.1357234,-0.4726973,-0.8707104,0.05188067,1.001717,0.2346319,1.030136,0.04695298,1.011871,0.2477562,1.042819,0.05574282,0.9830726,0.2343787,1.012162,-0.01966593,-0.07446151,0.1092327,0.1336527,-0.01884967,-0.07352829,0.1275283,0.1484088,-0.00503895,-0.07242132,0.09549206,0.119954,-0.02184575,-0.07389896,0.1092318,0.1336782,-0.01891118,-0.07303651,0.1292149,0.1496277,-0.003471024,-0.0761691,0.1042142,0.1291293,-0.01326546,-0.07443789,0.1157307,0.138241,0.02472644,0.7938358,-0.05569382,0.6050716,105.532,0.0310567,0.9970669,-0.06995207,1.923829,-0.008860585,-0.05725089,0.110087,0.1243998,0.4583121,0.7895969,0.3955252,0.1002341,168.4947,0.4606318,0.7935935,0.3975272,1.298698,True,False,True,-0.1043418,0.5953053,0.1245071,0.6170719,-0.09896889,-0.2322057,-0.3329826,-0.9085198,310.6032,-0.2368573,-0.5557262,-0.7969108,0.01351514,0.5823077,0.1802354,0.6097128,0.01079759,0.5489415,0.2133408,0.5890396,-0.03506012,0.5607842,0.1676639,0.5863611,0.05372008,-0.06050252,0.1127673,0.1387908,0.01629365,-0.07397886,0.1428547,0.1616967,0.00911984,-0.05348558,0.07661787,0.09388384,0.0536733,-0.06053495,0.1127838,0.1388002,0.01624304,-0.07399724,0.1428465,0.1616927,0.009123952,-0.05351516,0.07656854,0.09386086,0.02203796,-0.06221072,0.1078777,0.1264652,-0.8950343,-0.1094441,0.415765,0.1186389,166.3729,-0.9014004,-0.1102225,0.4187222,14.21477,0,0,0,0,0,0,0,0,0,1,0,0,0.3578532,False,True,False,0.05932269,0.9990854,0.2509809,1.031834,0.6761296,0.1763462,0.2777523,0.6592455,97.51529,0.8991949,0.2345255,0.369387,-0.009322684,0.0009146333,0.04901916,0.04990618,0.1810444,0.1253371,0.3027963,0.9272692,43.97392,0.4835644,0.3347718,0.8087605,0.01450232,1.103465,-0.04109361,1.104325,0.02714946,0.04366178,-0.002556787,0.9986742,5.901496,0.5274013,0.8481673,-0.04966778,False
1773055720217,10.95667,0.148543,0.9313458,0.195231,0.9631122,-0.1196305,-0.3624668,-0.6533772,0.653762,98.34831,-0.158095,-0.4790098,-0.8634558,0.05145084,1.001582,0.2347592,1.030012,0.04703883,1.012458,0.2470545,1.043226,0.058049,0.9829127,0.2331909,1.011862,-0.0187301,-0.07475757,0.1092205,0.1336736,-0.01882009,-0.07366919,0.1271942,0.1481881,-0.005411658,-0.07103229,0.09336221,0.1174367,-0.02119424,-0.0740777,0.1092294,0.1336704,-0.01889231,-0.0731683,0.1287898,0.1493229,-0.003876528,-0.07508577,0.1018533,0.1265978,-0.01299553,-0.07409839,0.1147254,0.137191,0.001262365,0.8340566,-0.0312255,0.5507931,113.1571,0.001512463,0.9992988,-0.03741186,1.782084,-0.008605752,-0.05693041,0.109138,0.1233946,0.4583121,0.7895969,0.3955252,0.1002341,168.4947,0.4606319,0.7935935,0.3975272,1.29867,True,False,True,-0.1043306,0.5953863,0.124483,0.6171432,-0.09886665,-0.2322407,-0.3328466,-0.9085719,310.6175,-0.2366768,-0.5559609,-0.7968011,0.01351812,0.582382,0.1802166,0.6097782,0.01080611,0.5490291,0.2133303,0.5891176,-0.03504485,0.5608486,0.1676562,0.5864196,0.0537189,-0.06049543,0.1127659,0.138786,0.01630457,-0.07397726,0.142859,0.1617008,0.009116955,-0.05350085,0.07663045,0.09390254,0.05368275,-0.06052676,0.1127801,0.1387973,0.0162558,-0.0739931,0.1428491,0.1616944,0.009122503,-0.05351219,0.07658137,0.09386948,0.02204611,-0.06220644,0.1078848,0.1264705,-0.8949575,-0.1094828,0.4159201,0.1186386,166.3729,-0.9013231,-0.1102615,0.4188785,14.21434,0,0,0,0,0,0,0,0,0,1,0,0,0.3574931,False,True,False,0.06024613,0.9995595,0.2500647,1.032125,0.6675272,0.2046985,0.2705797,0.6627916,96.97375,0.8914579,0.2733673,0.3613491,-0.01024613,0.0004405379,0.04993534,0.0509776,0.2012545,0.1141663,0.2828964,0.9308235,42.8729,0.5506744,0.312383,0.7740638,0.0147978,1.103438,-0.04109097,1.104302,0.02732048,0.04426628,-0.002473998,0.998643,5.970224,0.524623,0.8500258,-0.04750708,False
1773055720231,10.97048,0.1483448,0.9343073,0.1922032,0.9653385,-0.1344946,-0.3628884,-0.6405033,0.6633089,96.89456,-0.1797225,-0.4849208,-0.8558924,0.05056395,1.002893,0.2331734,1.030884,0.04679976,1.014837,0.2446938,1.044968,0.05832952,0.9849729,0.2310079,1.01338,-0.01758534,-0.0752811,0.1091603,0.1337627,-0.0187889,-0.07374931,0.1270806,0.1481265,-0.005497247,-0.07086615,0.09279837,0.1168921,-0.02043972,-0.07432768,0.1092151,0.1336799,-0.01887095,-0.07328898,0.1284312,0.1490703,-0.004214477,-0.07419613,0.09988,0.1244943,-0.01275129,-0.0738078,0.1137638,0.1362071,-0.02893206,0.8651616,-0.01267598,0.5004975,119.9342,-0.03341895,0.9993341,-0.01464181,1.635414,-0.00837524,-0.05665609,0.1082303,0.1224494,0.4583121,0.7895969,0.3955252,0.1002341,168.4947,0.4606318,0.7935935,0.3975271,1.293778,True,False,True,-0.1042919,0.5954037,0.1245334,0.6171636,-0.09878395,-0.2323543,-0.332647,-0.9086249,310.632,-0.2365441,-0.5563862,-0.7965432,0.0135499,0.5823788,0.1802667,0.6097907,0.01084815,0.5490449,0.213394,0.5891562,-0.03499559,0.5608398,0.1677089,0.5864232,0.05370545,-0.06048248,0.1127736,0.1387814,0.01630659,-0.07396728,0.1428767,0.1617122,0.009114978,-0.05352264,0.07664083,0.09392323,0.05368744,-0.06051762,0.1127788,0.138794,0.01626629,-0.07398777,0.1428548,0.1616981,0.009120949,-0.05351435,0.07659365,0.09388059,0.02205143,-0.06220384,0.1078935,0.1264776,-0.8949009,-0.1095324,0.4160451,0.1185811,166.3796,-0.90126,-0.1103107,0.4190015,14.21311,0,0,0,0,0,0,0,0,0,1,0,0,0.3573913,False,True,False,0.06131005,1.000023,0.2490833,1.032399,0.6601757,0.2277431,0.2647516,0.6649871,96.63733,0.8839411,0.3049362,0.3544888,-0.01131005,-2.300739E-05,0.05091672,0.05215774,0.2173183,0.1049585,0.2662995,0.9331887,42.12507,0.604692,0.2920488,0.7409831,0.01509469,1.103406,-0.04106648,1.104273,0.02730558,0.04470595,-0.001985139,0.998625,6.009964,0.520874,0.8527986,-0.03786798,False
1773055720243,10.98446,0.1482922,0.9371712,0.1894592,0.9675614,-0.1484142,-0.3628348,-0.6275386,0.6726957,95.44907,-0.2005816,-0.4903708,-0.8481177,0.04997183,1.004131,0.2319413,1.031781,0.04663484,1.01701,0.2427398,1.046617,0.05908806,0.9867516,0.2289842,1.014694,-0.01659507,-0.07570621,0.1090806,0.1338111,-0.01875009,-0.07384955,0.1270089,0.14811,-0.005638291,-0.07041283,0.0919353,0.115939,-0.0196258,-0.07461709,0.109187,0.1336962,-0.01884574,-0.07340657,0.1281298,0.1488655,-0.004514451,-0.07338908,0.0981264,0.1226178,-0.01254029,-0.07352331,0.1128122,0.1352388,-0.06823441,0.8888347,0.002024272,0.4531147,126.1126,-0.07654298,0.9970636,0.002270757,1.48827,-0.008176062,-0.05638754,0.1073321,0.1215178,0.4583121,0.7895969,0.3955252,0.1002341,168.4947,0.4606318,0.7935935,0.3975272,1.284168,True,False,True,-0.1042505,0.5954172,0.124589,0.6171809,-0.09869882,-0.2324789,-0.3324436,-0.9086767,310.6462,-0.2364042,-0.5568352,-0.7962714,0.01358383,0.5823708,0.1803222,0.6098003,0.01089414,0.5490574,0.2134633,0.5891938,-0.03494105,0.5608248,0.1677645,0.5864216,0.05368895,-0.06046881,0.1127827,0.1387765,0.01630732,-0.07395652,0.1428962,0.1617245,0.009112935,-0.05354806,0.07665104,0.09394585,0.05368776,-0.06050744,0.1127796,0.1387904,0.01627485,-0.07398125,0.1428634,0.1617036,0.009119277,-0.05352139,0.07660563,0.09389421,0.0220542,-0.06220278,0.1079038,0.1264863,-0.8948623,-0.1095934,0.416144,0.1184692,166.3925,-0.9012089,-0.1103707,0.4190954,14.21109,0,0,0,0,0,0,0,0,0,1,0,0,0.3575349,False,True,False,0.06191923,1.002108,0.2463092,1.033791,0.6527294,0.2470184,0.2582747,0.6679974,96.17462,0.8771316,0.331941,0.3470671,-0.01191923,-0.002108455,0.05369078,0.05503829,0.2327471,0.09708552,0.2529853,0.9340245,41.85777,0.6515712,0.2717892,0.7082278,0.01538792,1.103403,-0.0410619,1.104274,0.02722099,0.0453392,-0.001792219,0.9985991,6.066246,0.5144459,0.8568595,-0.03387091,False
1773055720259,10.99844,0.1485426,0.9424048,0.1843292,0.9716836,-0.1569551,-0.3576088,-0.6130952,0.686728,93.25668,-0.2159196,-0.4919544,-0.8434215,0.04901264,1.006115,0.2288976,1.032988,0.04616143,1.020086,0.2403232,1.049029,0.05917831,0.9898301,0.2261939,1.017069,-0.01618444,-0.07666745,0.1084502,0.1337957,-0.01868837,-0.07390709,0.1274443,0.1485044,-0.005633561,-0.0704612,0.09195941,0.1159873,-0.01889524,-0.07504845,0.1090328,0.1337066,-0.01881288,-0.07351162,0.1279846,0.1487882,-0.00475044,-0.07276348,0.09676263,0.1211614,-0.01244165,-0.07330899,0.1121367,0.1345498,-0.1190058,0.9005907,0.01202876,0.4178867,130.5975,-0.1309917,0.991295,0.01324025,1.385027,-0.008082905,-0.05618522,0.1066943,0.1208544,0.4583121,0.7895969,0.3955252,0.1002341,168.4947,0.4606319,0.7935935,0.3975272,1.229128,True,False,True,-0.1042083,0.5953461,0.1246631,0.6171201,-0.09852809,-0.2326525,-0.3322002,-0.9087399,310.6636,-0.2360729,-0.5574344,-0.7959503,0.01362713,0.5822821,0.1803842,0.6097348,0.01094724,0.549006,0.2135576,0.589181,-0.03488439,0.5607333,0.1678515,0.5863556,0.05367871,-0.06046651,0.1127858,0.1387741,0.01631494,-0.07394371,0.1429189,0.1617395,0.009109358,-0.05357031,0.07666923,0.09397303,0.05368587,-0.06049889,0.1127809,0.1387869,0.01628322,-0.07397341,0.142875,0.1617111,0.009117207,-0.05353161,0.0766189,0.09391066,0.02205577,-0.06220314,0.107916,0.1264973,-0.8948293,-0.109627,0.4162451,0.1183315,166.4084,-0.9011607,-0.1104027,0.4191903,14.20846,0,0,0,0,0,0,0,0,0,1,0,0,0.3580947,False,True,False,0.06262656,1.00401,0.2438696,1.0351,0.6454206,0.265883,0.2522714,0.6701475,95.84309,0.8695719,0.3582228,0.3398841,-0.01262655,-0.004010439,0.05613044,0.05767269,0.2471415,0.08931432,0.239496,0.9346581,41.65404,0.6951007,0.251202,0.6735972,0.01568812,1.103416,-0.04109669,1.104293,0.0267347,0.04589071,-0.001927529,0.9985868,6.092779,0.5030595,0.8635129,-0.03626978,False
1773055720271,11.01218,0.1488267,0.9467955,0.1801795,0.9752107,-0.1666235,-0.3531782,-0.5983062,0.6996653,91.19968,-0.2332125,-0.4943214,-0.8374118,0.0483743,1.007512,0.2267833,1.033852,0.04593077,1.022718,0.238732,1.051216,0.05949495,0.9923455,0.2242241,1.0191,-0.01571837,-0.07756519,0.1078661,0.1337854,-0.01861928,-0.0739576,0.1279903,0.1489897,-0.005630902,-0.07050089,0.09197246,0.1160216,-0.01822937,-0.07557124,0.108792,0.1337124,-0.01877304,-0.07360388,0.1279858,0.1488298,-0.00493343,-0.07228683,0.09571843,0.1200489,-0.01242846,-0.07316168,0.1117585,0.1341531,-0.1774632,0.9020816,0.01884776,0.3929381,133.7251,-0.192986,0.9809874,0.02049638,1.324847,-0.008070501,-0.05604617,0.1063374,0.1204738,0.4583121,0.789597,0.3955252,0.1002341,168.4947,0.4606319,0.7935935,0.3975271,1.098712,True,False,True,-0.1041639,0.5952665,0.1247425,0.6170519,-0.09834451,-0.2328413,-0.3319487,-0.9088033,310.681,-0.2357111,-0.5580715,-0.7956111,0.01367342,0.5821845,0.1804503,0.6096622,0.01100457,0.5489491,0.2136587,0.5891657,-0.03482314,0.5606324,0.1679439,0.586282,0.05366677,-0.06046513,0.1127894,0.1387718,0.01632232,-0.07393014,0.1429436,0.1617559,0.009105495,-0.05359508,0.07668845,0.09400246,0.05368194,-0.06049195,0.1127826,0.1387838,0.01629127,-0.07396451,0.1428891,0.1617203,0.009114799,-0.05354467,0.07663321,0.09392954,0.02205618,-0.06220485,0.10793,0.1265101,-0.8948022,-0.1096359,0.4163467,0.1181716,166.4268,-0.9011161,-0.1104095,0.4192846,14.20529,0,0,0,0,0,0,0,0,0,1,0,0,0.3586843,False,True,False,0.06311518,1.00691,0.2404269,1.037139,0.6416582,0.2874844,0.2501303,0.6656293,96.53876,0.8598059,0.3852219,0.3351684,-0.01311518,-0.006910443,0.05957308,0.06138986,0.2548855,0.07920102,0.2212614,0.9379787,40.57035,0.735191,0.2284472,0.6382058,0.01596816,1.103476,-0.04118546,1.10436,0.02640679,0.04658823,-0.002260588,0.9985625,6.144993,0.4926706,0.8691949,-0.04217571,False
1773055720286,11.02613,0.1491265,0.9505966,0.1766991,0.9783124,-0.1769429,-0.3491787,-0.5832135,0.7117777,89.24052,-0.2519101,-0.4971188,-0.8303096,0.04798578,1.00853,0.22536,1.034516,0.04590024,1.024997,0.2376827,1.053195,0.05998087,0.9944654,0.2228271,1.020887,-0.01523567,-0.07840437,0.1073509,0.1338043,-0.01854785,-0.07399786,0.1285457,0.1494781,-0.00563026,-0.07053202,0.09197493,0.1160425,-0.01759293,-0.07616853,0.1084903,0.133721,-0.0187261,-0.07368641,0.1281039,0.1489663,-0.005080099,-0.07191248,0.09489287,0.1191716,-0.01247208,-0.07306985,0.1116239,0.133995,-0.2411906,0.89463,0.02425098,0.3753349,135.91,-0.2602152,0.9651962,0.02616384,1.303221,-0.008111678,-0.05595946,0.1062103,0.1203241,0.4583121,0.7895969,0.3955252,0.1002341,168.4947,0.4606319,0.7935935,0.3975272,0.9121279,True,False,True,-0.1041173,0.5951788,0.124827,0.6169766,-0.09809668,-0.2330985,-0.3316207,-0.9088838,310.7031,-0.2352161,-0.5589232,-0.7951595,0.01372501,0.5820758,0.1805143,0.6095785,0.0110673,0.5488902,0.2137657,0.5891508,-0.03475814,0.5605227,0.1680423,0.5862014,0.05365318,-0.0604646,0.1127934,0.1387695,0.01632961,-0.07391565,0.1429701,0.1617734,0.009101288,-0.0536223,0.07670853,0.09403394,0.05367595,-0.06048625,0.1127849,0.1387808,0.01629926,-0.07395433,0.142906,0.1617313,0.009111985,-0.05356085,0.0766489,0.0939513,0.02205553,-0.06220785,0.1079459,0.126525,-0.8947795,-0.1096225,0.4164517,0.1179853,166.4483,-0.9010733,-0.1103936,0.419381,14.2015,0,0,0,0,0,0,0,0,0,1,0,0,0.3592542,False,True,False,0.06367642,1.009528,0.2378684,1.039126,0.6366935,0.3087458,0.2470649,0.6620094,97.0934,0.8494959,0.4119382,0.3296416,-0.01367642,-0.009527922,0.06213164,0.06432858,0.2639762,0.06939124,0.2035095,0.9402581,39.81009,0.7753462,0.2038147,0.5977445,0.01623984,1.103528,-0.04127994,1.104419,0.02606985,0.04693619,-0.002479556,0.9985546,6.161918,0.4850475,0.8732802,-0.04613386,False
1773055720300,11.04018,0.1488554,0.9547829,0.1737652,0.981816,-0.1826588,-0.3361602,-0.5732467,0.7245829,87.13168,-0.265035,-0.4877629,-0.8317716,0.04787708,1.010158,0.2259385,1.036223,0.04644246,1.02688,0.2391493,1.055382,0.06021831,0.9967251,0.2237048,1.023294,-0.01551945,-0.07913668,0.1069364,0.1339361,-0.01848934,-0.07400643,0.1287733,0.1496709,-0.00556757,-0.07088413,0.09238097,0.1165753,-0.01714985,-0.07679851,0.1081631,0.1337587,-0.0186765,-0.07375377,0.1282455,0.1491152,-0.005183154,-0.07169227,0.09433749,0.118601,-0.01254587,-0.07305891,0.1116413,0.1340104,-0.29598,0.8812031,0.02918993,0.3674574,136.8822,-0.3182443,0.947489,0.03138566,1.331649,-0.008181329,-0.05594915,0.1062267,0.1203385,0.4583121,0.7895969,0.3955252,0.1002341,168.4947,0.4606318,0.7935935,0.3975271,0.8320381,True,False,True,-0.1041167,0.5950789,0.124846,0.6168839,-0.09793223,-0.2332065,-0.3315053,-0.9089159,310.7119,-0.2348611,-0.5592759,-0.795016,0.01372352,0.5819719,0.1805334,0.609485,0.01107918,0.5488231,0.2137914,0.5890978,-0.03475058,0.5604258,0.1680793,0.5861188,0.0536386,-0.06046912,0.1127959,0.1387679,0.01634362,-0.07391377,0.1429724,0.1617759,0.009098494,-0.05362844,0.0767214,0.09404767,0.05366813,-0.06048267,0.1127872,0.1387781,0.01630855,-0.07394584,0.1429199,0.1617407,0.009109161,-0.053575,0.07666408,0.09397148,0.02205426,-0.06221071,0.1079593,0.1265376,-0.8947617,-0.1096058,0.4165368,0.117835,166.4657,-0.9010391,-0.1103747,0.4194591,14.19646,0,0,0,0,0,0,0,0,0,1,0,0,0.3588774,False,True,False,0.06426294,1.011953,0.2359567,1.041083,0.6308751,0.3297094,0.2433873,0.6588254,97.57929,0.8385997,0.4382709,0.3235261,-0.01426294,-0.011953,0.06404334,0.06669224,0.2738356,0.05976977,0.186043,0.9417163,39.31637,0.8139983,0.1776704,0.5530278,0.0165258,1.10355,-0.04148986,1.104454,0.02575347,0.04734861,-0.00261268,0.998543,6.186649,0.4772498,0.8774394,-0.04841681,False
1773055720313,11.05392,0.1487459,0.9584903,0.1710854,0.9849362,-0.1897525,-0.3253274,-0.5617192,0.7366326,85.10931,-0.2805774,-0.481045,-0.8305855,0.04796907,1.011443,0.2263337,1.037567,0.04714713,1.028567,0.2403258,1.057322,0.0607927,0.9986547,0.2243724,1.025354,-0.01575821,-0.07984384,0.1065184,0.1340505,-0.01840359,-0.07401177,0.1290691,0.1499175,-0.005521575,-0.07112567,0.09267621,0.116954,-0.01685755,-0.07743518,0.1078222,0.1338134,-0.01862027,-0.07380714,0.1284165,0.1492816,-0.00525346,-0.07157312,0.09397726,0.1182457,-0.01263365,-0.07310338,0.1117775,0.1341564,-0.3386357,0.8659201,0.03491537,0.3664549,137.0057,-0.3639539,0.9306607,0.03752583,1.396571,-0.008264221,-0.05599111,0.1063553,0.1204772,0.4583121,0.7895969,0.3955252,0.1002341,168.4947,0.4606318,0.7935934,0.3975271,0.795854,True,False,True,-0.1041167,0.5949715,0.1248657,0.6167843,-0.09776095,-0.2333162,-0.3313995,-0.9089448,310.7199,-0.2344858,-0.5596235,-0.7948824,0.01372133,0.5818619,0.1805536,0.6093858,0.01109147,0.5487519,0.2138166,0.5890409,-0.03474338,0.5603237,0.1681173,0.5860317,0.0536225,-0.06047503,0.1127985,0.1387664,0.01635836,-0.07391264,0.1429732,0.1617776,0.0090957,-0.05363408,0.07673404,0.09406094,0.05365874,-0.06048109,0.1127895,0.1387757,0.0163188,-0.073939,0.1429308,0.1617483,0.009106391,-0.05358716,0.07667848,0.09398989,0.02205244,-0.06221344,0.1079701,0.1265478,-0.8947491,-0.1095858,0.4166021,0.1177191,166.479,-0.9010139,-0.1103531,0.419519,14.19037,0,0,0,0,0,0,0,0,0,1,0,0,0.358587,False,True,False,0.0650478,1.014189,0.2364435,1.043415,0.6334504,0.3479539,0.2389713,0.6485071,99.14173,0.832164,0.4571072,0.3139367,-0.0150478,-0.01418889,0.06355651,0.06683704,0.2744874,0.04439947,0.1713154,0.9451647,38.12434,0.8404548,0.135947,0.5245517,0.01678339,1.103585,-0.04169765,1.1045,0.02534329,0.04761468,-0.002823238,0.9985402,6.192468,0.4692069,0.8815404,-0.05226957,False
1773055720327,11.06771,0.1486841,0.9613248,0.1691781,0.9873569,-0.1971149,-0.3150851,-0.5515045,0.7467999,83.37215,-0.2963915,-0.4737774,-0.8292692,0.0484527,1.012881,0.22719,1.039178,0.0482542,1.029749,0.2417952,1.058856,0.06181829,1.000086,0.2254147,1.027037,-0.01642822,-0.08023955,0.1064223,0.1342906,-0.01832284,-0.07400652,0.1291439,0.1499695,-0.005505852,-0.07117362,0.09277453,0.1170603,-0.01676724,-0.07802396,0.107531,0.1339097,-0.01855882,-0.07384849,0.1285677,0.1494245,-0.00530601,-0.07148899,0.09371652,0.1179899,-0.01270094,-0.07316269,0.111866,0.1342687,-0.3667678,0.8526841,0.04157875,0.3697058,136.6051,-0.3947352,0.9177045,0.04474929,1.486975,-0.008327733,-0.05604712,0.1064388,0.1205813,0.4583122,0.789597,0.3955252,0.1002341,168.4947,0.4606318,0.7935935,0.3975272,0.6902188,True,False,True,-0.1041318,0.5949267,0.1248673,0.6167439,-0.09761181,-0.2333842,-0.331316,-0.9089739,310.7279,-0.2341636,-0.5598716,-0.7948028,0.01371303,0.581848,0.1805479,0.6093708,0.0110845,0.5487385,0.2138197,0.5890294,-0.03476437,0.560295,0.1681396,0.5860119,0.05364504,-0.06046476,0.1127932,0.1387663,0.01637641,-0.07391503,0.1429668,0.1617749,0.009093538,-0.05362285,0.07674112,0.0940601,0.05365591,-0.06047772,0.1127903,0.1387738,0.01633069,-0.07393406,0.1429383,0.1617538,0.00910374,-0.05359453,0.07669141,0.09400439,0.02205401,-0.06221415,0.1079783,0.1265555,-0.8947164,-0.109594,0.416691,0.1176446,166.4876,-0.900973,-0.1103604,0.4196049,14.18624,0,0,0,0,0,0,0,0,0,1,0,0,0.357794,False,True,False,0.06589417,1.016287,0.236735,1.045574,0.6334444,0.366643,0.2343268,0.6398531,100.4383,0.8242638,0.4770909,0.3049155,-0.01589417,-0.01628721,0.063265,0.06723361,0.2776096,0.03040321,0.1559907,0.9474574,37.31156,0.8678502,0.09504511,0.4876509,0.01702772,1.103665,-0.04184603,1.104589,0.02491776,0.04766808,-0.003126242,0.9985475,6.177022,0.4624781,0.884728,-0.05802361,False
1773055720341,11.08175,0.1486881,0.9641305,0.1672147,0.9897557,-0.2050575,-0.3057946,-0.5401124,0.7567825,81.63726,-0.3137034,-0.4678142,-0.826281,0.04901096,1.014156,0.2278477,1.040591,0.04943361,1.030979,0.2429737,1.060377,0.06295,1.001538,0.2262298,1.028698,-0.01695761,-0.08066384,0.106254,0.1344772,-0.0182231,-0.07399686,0.1292436,0.1500384,-0.005489616,-0.07121896,0.09287655,0.1171679,-0.01680779,-0.0785869,0.1072614,0.1340276,-0.01848844,-0.0738797,0.1287101,0.1495537,-0.005344771,-0.07143138,0.09353237,0.1178105,-0.01275779,-0.07323618,0.1119412,0.1343768,-0.3847887,0.8415955,0.04883532,0.3758589,135.8452,-0.415235,0.9081864,0.0526994,1.593419,-0.00838135,-0.0561165,0.1065098,0.1206799,0.4583121,0.7895969,0.3955252,0.1002341,168.4947,0.4606318,0.7935935,0.3975272,0.6490757,True,False,True,-0.1041484,0.5948795,0.1248685,0.6167014,-0.09745977,-0.2334483,-0.331243,-0.9090003,310.7351,-0.2338312,-0.5601029,-0.7947377,0.01370445,0.5818373,0.1805411,0.6093583,0.01107638,0.5487248,0.2138207,0.5890169,-0.0347883,0.5602672,0.1681621,0.5859932,0.05367145,-0.06045347,0.1127869,0.1387665,0.01639554,-0.07391849,0.1429583,0.1617709,0.009091399,-0.05360903,0.07674729,0.09405705,0.05365916,-0.06047264,0.1127896,0.1387722,0.01634427,-0.0739308,0.1429424,0.1617573,0.009101156,-0.05359756,0.07670312,0.09401541,0.02205875,-0.06221301,0.1079843,0.1265609,-0.8946649,-0.1096286,0.416803,0.1176075,166.4919,-0.9009172,-0.1103947,0.4197158,14.18388,0,0,0,0,0,0,0,0,0,1,0,0,0.3576361,False,True,False,0.06699695,1.017881,0.2375039,1.047368,0.6333518,0.3832912,0.2288646,0.6321189,101.5867,0.8173638,0.4946514,0.2953582,-0.01699695,-0.01788127,0.06249608,0.06718925,0.2809365,0.01699648,0.1428013,0.9488907,36.79465,0.890153,0.05385371,0.4524687,0.01721865,1.103779,-0.04199567,1.104712,0.02414093,0.04776814,-0.003274711,0.9985613,6.147541,0.4502096,0.8908389,-0.06107083,False
1773055720354,11.09554,0.1479077,0.9652393,0.1665639,0.9906095,-0.2133511,-0.2989493,-0.5247234,0.7679688,79.65633,-0.3331075,-0.4667529,-0.8192564,0.04852478,1.013211,0.2295664,1.040025,0.04935226,1.030158,0.2449491,1.060029,0.06282921,1.001497,0.2289173,1.029245,-0.01737341,-0.0810046,0.1061022,0.1346152,-0.01818418,-0.07398134,0.129311,0.1500841,-0.005324171,-0.07129554,0.09407509,0.1181589,-0.01692633,-0.07909553,0.10702,0.1341488,-0.01842555,-0.07390077,0.1288347,0.1496637,-0.005340488,-0.07140286,0.09364918,0.1178858,-0.01282752,-0.07332994,0.1121665,0.1346222,-0.3931897,0.8318276,0.05644146,0.3876585,134.3822,-0.4265441,0.9023919,0.06122942,1.699919,-0.008447167,-0.056205,0.1067224,0.1209133,0.4583121,0.7895969,0.3955252,0.1002341,168.4947,0.4606318,0.7935935,0.3975271,0.6178614,True,False,True,-0.104047,0.5948759,0.1248564,0.6166784,-0.09737323,-0.2335229,-0.3311039,-0.9090411,310.7463,-0.2336735,-0.5604016,-0.7945735,0.01380952,0.5818277,0.1805184,0.6093448,0.01118518,0.5487301,0.213794,0.5890142,-0.0346939,0.5602657,0.1681665,0.5859874,0.05367769,-0.0604519,0.1127841,0.1387659,0.0164163,-0.07392257,0.142947,0.1617649,0.009088321,-0.05359817,0.0767575,0.09405889,0.05366299,-0.06046836,0.1127884,0.1387709,0.01635914,-0.0739291,0.1429434,0.1617589,0.009098508,-0.05359769,0.07671434,0.09402439,0.02206403,-0.06221105,0.1079879,0.1265639,-0.89461,-0.1096691,0.4169102,0.1176079,166.4919,-0.9008619,-0.1104355,0.4198237,14.18113,0,0,0,0,0,0,0,0,0,1,0,0,0.3577696,False,True,False,0.06814751,1.019515,0.237992,1.04914,0.6318103,0.4004674,0.2234254,0.6249182,102.6476,0.809297,0.5129657,0.2861896,-0.01814751,-0.0195148,0.06200805,0.06749191,0.2854103,0.004204006,0.1288541,0.9496947,36.50163,0.9113379,0.01342373,0.4114416,0.01740702,1.103891,-0.04210633,1.104831,0.02353393,0.04766453,-0.00356981,0.9985797,6.108054,0.4417235,0.8946463,-0.06700408,False
1773055720368,11.10938,0.1472929,0.966584,0.1656944,0.9916826,-0.221903,-0.2919075,-0.5091757,0.7786458,77.7265,-0.3536507,-0.4652182,-0.8114822,0.0483882,1.012539,0.2311185,1.039708,0.04963672,1.029718,0.2467024,1.060022,0.06313038,1.001718,0.2312104,1.029991,-0.01771904,-0.08135573,0.1059179,0.1347268,-0.01814509,-0.07396296,0.1293839,0.1501331,-0.005189815,-0.07134451,0.09504943,0.1189595,-0.01709261,-0.07957276,0.1067898,0.1342685,-0.01836741,-0.07391369,0.1289489,0.1497612,-0.005309089,-0.07139058,0.09395005,0.1181161,-0.01290719,-0.07343861,0.1124738,0.1349451,-0.3961373,0.8225155,0.06425458,0.4030072,132.4674,-0.4328439,0.8987308,0.07020849,1.805182,-0.008522391,-0.05630757,0.1070126,0.1212224,0.4583121,0.7895969,0.3955252,0.1002341,168.4947,0.4606319,0.7935935,0.3975272,0.6008,True,False,True,-0.1039391,0.5948732,0.124843,0.6166549,-0.09729303,-0.2335958,-0.3309644,-0.9090818,310.7575,-0.2335307,-0.5606958,-0.794408,0.01392134,0.5818176,0.1804939,0.6093305,0.01130045,0.5487347,0.2137632,0.5890095,-0.03459386,0.5602653,0.1681693,0.585982,0.05368398,-0.06045079,0.112781,0.1387654,0.01643773,-0.07392742,0.142934,0.1617578,0.009085167,-0.05358608,0.07676743,0.0940598,0.05366733,-0.06046473,0.1127869,0.1387698,0.01637541,-0.07392875,0.1429414,0.1617587,0.009095748,-0.05359529,0.07672533,0.09403172,0.02206987,-0.06220836,0.1079894,0.1265649,-0.8945512,-0.1097158,0.4170147,0.1176411,166.488,-0.9008062,-0.110483,0.4199306,14.17797,0,0,0,0,0,0,0,0,0,1,0,0,0.3580337,False,True,False,0.06804609,1.019286,0.2395096,1.049257,0.6266622,0.4203195,0.2197065,0.6183487,103.6087,0.7973777,0.534823,0.279559,-0.01804608,-0.01928627,0.06049038,0.06600536,0.2921166,-0.00664947,0.1111118,0.9498831,36.43262,0.9344583,-0.02127113,0.3554381,0.0175373,1.103995,-0.04216054,1.104939,0.02314434,0.04790982,-0.003991972,0.9985755,6.11715,0.4337649,0.8979129,-0.07481645,False
1773055720383,11.12344,0.14673,0.9682575,0.1645635,0.9930425,-0.2305026,-0.2847558,-0.4935821,0.7887709,75.85841,-0.3749916,-0.463253,-0.8029807,0.04841004,1.012245,0.2323765,1.039703,0.05013683,1.029742,0.2481621,1.060409,0.06367647,1.002335,0.2331096,1.031053,-0.01806484,-0.08175991,0.1056857,0.1348351,-0.01810557,-0.07394108,0.129464,0.1501867,-0.005073125,-0.07137574,0.09590039,0.1196542,-0.01729859,-0.08004036,0.1065563,0.1343873,-0.01831246,-0.07391945,0.1290571,0.1498505,-0.005259363,-0.07138743,0.09437209,0.118448,-0.01299716,-0.07356166,0.1128224,0.1353112,-0.3957662,0.8129115,0.07233074,0.4210847,130.1938,-0.4363362,0.896243,0.07974536,1.911496,-0.008607282,-0.05642375,0.1073415,0.1215727,0.4583121,0.7895969,0.3955252,0.1002341,168.4947,0.4606319,0.7935935,0.3975272,0.5992624,True,False,True,-0.103825,0.5948713,0.1248283,0.6166309,-0.09721898,-0.233667,-0.3308247,-0.9091222,310.7687,-0.2334024,-0.5609855,-0.794241,0.0140397,0.5818069,0.1804673,0.609315,0.01142214,0.5487386,0.2137283,0.5890028,-0.03448859,0.560266,0.1681708,0.5859768,0.05369049,-0.06045035,0.1127777,0.138765,0.01646023,-0.07393321,0.142919,0.1617495,0.009081931,-0.05357245,0.07677732,0.0940598,0.05367218,-0.06046171,0.112785,0.1387688,0.01639319,-0.07392968,0.1429367,0.1617568,0.009092854,-0.0535905,0.07673623,0.0940376,0.02207627,-0.06220498,0.107989,0.126564,-0.8944882,-0.1097684,0.4171178,0.1177058,166.4806,-0.9007497,-0.1105368,0.4200377,14.17437,0,0,0,0,0,0,0,0,0,1,0,0,0.358377,False,True,False,0.06823491,1.019463,0.2408509,1.049748,0.6212072,0.439964,0.2155081,0.6116287,104.5853,0.7852004,0.5561105,0.2724003,-0.0182349,-0.01946306,0.0591491,0.06488404,0.298939,-0.01770864,0.09352028,0.9495135,36.56786,0.9528657,-0.05644617,0.2980952,0.01766425,1.104054,-0.04223067,1.105002,0.02296233,0.04804818,-0.004340187,0.9985716,6.125465,0.4297692,0.8992828,-0.08123212,False
1773055720397,11.1373,0.1462545,0.9684663,0.1643921,0.9931476,-0.2372454,-0.2815479,-0.4810408,0.7956414,74.56824,-0.3916441,-0.4647785,-0.7941008,0.04817378,1.011078,0.2335509,1.03882,0.05018257,1.028912,0.2494055,1.059897,0.06330994,1.002242,0.2357072,1.031531,-0.01832148,-0.08206001,0.1055055,0.1349109,-0.01809473,-0.07391601,0.1295295,0.1502294,-0.004790181,-0.0718624,0.0975771,0.1212784,-0.01751258,-0.08046772,0.1063364,0.134496,-0.01826726,-0.07391874,0.1291553,0.1499292,-0.005161637,-0.07148717,0.09505442,0.1190479,-0.0131041,-0.0737359,0.113304,0.1358179,-0.3901708,0.803041,0.07905238,0.443444,127.3523,-0.4353117,0.8959491,0.08819836,2.00078,-0.008708287,-0.0565882,0.1077963,0.1220578,0.4583121,0.7895969,0.3955252,0.1002341,168.4947,0.4606318,0.7935935,0.3975271,0.7161179,True,False,True,-0.1037802,0.5948851,0.1248006,0.616631,-0.09709658,-0.2336501,-0.3308166,-0.9091427,310.7743,-0.2331336,-0.5610052,-0.7943065,0.01408157,0.5818421,0.1804504,0.6093446,0.01146547,0.5487838,0.2137014,0.589036,-0.03445512,0.5602996,0.1681675,0.5860061,0.05369946,-0.06044956,0.1127736,0.1387648,0.01648085,-0.07393882,0.1429016,0.1617388,0.009079548,-0.0535584,0.07678129,0.0940548,0.05367783,-0.0604592,0.1127826,0.1387679,0.01641136,-0.07393157,0.1429294,0.161753,0.009090098,-0.05358385,0.07674557,0.09404117,0.02208309,-0.06220101,0.1079861,0.1265608,-0.8944255,-0.109825,0.4172126,0.1177925,166.4706,-0.900696,-0.1105949,0.4201376,14.17085,0,0,0,0,0,0,0,0,0,1,0,0,0.358677,False,True,False,0.06857694,1.0201,0.2419223,1.050635,0.6155017,0.4592237,0.2110078,0.6047702,105.5754,0.7728549,0.5766243,0.264952,-0.01857694,-0.0201,0.05807772,0.06420385,0.3057217,-0.02879438,0.07616794,0.9486325,36.88831,0.9663113,-0.09101197,0.2407482,0.01783647,1.104099,-0.04238882,1.105057,0.02260419,0.0484197,-0.004814019,0.9985597,6.150979,0.4213148,0.9024848,-0.08972751,False
1773055720410,11.15102,0.1458486,0.9688497,0.1640915,0.9934121,-0.2443054,-0.2774512,-0.4678872,0.802756,73.21181,-0.409697,-0.465282,-0.7846407,0.0481529,1.010012,0.2347966,1.038062,0.05050163,1.028225,0.2507308,1.059558,0.06331145,1.002244,0.2382147,1.032108,-0.01860308,-0.08239906,0.1052951,0.1349916,-0.01808733,-0.07388771,0.129599,0.1502745,-0.00454123,-0.07228306,0.09908012,0.1227287,-0.01773849,-0.08087326,0.1061201,0.134598,-0.01823019,-0.07391234,0.1292467,0.1500002,-0.005033569,-0.07165267,0.0958996,0.1198172,-0.01322543,-0.07394454,0.1138379,0.1363883,-0.3815271,0.7919873,0.08480468,0.4690432,124.0556,-0.4319948,0.8967499,0.09602248,2.07919,-0.008822842,-0.05678514,0.1083003,0.1226024,0.4583121,0.7895969,0.3955252,0.1002341,168.4947,0.4606319,0.7935935,0.3975272,0.8793496,True,False,True,-0.1037342,0.5949005,0.1247712,0.6166322,-0.09697352,-0.2336216,-0.3308236,-0.9091605,310.7792,-0.2328599,-0.5609893,-0.7943978,0.01412409,0.5818812,0.1804337,0.609378,0.01150897,0.5488323,0.2136727,0.5890716,-0.0344216,0.5603372,0.1681632,0.5860388,0.05370891,-0.06044925,0.1127691,0.1387647,0.01650202,-0.07394516,0.1428821,0.1617266,0.0090772,-0.05354303,0.07678444,0.0940484,0.05368422,-0.06045715,0.1127798,0.1387673,0.01643001,-0.07393437,0.1429197,0.1617476,0.009087446,-0.05357546,0.07675356,0.09404265,0.02209031,-0.0621965,0.107981,0.1265555,-0.8943629,-0.1098854,0.4173006,0.1179001,166.4581,-0.9006444,-0.1106572,0.4202315,14.16736,0,0,0,0,0,0,0,0,0,1,0,0,0.3590283,False,True,False,0.06838986,1.019835,0.2431099,1.050639,0.6093409,0.4733849,0.2081881,0.6010558,106.1089,0.7624318,0.5923182,0.2604933,-0.01838986,-0.01983464,0.05689013,0.06299275,0.312232,-0.03526248,0.06297164,0.9472604,37.38206,0.97431,-0.1100354,0.196501,0.01801843,1.104164,-0.04254575,1.10513,0.02248597,0.04855784,-0.005303208,0.9985532,6.164967,0.4181599,0.9030051,-0.09862103,False
1773055720425,11.16532,0.1457467,0.9688586,0.1641323,0.9934126,-0.2439334,-0.2758614,-0.4646224,0.8053093,72.71973,-0.4114555,-0.4653101,-0.7837033,0.04799221,1.009267,0.2352808,1.037439,0.05044271,1.027481,0.251386,1.058988,0.06275357,1.00183,0.2396511,1.032005,-0.01878459,-0.08249202,0.1052588,0.1350452,-0.01809912,-0.07386138,0.1296547,0.1503111,-0.00433688,-0.0728569,0.1001148,0.1238948,-0.01796187,-0.08122411,0.1059354,0.1346933,-0.01820232,-0.07390149,0.1293334,0.1500662,-0.004885233,-0.07191065,0.09680792,0.1206929,-0.01334781,-0.07418012,0.1143634,0.1369666,-0.370341,0.7810057,0.08809756,0.4950924,120.6483,-0.4262475,0.8989059,0.1013967,2.13872,-0.008938355,-0.05700751,0.1087963,0.1231519,0.4583121,0.7895969,0.3955252,0.1002341,168.4947,0.4606319,0.7935935,0.3975272,0.9205133,True,False,True,-0.1037041,0.5949428,0.1247573,0.6166651,-0.09697317,-0.2336091,-0.3308375,-0.9091587,310.7787,-0.2328568,-0.5609537,-0.7944235,0.01415354,0.5819272,0.1804246,0.6094199,0.01154486,0.5488865,0.2136539,0.589116,-0.0343921,0.5603822,0.1681594,0.5860791,0.05370963,-0.06044744,0.1127712,0.1387658,0.01651685,-0.0739433,0.1428788,0.1617244,0.009074816,-0.05353836,0.07679232,0.09405195,0.05368962,-0.06045509,0.112778,0.138767,0.01644845,-0.07393627,0.142911,0.1617427,0.009084765,-0.05356758,0.0767618,0.09404463,0.02209694,-0.06219188,0.1079765,0.1265505,-0.8943056,-0.1099396,0.4173816,0.1179984,166.4468,-0.9005973,-0.110713,0.420318,14.16363,0,0,0,0,0,0,0,0,0,1,0,0,0.3587136,False,True,False,0.06840859,1.019735,0.244373,1.050836,0.6031284,0.4882341,0.2048684,0.5965674,106.7511,0.7515028,0.6083436,0.2552676,-0.01840859,-0.01973462,0.05562703,0.06182797,0.3186772,-0.0426468,0.04913241,0.9456279,37.96149,0.9797906,-0.1311199,0.1510603,0.01821996,1.104203,-0.04274183,1.10518,0.02224454,0.0488949,-0.005543587,0.9985408,6.191204,0.4119205,0.9054275,-0.1026552,False
1773055720439,11.17879,0.145637,0.9689389,0.1641223,0.9934731,-0.2446785,-0.2737352,-0.4600462,0.80843,72.11436,-0.4157011,-0.4650675,-0.781604,0.0479605,1.008549,0.2359209,1.036885,0.05053185,1.026798,0.2521555,1.058513,0.0624715,1.001533,0.2411914,1.032058,-0.01897243,-0.08258606,0.105225,0.1351026,-0.01811649,-0.07383271,0.1297115,0.1503481,-0.004149933,-0.07329145,0.1011481,0.1249792,-0.01816745,-0.08150574,0.10579,0.1347768,-0.0181849,-0.07388753,0.12941,0.1501233,-0.004736011,-0.0721923,0.09769545,0.1215671,-0.01346267,-0.07440621,0.1148276,0.1374878,-0.3586247,0.7702533,0.08949963,0.5197,117.3757,-0.4197637,0.9015676,0.1047577,2.181673,-0.009046759,-0.05722096,0.1092345,0.1236457,0.4583121,0.7895969,0.3955252,0.1002341,168.4947,0.4606318,0.7935934,0.3975271,0.9566305,True,False,True,-0.1036741,0.5949881,0.124743,0.6167009,-0.09698791,-0.2335891,-0.3308647,-0.9091524,310.777,-0.2328846,-0.5608873,-0.7944626,0.0141828,0.5819756,0.1804157,0.6094642,0.01158088,0.5489426,0.2136342,0.5891619,-0.03436192,0.5604296,0.1681539,0.586121,0.05370946,-0.06044583,0.1127739,0.1387672,0.01653123,-0.07394078,0.1428762,0.1617224,0.009072397,-0.05353414,0.07680029,0.09405582,0.05369364,-0.06045322,0.1127772,0.138767,0.01646523,-0.07393719,0.142904,0.1617386,0.009082261,-0.0535608,0.0767696,0.0940469,0.02210249,-0.06218751,0.1079728,0.1265462,-0.8942576,-0.1099832,0.4174495,0.1180806,166.4373,-0.9005579,-0.110758,0.4203906,14.15995,0,0,0,0,0,0,0,0,0,1,0,0,0.3584945,False,True,False,0.06801747,1.019368,0.2452087,1.050649,0.6023867,0.4917587,0.2057706,0.5941061,107.1021,0.748877,0.6113461,0.2558106,-0.01801747,-0.01936758,0.05479127,0.06084255,0.3182337,-0.0440251,0.0449299,0.9459231,37.85736,0.981019,-0.1357162,0.1385054,0.01847955,1.104194,-0.04300315,1.105186,0.02181406,0.04941663,-0.006022906,0.9985219,6.231294,0.401353,0.9092076,-0.1108144,False
1773055720452,11.19277,0.1456056,0.9688862,0.164367,0.9934576,-0.2430654,-0.2734309,-0.4590006,0.809613,71.88372,-0.4141062,-0.4658394,-0.7819911,0.04793171,1.007802,0.2364401,1.036275,0.05030556,1.026218,0.2526134,1.058049,0.06215274,1.001021,0.2417943,1.031683,-0.01871983,-0.08255797,0.1052095,0.1350381,-0.01813839,-0.07381393,0.1297793,0.1504,-0.00409423,-0.07347522,0.1014242,0.1253086,-0.01828308,-0.08172966,0.1056677,0.134832,-0.01817518,-0.07387214,0.1294871,0.150181,-0.00460198,-0.07246131,0.09847722,0.1223503,-0.01356216,-0.07460315,0.1152352,0.1379446,-0.3492769,0.7599362,0.08983205,0.5407706,114.5278,-0.4152274,0.9034275,0.1067942,2.207479,-0.00914065,-0.05740689,0.1096192,0.1240785,0.4583121,0.7895969,0.3955252,0.1002341,168.4947,0.4606319,0.7935935,0.3975271,0.8360144,True,False,True,-0.1036873,0.5949702,0.1247024,0.6166776,-0.0969936,-0.2335737,-0.3308747,-0.9091522,310.7769,-0.2328978,-0.5608494,-0.7944853,0.0141672,0.581959,0.1803823,0.6094381,0.01157012,0.548932,0.2136024,0.5891402,-0.03437291,0.5604087,0.1681196,0.5860918,0.05370782,-0.06044265,0.1127773,0.138768,0.01653707,-0.07393429,0.1428846,0.1617274,0.009070478,-0.05353624,0.07680682,0.09406216,0.0536966,-0.06045101,0.1127772,0.1387672,0.01648022,-0.07393658,0.1429,0.1617362,0.009079803,-0.05355568,0.07677736,0.09405008,0.02210701,-0.06218347,0.107971,0.1265434,-0.8942173,-0.1100144,0.4175118,0.1181368,166.4308,-0.9005233,-0.1107902,0.4204561,14.15665,0,0,0,0,0,0,0,0,0,1,0,0,0.3578358,False,True,False,0.06779307,1.019034,0.2460922,1.050518,0.6009699,0.4968279,0.2059008,0.5912716,107.5054,0.7451834,0.6160507,0.2553104,-0.01779307,-0.01903379,0.05390778,0.05987426,0.3187107,-0.04643288,0.03947739,0.9458906,37.86884,0.9822026,-0.1430968,0.1216614,0.01870853,1.104204,-0.04323437,1.105208,0.02175657,0.04989613,-0.006016258,0.9984993,6.278617,0.3972806,0.9111162,-0.1098584,False
1773055720467,11.20689,0.1455732,0.968883,0.1645876,0.9934863,-0.2419315,-0.2727586,-0.4571166,0.8112438,71.56474,-0.4137647,-0.4664868,-0.781786,0.04793938,1.007049,0.2370255,1.035677,0.05015115,1.025624,0.2531665,1.057598,0.06190738,1.000554,0.2425752,1.031399,-0.01853273,-0.08254442,0.1051844,0.1349844,-0.01816553,-0.07379483,0.1298498,0.1504547,-0.004023992,-0.0736585,0.1018082,0.1257246,-0.01833574,-0.08190431,0.1055651,0.1348648,-0.01817315,-0.07385585,0.1295633,0.1502385,-0.004480368,-0.07271399,0.09917866,0.1230602,-0.01364939,-0.07477314,0.1156004,0.1383502,-0.3414113,0.7501506,0.08942164,0.5592103,111.9976,-0.4118222,0.9048579,0.1078635,2.220997,-0.009223026,-0.05756735,0.109964,0.1244634,0.4583122,0.789597,0.3955252,0.1002341,168.4947,0.4606318,0.7935935,0.3975271,0.7559554,True,False,True,-0.1037035,0.5949504,0.1246597,0.6166526,-0.09701015,-0.2335529,-0.3308928,-0.9091491,310.7761,-0.2329339,-0.5607908,-0.7945163,0.01414809,0.5819398,0.1803474,0.609409,0.01155596,0.5489181,0.2135701,0.5891153,-0.034386,0.5603845,0.1680817,0.5860586,0.05370528,-0.06043927,0.1127812,0.1387687,0.01654133,-0.07392661,0.1428952,0.1617337,0.009068656,-0.05353969,0.07681315,0.09406912,0.05369842,-0.06044854,0.112778,0.1387676,0.01649308,-0.07393449,0.142899,0.1617357,0.009077459,-0.05355232,0.07678489,0.09405409,0.02211042,-0.06217986,0.1079711,0.1265423,-0.8941852,-0.1100324,0.4175675,0.1181659,166.4275,-0.9004941,-0.1108087,0.4205137,14.1538,0,0,0,0,0,0,0,0,0,1,0,0,0.3573306,False,True,False,0.06731262,1.01869,0.24674,1.050305,0.6009685,0.4976337,0.2076078,0.5899971,107.6864,0.7443207,0.6163369,0.2571296,-0.01731262,-0.01868951,0.05326,0.05903941,0.3174257,-0.04600903,0.0377218,0.9464149,37.68323,0.9828846,-0.1424635,0.1168027,0.01890754,1.104257,-0.043397,1.105271,0.02156637,0.05040238,-0.006280058,0.9984764,6.326453,0.3908322,0.913407,-0.1138091,False
1773055720479,11.22058,0.1455399,0.9689266,0.1647854,0.9935567,-0.241014,-0.2715951,-0.4540423,0.8136301,71.09573,-0.414553,-0.4671536,-0.7809695,0.04795434,1.006178,0.2377118,1.034988,0.05004567,1.02488,0.2538731,1.057041,0.06171797,1.000028,0.243613,1.031122,-0.01844209,-0.0825519,0.105155,0.1349537,-0.01819758,-0.07377549,0.1299228,0.1505121,-0.003932652,-0.07385213,0.1023432,0.1262685,-0.01835762,-0.08203967,0.1054802,0.1348836,-0.01817817,-0.07383933,0.1296371,0.1502946,-0.004367977,-0.07294806,0.09982909,0.1237188,-0.01372851,-0.07492121,0.1159295,0.138713,-0.3342047,0.7407494,0.0885049,0.57599,109.662,-0.4088347,0.9061633,0.1082686,2.227225,-0.009297712,-0.0577071,0.1102746,0.1248081,0.4583121,0.7895969,0.3955252,0.1002341,168.4947,0.4606318,0.7935935,0.3975271,0.7271083,True,False,True,-0.1037226,0.5949289,0.1246148,0.616626,-0.09703712,-0.2335271,-0.3309189,-0.9091433,310.7744,-0.2329916,-0.5607118,-0.7945548,0.01412583,0.5819181,0.1803112,0.609377,0.01153868,0.548901,0.2135377,0.5890872,-0.03440101,0.5603571,0.1680404,0.5860214,0.05370186,-0.06043575,0.1127858,0.1387696,0.01654394,-0.07391789,0.1429081,0.1617414,0.009066919,-0.05354452,0.07681923,0.09407667,0.05369912,-0.06044592,0.1127796,0.138768,0.01650352,-0.07393108,0.1429008,0.1617369,0.009075296,-0.05355072,0.07679194,0.09405872,0.02211266,-0.06217677,0.1079729,0.1265428,-0.8941621,-0.1100375,0.4176148,0.1181688,166.4272,-0.9004712,-0.1108139,0.4205615,14.15145,0,0,0,0,0,0,0,0,0,1,0,0,0.3570305,False,True,False,0.06694137,1.018321,0.2474371,1.050088,0.6006079,0.4994037,0.2090288,0.5883648,107.9179,0.7427791,0.6176186,0.2585084,-0.01694136,-0.01832128,0.05256292,0.05818539,0.3165224,-0.04616038,0.03508549,0.9468115,37.54231,0.9836328,-0.1434491,0.1090325,0.01908428,1.104331,-0.04353395,1.105354,0.020955,0.05081302,-0.006516247,0.9984671,6.345609,0.3786057,0.9180672,-0.1177327,False
1773055720494,11.23446,0.1458413,0.9690382,0.16565,0.9938535,-0.2389306,-0.2727972,-0.4538527,0.8139482,71.03302,-0.4112844,-0.469581,-0.7812419,0.04795766,1.005823,0.2383482,1.03479,0.04988255,1.024654,0.2545832,1.056984,0.06158038,0.9997793,0.2443475,1.031046,-0.01835004,-0.08254775,0.1051237,0.1349142,-0.01822444,-0.0737536,0.1300339,0.1506006,-0.003915336,-0.07393653,0.1024529,0.1264062,-0.01835604,-0.08214688,0.1054056,0.1348903,-0.01818778,-0.07382152,0.1297194,0.150358,-0.004274098,-0.07315324,0.1003754,0.1242775,-0.01379876,-0.07504265,0.1162159,0.139025,-0.3282312,0.7323931,0.08740014,0.5901065,107.6709,-0.4065661,0.9071846,0.1082589,2.230949,-0.009364049,-0.0578217,0.110545,0.1251049,0.4583121,0.7895969,0.3955252,0.1002341,168.4947,0.4606319,0.7935935,0.3975272,0.6273743,True,False,True,-0.10379,0.5950316,0.1245795,0.6167293,-0.09708263,-0.2335174,-0.3309492,-0.9091299,310.7708,-0.2330845,-0.560649,-0.7945718,0.01405586,0.5820154,0.1802824,0.6094598,0.01147427,0.5490029,0.2135071,0.5891699,-0.03446727,0.5604582,0.1680003,0.5861105,0.05369264,-0.06043383,0.1127926,0.1387707,0.01654243,-0.07391091,0.1429182,0.161747,0.00906656,-0.0535441,0.07681862,0.0940759,0.05369778,-0.06044341,0.1127823,0.1387686,0.0165116,-0.0739269,0.1429044,0.161739,0.009073485,-0.05354934,0.07679748,0.09406228,0.02211322,-0.06217365,0.1079751,0.1265432,-0.8941537,-0.1100321,0.4176366,0.1181608,166.4281,-0.9004619,-0.1108083,0.420583,14.14931,0,0,0,0,0,0,0,0,0,1,0,0,0.356739,False,True,False,0.06665425,1.017815,0.2482361,1.049767,0.5998263,0.5024506,0.210472,0.5860488,108.2458,0.7402744,0.6200984,0.2597536,-0.01665425,-0.01781523,0.05176389,0.05722104,0.31579,-0.04688782,0.03106632,0.9471605,37.41777,0.9845059,-0.1461773,0.09685226,0.01924676,1.104434,-0.0435818,1.105461,0.02037958,0.05116669,-0.006991267,0.9984577,6.365077,0.3670861,0.9216372,-0.1259298,False
1773055720508,11.24862,0.1462349,0.9692801,0.1666867,0.9943204,-0.2367597,-0.2739783,-0.4531706,0.8145657,70.91113,-0.4081562,-0.4723182,-0.7812325,0.04801648,1.005509,0.239163,1.034675,0.04977996,1.024453,0.2555016,1.057007,0.06151035,0.9995608,0.2453015,1.031057,-0.01830238,-0.08255033,0.1050918,0.1348844,-0.01825473,-0.07373102,0.1301521,0.1506953,-0.003892371,-0.07404256,0.1025811,0.1265715,-0.01834471,-0.08223327,0.1053389,0.1348893,-0.0182019,-0.07380243,0.1298106,0.1504291,-0.004193638,-0.07334059,0.1008428,0.1247626,-0.01386356,-0.07514503,0.1164726,0.1393013,-0.3229609,0.7249732,0.08607328,0.6022471,105.938,-0.4045558,0.9081352,0.1078194,2.233801,-0.009425154,-0.05791841,0.1107873,0.1253683,0.4583121,0.7895969,0.3955252,0.1002341,168.4947,0.4606318,0.7935934,0.3975271,0.559597,True,False,True,-0.1038628,0.5951405,0.1245431,0.6168393,-0.09713893,-0.2335054,-0.3309865,-0.9091135,310.7663,-0.2331995,-0.5605718,-0.7945929,0.01398033,0.5821175,0.1802528,0.6095468,0.01140448,0.5491091,0.2134759,0.5892562,-0.03453848,0.5605649,0.1679569,0.5862043,0.05368188,-0.06043201,0.1128001,0.1387719,0.01653909,-0.07390331,0.1429298,0.1617534,0.009066509,-0.05354401,0.07681686,0.09407441,0.05369443,-0.06044101,0.1127861,0.1387693,0.01651739,-0.07392193,0.1429098,0.161742,0.009072015,-0.05354822,0.07680156,0.09406483,0.02211215,-0.06217052,0.1079778,0.1265438,-0.8941594,-0.110016,0.4176337,0.1181419,166.4303,-0.9004657,-0.1107919,0.4205792,14.14734,0,0,0,0,0,0,0,0,0,1,0,0,0.3566155,False,True,False,0.06635434,1.017707,0.2491032,1.049849,0.5995558,0.5018442,0.2128129,0.5860001,108.2527,0.7399082,0.6193229,0.2626311,-0.01635434,-0.01770663,0.05089678,0.05631582,0.3146751,-0.04486235,0.03048375,0.9476486,37.24305,0.985468,-0.1404954,0.09546599,0.01939684,1.104509,-0.04361654,1.10554,0.02006929,0.05172167,-0.007258736,0.9984335,6.414833,0.3586952,0.9244128,-0.1297342,False
1773055720521,11.2622,0.1465113,0.9693868,0.16753,0.9946067,-0.2337233,-0.2757798,-0.4534006,0.8147066,70.88327,-0.4030592,-0.4755862,-0.7818959,0.04782204,1.00512,0.2395434,1.034376,0.04939999,1.024118,0.256043,1.056795,0.06121778,0.9992004,0.2458057,1.03081,-0.01829706,-0.08253436,0.1050525,0.1348434,-0.01828235,-0.07371688,0.1302639,0.1507883,-0.003888062,-0.0740959,0.1026274,0.12664,-0.01833498,-0.0822956,0.1052801,0.1348801,-0.01821831,-0.07378498,0.1299032,0.1505024,-0.004131296,-0.07349463,0.1012093,0.1251473,-0.01392057,-0.07522377,0.1166862,0.139528,-0.3185079,0.7189603,0.08479816,0.6119297,104.5417,-0.4027096,0.9090268,0.1072157,2.237143,-0.009478969,-0.05799275,0.1109889,0.1255848,0.4583121,0.7895969,0.3955252,0.1002341,168.4947,0.4606318,0.7935935,0.3975271,0.5030434,True,False,True,-0.1038759,0.5952255,0.1245372,0.6169223,-0.09736311,-0.2335658,-0.3309354,-0.9090925,310.7605,-0.2337121,-0.5606555,-0.794383,0.01397324,0.5821607,0.1802272,0.6095803,0.01140776,0.5491484,0.2134335,0.5892774,-0.0345349,0.5606096,0.1679207,0.5862365,0.05366857,-0.0604233,0.1128127,0.1387731,0.01653791,-0.07389492,0.1429401,0.1617586,0.009064587,-0.05356054,0.07682362,0.09408914,0.05368916,-0.0604374,0.1127915,0.13877,0.01652158,-0.07391643,0.142916,0.1617454,0.009070501,-0.05355073,0.07680606,0.09406979,0.02211003,-0.0621685,0.1079815,0.1265456,-0.8941727,-0.1100195,0.4176206,0.1180845,166.4369,-0.9004728,-0.1107947,0.420563,14.14493,0,0,0,0,0,0,0,0,0,1,0,0,0.3566813,False,True,False,0.06614602,1.017622,0.2501496,1.050002,0.5990506,0.5016674,0.2153808,0.5857298,108.2909,0.7391066,0.6189554,0.2657361,-0.01614602,-0.01762176,0.0498504,0.05528366,0.3135715,-0.04282995,0.02931806,0.9481451,37.06448,0.986576,-0.1347539,0.09224209,0.01955269,1.104546,-0.04369685,1.105583,0.0199806,0.05221041,-0.007558236,0.9984076,6.467718,0.3541951,0.9255314,-0.1339845,False
1773055720535,11.27618,0.1467652,0.9695529,0.1682393,0.9949257,-0.2306029,-0.2775716,-0.4532609,0.8150649,70.81243,-0.3980239,-0.4790925,-0.7823348,0.0475429,1.004759,0.2397191,1.034053,0.04896574,1.023771,0.2564899,1.056548,0.06088214,0.9988182,0.2462045,1.030515,-0.01841519,-0.08252722,0.1049923,0.1348082,-0.01831012,-0.07370543,0.1304038,0.150907,-0.003879009,-0.07416904,0.1026842,0.1267286,-0.01835175,-0.08234463,0.1052196,0.134865,-0.01823749,-0.07376836,0.1300078,0.1505869,-0.004078597,-0.07363551,0.1015196,0.1254793,-0.01397856,-0.07529237,0.1168758,0.1397294,-0.313871,0.7138032,0.08339391,0.6204962,103.2953,-0.4002387,0.9102201,0.1063414,2.244624,-0.009533743,-0.05805746,0.1111679,0.125777,0.458312,0.7895968,0.3955251,0.1002341,168.4947,0.4606318,0.7935935,0.3975271,0.4658112,True,False,True,-0.1038894,0.5953138,0.1245324,0.6170088,-0.09761833,-0.2336341,-0.3308781,-0.9090685,310.7539,-0.2342952,-0.5607486,-0.7941454,0.0139666,0.5822015,0.1801995,0.609611,0.01141232,0.5491838,0.2133869,0.5892937,-0.03452932,0.5606521,0.1678808,0.5862653,0.05365365,-0.06041366,0.1128265,0.1387744,0.01653554,-0.07388595,0.1429514,0.1617642,0.009062618,-0.05357984,0.07683071,0.09410574,0.05368175,-0.06043245,0.1127988,0.138771,0.01652449,-0.07391006,0.1429234,0.1617493,0.009068856,-0.05355681,0.07681121,0.0940773,0.0221068,-0.06216741,0.1079864,0.1265487,-0.8941939,-0.1100412,0.4175972,0.1179872,166.4481,-0.9004836,-0.1108153,0.4205346,14.14196,0,0,0,0,0,0,0,0,0,1,0,0,0.3570586,False,True,False,0.0657009,1.017378,0.2508249,1.049899,0.5988886,0.5002916,0.2186368,0.5858657,108.2717,0.7389964,0.617333,0.269786,-0.0157009,-0.01737809,0.04917511,0.0544675,0.3118719,-0.03981414,0.02906329,0.9488447,36.81138,0.9877389,-0.1260966,0.09204723,0.01967438,1.104531,-0.04385322,1.105576,0.0202454,0.05286107,-0.007950182,0.998365,6.553717,0.3541837,0.9247797,-0.1390847,False
1773055720550,11.29022,0.1469988,0.9697604,0.1688388,0.9952639,-0.2276352,-0.2792209,-0.4527827,0.8156015,70.70624,-0.3934145,-0.4825685,-0.7825298,0.04723993,1.004429,0.2397807,1.033733,0.0485267,1.023458,0.2569054,1.056324,0.06054436,0.9984399,0.2465487,1.030211,-0.01860537,-0.08252884,0.1049179,0.1347774,-0.01833739,-0.07369412,0.1305926,0.1510679,-0.003865031,-0.07426247,0.1027526,0.1268383,-0.0184049,-0.08238369,0.105156,0.1348466,-0.0182584,-0.07375281,0.1301304,0.1506877,-0.004033857,-0.07376692,0.1017798,0.1257655,-0.01403917,-0.07535405,0.117046,0.139911,-0.3088414,0.7094893,0.08183672,0.628128,102.1757,-0.3969123,0.911811,0.1051737,2.258014,-0.009590992,-0.05811568,0.1113286,0.1259503,0.4583121,0.7895969,0.3955252,0.1002341,168.4947,0.4606318,0.7935935,0.3975271,0.4421883,True,False,True,-0.1039034,0.5954053,0.1245286,0.6170987,-0.09790343,-0.2337099,-0.330815,-0.9090413,310.7464,-0.2349461,-0.5608509,-0.7938812,0.0139605,0.5822403,0.1801698,0.609639,0.01141808,0.5492157,0.2133362,0.5893052,-0.03452179,0.5606923,0.1678372,0.5862908,0.05363727,-0.06040309,0.1128417,0.1387759,0.0165321,-0.07387635,0.1429636,0.1617703,0.009060542,-0.05360178,0.07683829,0.09412421,0.05367244,-0.0604263,0.1128078,0.138772,0.01652608,-0.07390301,0.1429318,0.1617537,0.009067116,-0.05356622,0.07681688,0.09408712,0.02210254,-0.06216726,0.1079924,0.126553,-0.8942221,-0.11008,0.4175641,0.1178534,166.4635,-0.9004977,-0.1108526,0.4204945,14.13852,0,0,0,0,0,0,0,0,0,1,0,0,0.3575875,False,True,False,0.06522664,1.017111,0.2513628,1.049739,0.5985467,0.4992248,0.2220776,0.5858311,108.2766,0.7385515,0.6159975,0.2740233,-0.01522664,-0.01711118,0.04863718,0.05376075,0.3101678,-0.03677754,0.0283719,0.9495465,36.55585,0.9889716,-0.1172654,0.09046394,0.0197788,1.10453,-0.0439929,1.105583,0.01991294,0.05338987,-0.008100883,0.9983423,6.598968,0.3459806,0.9276308,-0.1407501,False
1773055720564,11.3039,0.1471338,0.969731,0.1693392,0.9953403,-0.2243977,-0.2807247,-0.4536163,0.8155193,70.72251,-0.3877417,-0.4850704,-0.7838135,0.0468912,1.00387,0.2397999,1.033178,0.04806878,1.023021,0.2571161,1.055931,0.06016339,0.9979665,0.2466744,1.02976,-0.01858134,-0.08261637,0.1048118,0.1347451,-0.01836444,-0.07368273,0.1306923,0.1511518,-0.003867544,-0.07430345,0.1027563,0.1268654,-0.01844111,-0.08243199,0.1050849,0.1348256,-0.01828015,-0.07373844,0.1302459,0.150783,-0.003999726,-0.07387712,0.1019818,0.1259925,-0.01409571,-0.07540713,0.1171933,0.1400685,-0.30514,0.7055401,0.08076094,0.6344923,101.2353,-0.3947839,0.9128134,0.1044869,2.272029,-0.009644336,-0.0581658,0.1114676,0.1261004,0.4583122,0.789597,0.3955252,0.1002341,168.4947,0.4606318,0.7935935,0.3975271,0.4194985,True,False,True,-0.1039028,0.5955279,0.1245078,0.6172127,-0.09807386,-0.2337914,-0.3308204,-0.909,310.735,-0.2353042,-0.5609251,-0.7937224,0.01396665,0.5823361,0.1801314,0.6097193,0.01143904,0.5493145,0.2132753,0.5893756,-0.03448787,0.5607741,0.1677909,0.5863538,0.05361725,-0.06039792,0.1128543,0.1387762,0.01653027,-0.07387053,0.1429659,0.1617695,0.009056465,-0.05363575,0.07685341,0.09415551,0.05366113,-0.06042048,0.1128173,0.1387728,0.01652694,-0.07389635,0.1429388,0.1617569,0.009064933,-0.05358047,0.07682437,0.09410113,0.0220977,-0.06216933,0.1079988,0.1265586,-0.8942497,-0.1101368,0.4175368,0.1176878,166.4827,-0.9005076,-0.1109075,0.4204587,14.13377,0,0,0,0,0,0,0,0,0,1,0,0,0.3580431,False,True,False,0.06476777,1.016849,0.2518098,1.049564,0.5980601,0.4985286,0.2254369,0.5856378,108.3039,0.737824,0.6150324,0.2781205,-0.01476777,-0.01684904,0.04819021,0.05314389,0.3085861,-0.03394707,0.02731992,0.9501978,36.31708,0.990177,-0.1089278,0.08766294,0.01987799,1.104561,-0.04412389,1.10562,0.01966895,0.05363586,-0.008331487,0.9983321,6.619348,0.3406916,0.9290423,-0.1443121,False
1773055720577,11.3177,0.1472592,0.9697404,0.1697684,0.9954411,-0.2213501,-0.2820861,-0.4541896,0.8155633,70.71381,-0.3825167,-0.487475,-0.7848881,0.04655989,1.003336,0.2397837,1.032641,0.04763386,1.022612,0.2572956,1.055559,0.0598112,0.9975176,0.2467633,1.029325,-0.01856809,-0.08270663,0.1047024,0.1347136,-0.01839256,-0.07367209,0.1307935,0.1512375,-0.003870504,-0.0743456,0.1027536,0.1268879,-0.01846735,-0.08248937,0.1050054,0.1348024,-0.01830336,-0.07372473,0.1303593,0.1508771,-0.003973014,-0.07397407,0.1021426,0.1261787,-0.01415097,-0.07545529,0.1173266,0.1402115,-0.3023303,0.7018099,0.08004092,0.6400412,100.4102,-0.3934847,0.9134099,0.1041738,2.287208,-0.009696504,-0.05821125,0.1115935,0.1262366,0.4583121,0.7895969,0.3955252,0.1002341,168.4947,0.4606318,0.7935935,0.3975271,0.4033807,True,False,True,-0.1039018,0.595655,0.1244869,0.6173308,-0.09825532,-0.2338796,-0.3308288,-0.9089546,310.7226,-0.2356836,-0.5610034,-0.7935542,0.01397377,0.582435,0.1800914,0.6098021,0.01146183,0.5494164,0.2132107,0.5894477,-0.03445005,0.5608573,0.1677425,0.5864173,0.0535956,-0.06039267,0.1128676,0.1387763,0.01652778,-0.07386468,0.1429676,0.161768,0.009052104,-0.05367336,0.07686983,0.09418992,0.0536476,-0.06041474,0.1128277,0.1387736,0.01652712,-0.07388981,0.1429447,0.1617592,0.009062285,-0.05359964,0.07683375,0.09411946,0.02209215,-0.06217351,0.1080059,0.1265657,-0.8942778,-0.1102119,0.4175134,0.1174872,166.5058,-0.9005144,-0.1109805,0.4204251,14.12768,0,0,0,0,0,0,0,0,0,1,0,0,0.3590644,False,True,False,0.06427012,1.016467,0.252108,1.049235,0.5984103,0.4966504,0.2285664,0.5856629,108.3003,0.7382725,0.612729,0.2819876,-0.01427012,-0.01646686,0.04789197,0.05261592,0.3064572,-0.0310825,0.02763959,0.9509753,36.03011,0.9909153,-0.1005038,0.08937133,0.01996065,1.104609,-0.04423862,1.105674,0.01923943,0.05388717,-0.008497087,0.9983255,6.632349,0.3325981,0.9315646,-0.1468918,False
1773055720590,11.33167,0.1472421,0.9698008,0.1702229,0.9955751,-0.2175511,-0.2825026,-0.4555977,0.8156559,70.69546,-0.3760364,-0.488305,-0.7874994,0.04617097,1.002823,0.2399321,1.032159,0.04717728,1.022144,0.2576708,1.055177,0.05940865,0.9970415,0.2469819,1.028893,-0.0185597,-0.08278759,0.1046079,0.1346887,-0.01841736,-0.07366271,0.1308738,0.1513055,-0.003875007,-0.0743717,0.1027442,0.1268958,-0.01848661,-0.08255223,0.104922,0.1347785,-0.01832713,-0.0737118,0.1304668,0.1509666,-0.00395256,-0.07405715,0.1022691,0.1263292,-0.01420369,-0.07549836,0.1174445,0.1403387,-0.3002619,0.6983368,0.0796335,0.6448465,99.69167,-0.3928525,0.9136801,0.1041898,2.302927,-0.00974625,-0.05825192,0.1117047,0.1263575,0.4583121,0.7895969,0.3955252,0.1002341,168.4947,0.4606318,0.7935935,0.3975271,0.3911,True,False,True,-0.1038908,0.5956441,0.1245701,0.6173353,-0.09835727,-0.2339704,-0.3307441,-0.9089512,310.7216,-0.2359238,-0.5612112,-0.7933365,0.01398197,0.5823798,0.1801676,0.6097721,0.01148036,0.5493785,0.2132579,0.5894297,-0.03439952,0.5607907,0.1678163,0.5863718,0.05356389,-0.06039051,0.1128826,0.1387753,0.01652545,-0.07386085,0.1429615,0.1617606,0.009045806,-0.05372186,0.07689919,0.09424092,0.05363015,-0.06040969,0.1128392,0.1387739,0.01652677,-0.07388377,0.1429482,0.1617595,0.00905885,-0.05362512,0.0768474,0.09414478,0.02208555,-0.06218062,0.108014,0.126575,-0.8943027,-0.1103109,0.4175004,0.1172508,166.5331,-0.9005141,-0.1110771,0.4204002,14.1189,0,0,0,0,0,0,0,0,0,1,0,0,0.3605363,False,True,False,0.06380362,1.016108,0.2523569,1.048919,0.5986501,0.4950804,0.2315566,0.5855724,108.3131,0.7385088,0.6107429,0.2856537,-0.01380362,-0.01610827,0.0476431,0.05215248,0.3044669,-0.02843891,0.02769721,0.9516954,35.76233,0.9916074,-0.09262166,0.09020604,0.02002945,1.104683,-0.04432415,1.105753,0.01866998,0.05407016,-0.00832302,0.9983279,6.627624,0.322984,0.9353947,-0.1439853,False
1773055720605,11.34547,0.1472266,0.9698883,0.1706612,0.995733,-0.2138272,-0.2828258,-0.4568299,0.8158394,70.6591,-0.3697651,-0.4890823,-0.7899824,0.04581729,1.002291,0.240106,1.031667,0.04673758,1.021682,0.2580528,1.054803,0.05903072,0.9965733,0.247201,1.02847,-0.0185156,-0.08286782,0.1045047,0.1346519,-0.01844286,-0.07365416,0.1309523,0.1513723,-0.003880299,-0.07439622,0.1027275,0.1268968,-0.0184926,-0.08261809,0.1048353,0.1347522,-0.01835102,-0.07369989,0.1305674,0.1510506,-0.003937623,-0.07412735,0.1023646,0.1264471,-0.01425302,-0.07553595,0.1175509,0.140453,-0.2989269,0.695111,0.07953965,0.6489506,99.07494,-0.3928955,0.9136212,0.1045432,2.317991,-0.009792792,-0.05828742,0.1118052,0.1264663,0.4583121,0.7895969,0.3955252,0.1002341,168.4947,0.4606319,0.7935935,0.3975272,0.3821017,True,False,True,-0.1038788,0.5956284,0.1246597,0.6173362,-0.09845806,-0.2340671,-0.3306501,-0.9089495,310.7212,-0.2361635,-0.5614381,-0.7931042,0.01399006,0.5823158,0.180251,0.6097359,0.01149903,0.5493342,0.2133094,0.5894074,-0.0343438,0.5607139,0.1678975,0.5863183,0.05352864,-0.06038884,0.1128986,0.138774,0.01652261,-0.07385731,0.1429535,0.1617516,0.009038812,-0.05377614,0.07693222,0.09429815,0.0536092,-0.06040538,0.1128514,0.1387739,0.01652591,-0.07387831,0.1429493,0.1617579,0.009054713,-0.05365631,0.07686491,0.09417644,0.02207802,-0.06219043,0.1080231,0.1265862,-0.8943241,-0.1104317,0.4174976,0.1169832,166.5639,-0.900507,-0.1111951,0.420384,14.10769,0,0,0,0,0,0,0,0,0,1,0,0,0.3620452,False,True,False,0.06330753,1.015689,0.2527789,1.048584,0.6000205,0.4929639,0.2346427,0.5847263,108.4327,0.7396422,0.6076741,0.2892429,-0.01330753,-0.0156889,0.04722109,0.0515079,0.3012347,-0.02627615,0.02826329,0.9527689,35.35951,0.991894,-0.08652112,0.09306428,0.02005865,1.104801,-0.04434682,1.105873,0.01803619,0.05422851,-0.00838948,0.9983304,6.62266,0.3122537,0.9388378,-0.1452439,False
1773055720625,11.35948,0.1472126,0.9700002,0.1710875,0.9959131,-0.2102676,-0.2830617,-0.4578809,0.8160936,70.60873,-0.3638352,-0.4897941,-0.7922914,0.04549111,1.001778,0.240297,1.031199,0.04632302,1.021243,0.2584443,1.054455,0.05868275,0.9961278,0.2474277,1.028073,-0.01846695,-0.08294614,0.1044011,0.1346131,-0.01846851,-0.0736466,0.1310291,0.1514382,-0.003886085,-0.07441965,0.1027052,0.1268926,-0.01848724,-0.08268734,0.1047439,0.1347229,-0.01837557,-0.07368875,0.1306642,0.1511318,-0.00392684,-0.0741886,0.1024363,0.1265408,-0.0143005,-0.07556979,0.1176507,0.1405595,-0.2981496,0.6920344,0.07970604,0.6525659,98.52932,-0.3934763,0.9132971,0.1051903,2.332699,-0.009837625,-0.05831936,0.1118994,0.1265677,0.4583121,0.7895969,0.3955252,0.1002341,168.4947,0.4606318,0.7935934,0.3975271,0.3803637,True,False,True,-0.1038658,0.5956079,0.1247554,0.6173336,-0.09855774,-0.2341694,-0.3305472,-0.9089497,310.7212,-0.236403,-0.5616843,-0.7928584,0.01399834,0.5822439,0.1803409,0.6096939,0.0115179,0.5492837,0.2133649,0.5893809,-0.03428398,0.5606282,0.1679856,0.5862581,0.05349072,-0.06038751,0.1129153,0.1387724,0.01651921,-0.07385406,0.1429438,0.1617413,0.009031314,-0.05383468,0.07696812,0.0943601,0.05358443,-0.06040165,0.1128648,0.1387736,0.01652451,-0.07387324,0.1429482,0.1617544,0.009049823,-0.0536936,0.07688649,0.09421483,0.02206944,-0.06220303,0.1080332,0.1265996,-0.8943428,-0.1105757,0.4175042,0.1166795,166.599,-0.9004937,-0.1113361,0.4203756,14.09393,0,0,0,0,0,0,0,0,0,1,0,0,0.3634682,False,True,False,0.06283739,1.015274,0.2531979,1.048255,0.6013229,0.4910388,0.2376802,0.5837805,108.5662,0.7406262,0.6047935,0.2927416,-0.01283739,-0.01527417,0.0468021,0.05087765,0.2980528,-0.02423449,0.02864117,0.9538118,34.96383,0.9921708,-0.08067279,0.09534196,0.02007096,1.104911,-0.04435907,1.105983,0.01757323,0.05420212,-0.008501352,0.9983392,6.605136,0.3050437,0.9408634,-0.1475701,False
1773055720635,11.3747,0.1471898,0.9702526,0.171391,0.9962078,-0.2043022,-0.2821118,-0.4605711,0.8164239,70.54321,-0.3537987,-0.4885449,-0.7975905,0.04517563,1.001235,0.2404791,1.0307,0.04591313,1.020608,0.2589206,1.053939,0.05829772,0.9955442,0.2476284,1.027534,-0.01843082,-0.08296917,0.1043511,0.1345836,-0.01849796,-0.07362919,0.1311133,0.1515062,-0.003887257,-0.07443871,0.102722,0.1269174,-0.01847465,-0.08275075,0.1046558,0.1346917,-0.01840286,-0.07367548,0.1307647,0.1512156,-0.003918007,-0.07424451,0.1025005,0.1266252,-0.01434779,-0.07559787,0.1177542,0.1406661,-0.297546,0.6891078,0.07990938,0.6559049,98.02339,-0.3941824,0.9129149,0.1058622,2.346519,-0.009882267,-0.05834588,0.111997,0.1266698,0.4583121,0.789597,0.3955252,0.1002341,168.4947,0.4606318,0.7935935,0.3975271,0.3767322,True,False,True,-0.1038715,0.5955822,0.1248074,0.6173203,-0.09847781,-0.234233,-0.3305035,-0.908958,310.7235,-0.2362214,-0.561861,-0.7927877,0.01398887,0.5822148,0.1803995,0.6096833,0.01150945,0.5492708,0.2134052,0.5893833,-0.03425016,0.5605667,0.168055,0.5862171,0.05347361,-0.06038804,0.1129228,0.1387721,0.01651808,-0.0738561,0.1429276,0.1617278,0.009023437,-0.053886,0.07700248,0.09441666,0.05355972,-0.06039861,0.1128777,0.1387732,0.01652308,-0.07386942,0.1429436,0.1617485,0.009043941,-0.0537365,0.07691236,0.09425983,0.02206179,-0.06221854,0.1080442,0.1266152,-0.8943437,-0.1107456,0.4175492,0.1163501,166.637,-0.9004594,-0.1115029,0.4204045,14.07873,0,0,0,0,0,0,0,0,0,1,0,0,0.3641291,False,True,False,0.0623976,1.014882,0.2536188,1.047951,0.6025328,0.4893262,0.2405942,0.5827765,108.7079,0.741458,0.6021495,0.2960677,-0.0123976,-0.01488233,0.04638124,0.05026334,0.2949994,-0.02234994,0.02885104,0.9548002,34.5848,0.9924344,-0.07518949,0.09706042,0.02002437,1.105048,-0.04422056,1.106114,0.01744576,0.05381122,-0.008390561,0.9983635,6.556704,0.3050662,0.940973,-0.146722,False
1773055720647,11.3871,0.1471674,0.9705317,0.1716937,0.9965283,-0.1983209,-0.2810783,-0.4631337,0.8168054,70.46748,-0.343762,-0.4872106,-0.8027785,0.04487612,1.000685,0.2406793,1.0302,0.045508,1.01997,0.2594064,1.053424,0.05792332,0.9949649,0.2478356,1.027002,-0.01837962,-0.0829884,0.1043007,0.1345493,-0.01852814,-0.07361128,0.131197,0.1515736,-0.00388835,-0.07445631,0.102739,0.1269416,-0.01845664,-0.0827962,0.1045881,0.1346645,-0.0184266,-0.07366331,0.1308469,0.1512836,-0.003912382,-0.07428475,0.102546,0.1266855,-0.01438506,-0.07561549,0.1178404,0.1407515,-0.297222,0.686883,0.08011234,0.6583561,97.65074,-0.3948711,0.9125509,0.1064324,2.356475,-0.009917441,-0.05836249,0.1120785,0.1267522,0.458312,0.7895969,0.3955252,0.1002341,168.4947,0.4606318,0.7935935,0.3975272,0.3759954,True,False,True,-0.1038774,0.5955523,0.124862,0.6173035,-0.09837668,-0.2342969,-0.3304592,-0.9089686,310.7264,-0.2359919,-0.5620456,-0.7927254,0.01397874,0.5821843,0.1804624,0.6096725,0.01149923,0.5492574,0.2134497,0.5893867,-0.03421485,0.5605009,0.1681305,0.5861738,0.05345687,-0.06038908,0.1129298,0.1387718,0.01651685,-0.07385893,0.1429093,0.1617128,0.00901508,-0.05393993,0.07703897,0.0944764,0.05354023,-0.06039681,0.1128876,0.138773,0.0165219,-0.07386743,0.1429371,0.1617417,0.009038473,-0.05377507,0.07693636,0.09430088,0.02205651,-0.0622332,0.1080536,0.1266295,-0.8943295,-0.1109013,0.4176167,0.1160683,166.6695,-0.9004152,-0.1116559,0.4204585,14.06551,0,0,0,0,0,0,0,0,0,1,0,0,0.3652608,False,True,False,0.06195486,1.014289,0.2541014,1.047468,0.605782,0.4860898,0.2447301,0.5803896,109.0441,0.7438942,0.5969134,0.3005261,-0.01195486,-0.01428914,0.04589859,0.04953563,0.2890535,-0.02037165,0.02995994,0.9566272,33.87342,0.9922359,-0.06992991,0.1028437,0.01998503,1.105162,-0.04410801,1.106222,0.01704798,0.05377793,-0.008728498,0.9983692,6.545228,0.2986335,0.9420407,-0.1528991,False
1773055720660,11.40091,0.1472776,0.9706115,0.1727265,0.9968008,-0.1886151,-0.278735,-0.4694043,0.8163276,70.56232,-0.3265558,-0.4825835,-0.8126957,0.04465499,0.9998543,0.2415415,1.029585,0.04520819,1.018885,0.260731,1.052688,0.05756784,0.9939806,0.2486857,1.026234,-0.01831335,-0.08299633,0.1042538,0.1345088,-0.01855679,-0.07358425,0.1312982,0.1516516,-0.003889167,-0.07446223,0.1027603,0.1269623,-0.01842701,-0.08283791,0.1045186,0.1346321,-0.01845351,-0.07364698,0.1309405,0.1513599,-0.003907581,-0.07432152,0.1025906,0.126743,-0.0144244,-0.07562757,0.1179406,0.1408459,-0.2970465,0.6845876,0.0804029,0.6607863,97.28026,-0.395759,0.9120853,0.1071219,2.366033,-0.009954575,-0.05837389,0.112173,0.126844,0.4583121,0.7895968,0.3955252,0.1002341,168.4947,0.4606319,0.7935935,0.3975272,0.3766178,True,False,True,-0.103889,0.5954348,0.1248973,0.6171992,-0.09835924,-0.2343566,-0.3304,-0.9089766,310.7286,-0.2359599,-0.5622122,-0.7926165,0.01397295,0.582074,0.1804888,0.609575,0.01148886,0.54914,0.2134697,0.5892844,-0.03419814,0.5603523,0.1681761,0.5860438,0.05346559,-0.06037882,0.1129322,0.1387727,0.01651854,-0.07385793,0.1429001,0.1617044,0.009009104,-0.05397417,0.07706689,0.09451815,0.0535248,-0.06039309,0.1128968,0.1387729,0.0165212,-0.07386547,0.1429295,0.161734,0.009032404,-0.05381624,0.07696335,0.0943458,0.02205378,-0.0622486,0.1080644,0.1266459,-0.8942916,-0.111085,0.4177336,0.1157638,166.7046,-0.9003448,-0.1118369,0.4205612,14.05293,0,0,0,0,0,0,0,0,0,1,0,0,0.3649572,False,True,False,0.06153412,1.013686,0.254584,1.046976,0.6089886,0.4829545,0.2488733,0.5778841,109.3963,0.7462009,0.5917698,0.3049474,-0.01153412,-0.01368558,0.045416,0.04881541,0.2830755,-0.01845694,0.03092749,0.9584212,33.1604,0.992004,-0.0646801,0.1083817,0.01994487,1.105268,-0.04401712,1.106324,0.01678276,0.05346152,-0.00894594,0.9983888,6.505745,0.2957699,0.942176,-0.1576582,False
1773055720674,11.415,0.1474063,0.9707226,0.1738918,0.9971305,-0.1795324,-0.2764515,-0.4750859,0.8158652,70.654,-0.3104796,-0.4780896,-0.8216038,0.04448409,0.9990842,0.242552,1.029067,0.0449504,1.017886,0.2621704,1.052068,0.05726741,0.9930826,0.2496759,1.025588,-0.01823809,-0.0830013,0.1042067,0.1344652,-0.01858581,-0.07355577,0.1314014,0.1517307,-0.00388977,-0.07446555,0.1027822,0.126982,-0.01838732,-0.08287248,0.1044528,0.1345969,-0.01848129,-0.07362784,0.1310377,0.1514381,-0.003903839,-0.07435183,0.1026311,0.1267935,-0.01446254,-0.07563314,0.118047,0.1409419,-0.2970373,0.6823902,0.08076643,0.6630152,96.93951,-0.3967873,0.9115481,0.1078891,2.374304,-0.009990585,-0.05837915,0.1122734,0.126938,0.458312,0.7895968,0.3955251,0.1002341,168.4947,0.4606318,0.7935935,0.3975271,0.3771381,True,False,True,-0.1039011,0.5953084,0.1249336,0.6170866,-0.09833466,-0.234416,-0.3303384,-0.9089862,310.7313,-0.2359129,-0.5623832,-0.7925091,0.01396764,0.5819584,0.1805155,0.6094723,0.0114774,0.5490148,0.2134915,0.5891754,-0.0341823,0.5601956,0.1682244,0.585907,0.05347788,-0.06036756,0.1129337,0.1387737,0.01652049,-0.07385708,0.1428905,0.1616956,0.009003047,-0.05400788,0.0770954,0.09456006,0.05351495,-0.06038773,0.1129045,0.1387731,0.01652105,-0.07386371,0.1429213,0.161726,0.009026241,-0.0538565,0.07699109,0.0943908,0.02205397,-0.0622634,0.1080759,0.126663,-0.8942323,-0.1112815,0.4178918,0.1154625,166.7394,-0.9002533,-0.1120308,0.4207055,14.04211,0,0,0,0,0,0,0,0,0,1,0,0,0.3646749,False,True,False,0.06119785,1.012594,0.2558959,1.046219,0.6156206,0.4760993,0.2546455,0.5740179,109.9382,0.7518178,0.5814295,0.3109822,-0.01119785,-0.01259375,0.0441041,0.04721404,0.2726399,-0.01586346,0.03480066,0.9613558,31.9609,0.9903038,-0.05762048,0.1264056,0.01992479,1.10534,-0.04395044,1.106393,0.01646667,0.0531504,-0.008879397,0.9984114,6.460085,0.2922462,0.9432994,-0.1575892,False
1773055720687,11.42868,0.1476761,0.9709219,0.1752122,0.9975955,-0.1681876,-0.2762655,-0.4848044,0.8126223,71.29413,-0.2885901,-0.4740389,-0.8318671,0.04406402,0.9989769,0.2429011,1.029027,0.04441213,1.017456,0.2629831,1.051831,0.05663249,0.992722,0.2500813,1.025302,-0.01817712,-0.08300865,0.1041725,0.1344349,-0.01862167,-0.07353417,0.1314846,0.1517967,-0.003892912,-0.07445879,0.1027944,0.126988,-0.0183442,-0.0829006,0.104395,0.1345635,-0.01851007,-0.07360864,0.1311297,0.1515119,-0.003901598,-0.0743738,0.1026648,0.1268335,-0.0144981,-0.0756337,0.1181487,0.1410311,-0.2972118,0.6804219,0.08118457,0.6649063,96.64973,-0.3979128,0.9109619,0.1086915,2.381236,-0.01002413,-0.05837969,0.1123695,0.1270259,0.4583121,0.7895969,0.3955252,0.1002341,168.4947,0.4606319,0.7935935,0.3975272,0.376755,True,False,True,-0.1038981,0.5952177,0.1249225,0.6169964,-0.09834263,-0.2344095,-0.3303277,-0.908991,310.7326,-0.2359379,-0.5623814,-0.7925029,0.0139703,0.581852,0.1805019,0.6093667,0.01147726,0.548925,0.2134881,0.5890905,-0.03416569,0.5600878,0.1682243,0.5858029,0.05347131,-0.06037841,0.1129313,0.138774,0.01652035,-0.07384944,0.1428966,0.1616975,0.008999432,-0.05402456,0.07711361,0.0945841,0.053506,-0.06038582,0.11291,0.1387732,0.01652091,-0.07386079,0.1429162,0.1617201,0.009020747,-0.05389098,0.07701622,0.09443045,0.02205379,-0.0622764,0.1080873,0.126679,-0.8941799,-0.1113994,0.4180419,0.1152105,166.7685,-0.900174,-0.1121462,0.4208443,14.03265,0,0,0,0,0,0,0,0,0,1,0,0,0.3636233,False,True,False,0.0609079,1.011595,0.2573228,1.045586,0.6217084,0.4697667,0.2600183,0.5702531,110.4642,0.7568251,0.5718617,0.3165284,-0.0109079,-0.01159489,0.04267716,0.04554958,0.2628575,-0.01349998,0.0382694,0.963981,30.84934,0.9882931,-0.05075731,0.1438855,0.01992337,1.10541,-0.04384554,1.106458,0.01645595,0.05262448,-0.008743949,0.9984405,6.400534,0.2947718,0.9426509,-0.1566285,False
1773055720702,11.44253,0.1479355,0.9711289,0.176455,0.9980544,-0.158079,-0.2759278,-0.4931845,0.8097184,71.86314,-0.2693831,-0.4702098,-0.8404378,0.04374406,0.9988816,0.2433129,1.029019,0.04396409,1.017087,0.2637928,1.051659,0.056114,0.992424,0.25052,1.025092,-0.01809933,-0.08300996,0.1041403,0.1344003,-0.01865889,-0.07351229,0.1315665,0.1518616,-0.003896247,-0.0744485,0.1028056,0.1269912,-0.01829343,-0.0829234,0.104342,0.1345295,-0.01854091,-0.07358868,0.1312205,0.1515846,-0.003900489,-0.07438931,0.1026941,0.1268663,-0.01453263,-0.07562954,0.1182518,0.1411188,-0.297579,0.6785645,0.08167749,0.6665776,96.39304,-0.3992015,0.9102927,0.1095702,2.386838,-0.01005673,-0.05837576,0.1124668,0.1271127,0.4583121,0.7895969,0.3955252,0.1002341,168.4947,0.4606318,0.7935934,0.3975271,0.3763508,True,False,True,-0.1038946,0.5951221,0.1249092,0.6169009,-0.09834917,-0.234394,-0.3303218,-0.9089963,310.734,-0.2359603,-0.5623605,-0.7925112,0.01397327,0.5817397,0.1804863,0.609255,0.01147681,0.5488311,0.2134863,0.5890023,-0.03415077,0.5599775,0.168223,0.5856962,0.05346493,-0.06039153,0.1129275,0.1387742,0.01652001,-0.07384104,0.1429047,0.1617008,0.008996109,-0.05403849,0.07713085,0.0946058,0.05349749,-0.060387,0.1129137,0.1387734,0.01652072,-0.0738567,0.1429138,0.1617161,0.009015644,-0.05392156,0.07703998,0.09446679,0.02205324,-0.06228831,0.108099,0.1266948,-0.8941318,-0.1114502,0.418191,0.1149934,166.7935,-0.900103,-0.1121945,0.4209838,14.02406,0,0,0,0,0,0,0,0,0,1,0,0,0.3626599,False,True,False,0.06034116,1.01107,0.258256,1.045275,0.6291065,0.4582835,0.266634,0.5684255,110.719,0.7646528,0.5570245,0.3240826,-0.01034116,-0.01107037,0.04174402,0.04440784,0.2514029,-0.008014682,0.04631888,0.9667404,29.63722,0.9829652,-0.03133676,0.1811031,0.01995075,1.105439,-0.04376613,1.106485,0.01619428,0.05225479,-0.009050244,0.9984615,6.357322,0.2920547,0.9423855,-0.163216,False
1773055720716,11.45671,0.1481763,0.971334,0.1775866,0.9984904,-0.1492044,-0.2755022,-0.5003317,0.8071585,72.36154,-0.2527453,-0.466688,-0.8475388,0.04350595,0.9987925,0.243744,1.029024,0.04359199,1.016779,0.2645593,1.051538,0.05569382,0.9921816,0.2509538,1.024941,-0.01800494,-0.08300522,0.1041098,0.1343611,-0.01869747,-0.07349013,0.131647,0.1519254,-0.003899917,-0.07443462,0.102816,0.1269915,-0.01823251,-0.08294077,0.1042928,0.1344938,-0.01857395,-0.0735679,0.1313109,0.1516567,-0.003900368,-0.07439888,0.10272,0.1268929,-0.0145664,-0.07562063,0.1183583,0.1412068,-0.2981504,0.6767803,0.08225539,0.6680635,96.16444,-0.4006837,0.9095235,0.1105428,2.39087,-0.01008864,-0.05836734,0.1125674,0.1272004,0.4583121,0.7895969,0.3955252,0.1002341,168.4947,0.4606319,0.7935935,0.3975272,0.3758861,True,False,True,-0.1038905,0.5950218,0.1248937,0.6168004,-0.0983544,-0.23437,-0.3303205,-0.9090025,310.7357,-0.2359804,-0.5623206,-0.7925335,0.01397668,0.5816217,0.1804688,0.6091372,0.01147604,0.5487334,0.2134858,0.588911,-0.03413759,0.5598651,0.1682205,0.5855872,0.05345871,-0.06040699,0.1129227,0.1387745,0.01651964,-0.07383189,0.1429146,0.1617054,0.008993071,-0.05404967,0.07714703,0.09462509,0.05348931,-0.06039122,0.1129156,0.1387737,0.01652049,-0.07385147,0.142914,0.1617139,0.009010883,-0.05394861,0.07706258,0.09450021,0.0220523,-0.06229925,0.1081112,0.1267105,-0.8940879,-0.1114363,0.4183393,0.1148088,166.8148,-0.9000393,-0.1121781,0.421124,14.01623,0,0,0,0,0,0,0,0,0,1,0,0,0.361755,False,True,False,0.059867,1.010624,0.2591697,1.045043,0.6355393,0.4481855,0.2724724,0.5665495,110.9801,0.7712596,0.5438961,0.3306593,-0.009867001,-0.01062417,0.04083034,0.04332837,0.2411541,-0.003254205,0.0532515,0.9690193,28.59835,0.9763915,-0.01317572,0.2156062,0.01999606,1.105474,-0.04365393,1.106516,0.01600184,0.05207477,-0.00932263,0.9984715,6.336594,0.2895258,0.9422033,-0.1686769,False
1773055720731,11.47057,0.1495157,0.9710564,0.1814051,0.9991062,-0.1322868,-0.2786964,-0.5214514,0.7955608,74.58348,-0.2183406,-0.4599909,-0.8606603,0.04359259,1.000139,0.244801,1.030585,0.04355382,1.017485,0.2661982,1.052632,0.05533333,0.9928882,0.252168,1.025903,-0.01800044,-0.08301369,0.1040925,0.1343523,-0.01872557,-0.07349401,0.1316666,0.1519477,-0.003914727,-0.07438671,0.1027625,0.1269206,-0.01818435,-0.08295597,0.104251,0.1344643,-0.01860539,-0.07355259,0.1313849,0.1517173,-0.003903345,-0.07439636,0.1027288,0.1268986,-0.01459593,-0.07561099,0.1184407,0.1412737,-0.2988761,0.675423,0.08294923,0.6690263,96.01608,-0.4021266,0.9087565,0.1116051,2.39515,-0.01011655,-0.05835824,0.1126452,0.1272673,0.4583121,0.7895969,0.3955252,0.1002341,168.4947,0.4606319,0.7935935,0.3975271,0.3723371,True,False,True,-0.1039484,0.5949379,0.1248926,0.6167289,-0.09847049,-0.2343471,-0.3304022,-0.9089662,310.7257,-0.236214,-0.5621589,-0.7925787,0.01392899,0.581527,0.1804459,0.6090389,0.0114261,0.5486473,0.2134923,0.5888322,-0.03418709,0.5597745,0.1682074,0.5854998,0.05346256,-0.06042317,0.1129136,0.1387757,0.01651605,-0.07381591,0.1429365,0.1617171,0.008993189,-0.05405357,0.07714865,0.09462864,0.05348377,-0.06039784,0.1129152,0.1387741,0.01651957,-0.0738441,0.1429187,0.1617145,0.009007216,-0.05397039,0.07708043,0.09452685,0.02205146,-0.06230812,0.1081232,0.1267249,-0.8940548,-0.1113425,0.4184771,0.1146547,166.8326,-0.8999899,-0.1120817,0.4212552,14.01103,0,0,0,0,0,0,0,0,0,1,0,0,0.3604352,False,True,False,0.05947129,1.010253,0.2600283,1.044875,0.6410674,0.4394211,0.2775559,0.5647163,111.2348,0.7767829,0.5324476,0.3363152,-0.009471294,-0.01025343,0.03997168,0.04233879,0.2321243,0.0008295075,0.05915751,0.9708852,27.7194,0.969021,0.003462845,0.2469577,0.02005702,1.105498,-0.04347216,1.106534,0.01618135,0.05189205,-0.009515415,0.9984763,6.3267,0.2932318,0.9403663,-0.1724344,False
1773055720744,11.48442,0.150741,0.9708331,0.1848948,0.9997129,-0.1177183,-0.2808855,-0.5385486,0.7856279,76.44243,-0.1902674,-0.4539935,-0.870453,0.04389219,1.001237,0.2460569,1.031963,0.04370205,1.018026,0.2679207,1.053598,0.05530272,0.9934772,0.2534696,1.026792,-0.01798553,-0.08301622,0.1040787,0.1343412,-0.01875326,-0.07350104,0.1316774,0.1519639,-0.003942812,-0.0742892,0.1026648,0.1267852,-0.01814312,-0.08296852,0.1042152,0.1344387,-0.01863603,-0.07354191,0.1314457,0.1517685,-0.003911521,-0.07437413,0.1027155,0.1268751,-0.01462169,-0.07559744,0.1185021,0.1413206,-0.2999931,0.6744809,0.0839557,0.6693514,95.96597,-0.4037885,0.9078463,0.1130038,2.399734,-0.0101408,-0.05834548,0.112703,0.1273146,0.4583121,0.7895969,0.3955252,0.1002341,168.4947,0.4606318,0.7935935,0.3975271,0.3692918,True,False,True,-0.1040094,0.594851,0.1248906,0.616655,-0.09859855,-0.2343172,-0.3304974,-0.9089254,310.7145,-0.2364707,-0.5619673,-0.7926379,0.01387937,0.5814294,0.18042,0.608937,0.01137381,0.5485584,0.2135,0.5887511,-0.03424166,0.5596837,0.1681912,0.5854115,0.05346783,-0.06044123,0.112903,0.138777,0.01651197,-0.07379841,0.1429614,0.1617307,0.008993926,-0.05405433,0.07714762,0.09462831,0.05348046,-0.06040682,0.1129126,0.1387747,0.016518,-0.07383464,0.1429275,0.1617179,0.009004464,-0.05398779,0.07709435,0.09454788,0.02205066,-0.0623153,0.1081352,0.1267385,-0.894031,-0.1111738,0.4186081,0.1145258,166.8475,-0.8999526,-0.1119102,0.4213807,14.0081,0,0,0,0,0,0,0,0,0,1,0,0,0.3592377,False,True,False,0.05933925,1.010576,0.2620488,1.045683,0.6528604,0.4135727,0.2856738,0.5666758,110.9625,0.7923632,0.5019447,0.3467164,-0.009339247,-0.01057565,0.03795123,0.04048903,0.2153335,0.01264527,0.0803779,0.9731449,26.61689,0.9354468,0.05493331,0.3491759,0.02010482,1.105489,-0.04328165,1.106518,0.01649314,0.05186942,-0.01010796,0.9984665,6.346843,0.2979328,0.9369715,-0.1825907,False
1773055720757,11.49837,0.153461,0.9702069,0.1909637,1.000659,-0.1004682,-0.2906224,-0.5563482,0.7719595,78.93964,-0.1580504,-0.4571894,-0.8752131,0.04487357,1.002524,0.2479079,1.033695,0.04415897,1.018828,0.2701455,1.05496,0.0558994,0.9942637,0.2555013,1.028088,-0.01798693,-0.08302437,0.1040525,0.1343261,-0.018771,-0.0735239,0.1316745,0.1519746,-0.003996384,-0.07411287,0.1024532,0.1265122,-0.01811054,-0.08298021,0.1041812,0.1344151,-0.01866417,-0.07353815,0.1314936,0.1518116,-0.003929202,-0.07431965,0.1026606,0.1267993,-0.0146426,-0.07557761,0.1185355,0.1413402,-0.3018158,0.6741435,0.08559013,0.6686645,96.07185,-0.4059041,0.9066378,0.1151079,2.406015,-0.01016061,-0.05832672,0.1127347,0.1273356,0.4583121,0.7895969,0.3955252,0.1002341,168.4947,0.4606318,0.7935935,0.3975271,0.3716009,True,False,True,-0.1040432,0.5948067,0.1248812,0.6166161,-0.09872121,-0.2343576,-0.3305792,-0.9088719,310.6999,-0.2366987,-0.5619071,-0.7926125,0.0138608,0.5813966,0.1803821,0.608894,0.01136332,0.5485182,0.2134984,0.588713,-0.03424798,0.5596207,0.1681631,0.5853436,0.05347955,-0.06043842,0.1128995,0.1387774,0.01650641,-0.07377809,0.1429976,0.1617529,0.008992656,-0.05407717,0.0771574,0.0946492,0.05348027,-0.0604134,0.1129099,0.1387752,0.01651559,-0.07382286,0.1429421,0.1617252,0.009002005,-0.05400642,0.0771075,0.094569,0.02205076,-0.0623221,0.1081505,0.1267549,-0.8940046,-0.110996,0.4187576,0.1143574,166.8669,-0.8999083,-0.111729,0.4215229,14.00755,0,0,0,0,0,0,0,0,0,1,0,0,0.3592997,False,True,False,0.05940183,1.010803,0.2640691,1.046415,0.6624023,0.3919122,0.2925378,0.5674942,110.8487,0.8044941,0.4759812,0.3552901,-0.009401832,-0.0108031,0.03593093,0.03867988,0.2007693,0.02239902,0.09766727,0.9745004,25.93352,0.894751,0.09982374,0.4352651,0.02015061,1.105494,-0.04305236,1.106515,0.016857,0.05189265,-0.01057088,0.9984545,6.37184,0.3033133,0.9337209,-0.1902051,False
1773055720771,11.51206,0.1555676,0.9697531,0.1957017,1.00146,-0.08607215,-0.2975096,-0.5705904,0.760596,80.96647,-0.1325766,-0.4582531,-0.8788785,0.04581128,1.003634,0.2493649,1.035163,0.04466022,1.019515,0.2718947,1.056093,0.0566256,0.9949555,0.2569804,1.029166,-0.01798204,-0.08302859,0.1040275,0.1343087,-0.01878705,-0.07355144,0.1316626,0.1519796,-0.004061117,-0.07388639,0.1021628,0.1261465,-0.01808415,-0.08299018,0.1041495,0.1343932,-0.01868939,-0.07354088,0.1315284,0.1518462,-0.003956256,-0.07423074,0.1025582,0.1266651,-0.01465728,-0.07554983,0.1185402,0.1413308,-0.3044498,0.6745043,0.08786326,0.6668091,96.35748,-0.4085321,0.9050972,0.1179011,2.413988,-0.01017444,-0.05830049,0.1127391,0.1273286,0.4583121,0.7895969,0.3955252,0.1002341,168.4947,0.4606319,0.7935935,0.3975272,0.3877348,True,False,True,-0.1040779,0.5947627,0.1248707,0.6165773,-0.09885288,-0.2344011,-0.3306702,-0.9088132,310.6837,-0.2369418,-0.5618393,-0.792588,0.01384265,0.5813673,0.1803408,0.6088533,0.01135448,0.5484792,0.2134973,0.588676,-0.03425392,0.5595582,0.1681314,0.585275,0.05349332,-0.06043421,0.1128957,0.1387778,0.01650024,-0.07375623,0.1430377,0.1617777,0.008991607,-0.0541005,0.07716653,0.09466988,0.05348295,-0.06041767,0.112907,0.1387758,0.01651244,-0.07380919,0.1429617,0.1617359,0.008999872,-0.05402573,0.07711961,0.0945897,0.02205167,-0.06232841,0.1081684,0.1267734,-0.8939764,-0.1108128,0.4189211,0.114157,166.89,-0.899859,-0.111542,0.4216776,14.00921,0,0,0,0,0,0,0,0,0,1,0,0,0.3596298,False,True,False,0.05981938,1.011241,0.2668702,1.047572,0.6680703,0.3651631,0.3034307,0.5729466,110.0881,0.8151248,0.4455422,0.3702213,-0.009819377,-0.01124108,0.03312984,0.03633687,0.1873885,0.0404548,0.1174399,0.9744008,25.98433,0.8335127,0.1799448,0.5223778,0.02018576,1.105529,-0.04274286,1.106539,0.01739617,0.05236526,-0.01059231,0.9984203,6.441876,0.3096159,0.9319935,-0.1885212,False
1773055720785,11.52595,0.1590683,0.9689198,0.2024567,1.002545,-0.07572316,-0.3046755,-0.5739175,0.7563449,81.71395,-0.115754,-0.4657414,-0.8773175,0.04803866,1.002616,0.2535243,1.035288,0.04630414,1.018317,0.276215,1.056129,0.05879788,0.9938426,0.2612649,1.029291,-0.01800769,-0.0830456,0.1039923,0.1342954,-0.01879814,-0.07358775,0.1317006,0.1520315,-0.004102262,-0.07376118,0.1019985,0.1259414,-0.01806825,-0.08300173,0.1041167,0.1343728,-0.01871199,-0.07355061,0.1315643,0.1518848,-0.00398657,-0.07413323,0.1024418,0.1265146,-0.01467057,-0.07552399,0.1185357,0.1413145,-0.3071246,0.6750901,0.09033381,0.664656,96.68811,-0.4110618,0.9035544,0.1209046,2.423994,-0.01018695,-0.05827613,0.1127348,0.1273146,0.4583121,0.7895969,0.3955252,0.1002341,168.4947,0.4606318,0.7935935,0.3975272,0.3919717,True,False,True,-0.1041106,0.59467,0.1248971,0.6164988,-0.09875623,-0.2344131,-0.3307589,-0.9087884,310.6769,-0.2366794,-0.561795,-0.7926977,0.01381806,0.5813113,0.1803603,0.6088051,0.01132998,0.5484327,0.2135704,0.5886588,-0.03426839,0.5594727,0.1681632,0.5852033,0.05350611,-0.06044182,0.1128865,0.1387785,0.01649394,-0.07373863,0.1430707,0.1617982,0.008991669,-0.05412043,0.07717074,0.09468471,0.05348776,-0.06042268,0.1129027,0.1387763,0.0165086,-0.07379454,0.1429844,0.1617489,0.008998169,-0.05404541,0.07713024,0.09460945,0.02205314,-0.06233503,0.1081874,0.1267932,-0.8939481,-0.1105999,0.4190954,0.1139459,166.9144,-0.8998086,-0.1113249,0.4218429,14.01246,0,0,0,0,0,0,0,0,0,1,0,0,0.360186,False,True,False,0.06028146,1.011626,0.2690485,1.048527,0.6728267,0.3432788,0.3120322,0.576281,109.6212,0.8232797,0.4200405,0.3818067,-0.01028145,-0.01162624,0.0309515,0.03462475,0.1757002,0.05450153,0.1333276,0.9738495,26.26388,0.7733482,0.2398896,0.5868442,0.02026276,1.105557,-0.04244419,1.106557,0.01739384,0.05245344,-0.01062573,0.9984154,6.451958,0.3090904,0.9321033,-0.1888204,False
1773055720800,11.53982,0.1618667,0.9682807,0.2079423,1.003498,-0.06601068,-0.3104804,-0.5780585,0.7517266,82.51967,-0.1000958,-0.4707994,-0.8765436,0.04982721,1.002017,0.2566914,1.035573,0.04756763,1.01745,0.2794709,1.056206,0.06053881,0.9931141,0.2645158,1.029519,-0.01803314,-0.08306134,0.1039566,0.1342808,-0.0187986,-0.07369203,0.1316513,0.1520393,-0.004145541,-0.0736278,0.1018229,0.1257225,-0.01806097,-0.08301414,0.1040834,0.1343537,-0.01872995,-0.07357992,0.1315823,0.1519169,-0.004019514,-0.07402847,0.1023133,0.1263502,-0.01467874,-0.07550737,0.1185073,0.1412828,-0.3097458,0.6759084,0.09302791,0.662232,97.05935,-0.4133809,0.9020545,0.1241533,2.433849,-0.01019471,-0.0582604,0.1127081,0.1272844,0.4583121,0.7895969,0.3955252,0.1002341,168.4947,0.4606318,0.7935934,0.3975271,0.3964076,True,False,True,-0.104144,0.5945741,0.124925,0.6164175,-0.09863511,-0.2344232,-0.3308548,-0.908764,310.6702,-0.2363591,-0.5617477,-0.7928266,0.0137928,0.5812576,0.1803828,0.6087599,0.01130438,0.5483894,0.2136514,0.5886474,-0.03428393,0.5593879,0.1681983,0.5851332,0.05352043,-0.06045008,0.1128761,0.1387792,0.01648714,-0.07372036,0.1431058,0.1618202,0.008992111,-0.05414022,0.07717375,0.09469852,0.05349453,-0.06042836,0.1128972,0.1387769,0.01650415,-0.07377916,0.1430095,0.1617636,0.008996913,-0.05406508,0.07713927,0.09462792,0.02205513,-0.0623418,0.1082073,0.1268138,-0.8939201,-0.1103612,0.419277,0.1137285,166.9394,-0.8997578,-0.111082,0.4220151,14.01718,0,0,0,0,0,0,0,0,0,1,0,0,0.3607277,False,True,False,0.06204292,1.010414,0.2736836,1.048661,0.6717085,0.3335858,0.321473,0.578086,109.3679,0.8231965,0.4088182,0.3939736,-0.01204292,-0.01041448,0.02631637,0.03075784,0.1697403,0.06625639,0.1370505,0.9736609,26.3588,0.7444726,0.2905972,0.6010965,0.02036714,1.105589,-0.04219494,1.106581,0.01751121,0.05258244,-0.01035869,0.9984093,6.464206,0.3105861,0.9326243,-0.183726,False
1773055720813,11.55376,0.1642268,0.9677629,0.2126351,1.004365,-0.0562025,-0.3157464,-0.5828355,0.7466246,83.40234,-0.08448384,-0.4746314,-0.8761208,0.05130057,1.001685,0.2591172,1.035928,0.04853202,1.016779,0.2819164,1.056253,0.06198543,0.9926247,0.2669905,1.029772,-0.0180582,-0.0830759,0.1039201,0.134265,-0.01879215,-0.07384483,0.1315216,0.1520004,-0.004194456,-0.0734698,0.1016114,0.1254603,-0.01806039,-0.08302703,0.1040493,0.1343351,-0.01874291,-0.07363504,0.1315697,0.1519342,-0.004055916,-0.07391216,0.1021672,0.1261649,-0.01467936,-0.07550176,0.1184431,0.1412259,-0.3124241,0.6770205,0.09603661,0.6594023,97.49139,-0.4155735,0.9005444,0.1277439,2.44249,-0.01019527,-0.05825514,0.1126474,0.1272283,0.4583121,0.7895969,0.3955252,0.1002341,168.4947,0.4606318,0.7935935,0.3975271,0.4029783,True,False,True,-0.1041779,0.5944753,0.1249544,0.616334,-0.09849048,-0.2344317,-0.3309575,-0.9087402,310.6637,-0.2359832,-0.5616982,-0.7929741,0.01376691,0.5812063,0.1804081,0.6087178,0.01127781,0.5483496,0.21374,0.5886418,-0.03430048,0.5593036,0.1682364,0.5850646,0.05353607,-0.06045907,0.1128647,0.1387799,0.01647992,-0.07370143,0.1431428,0.1618436,0.008992845,-0.05415998,0.07717551,0.09471132,0.05350317,-0.06043475,0.1128905,0.1387775,0.01649911,-0.07376298,0.1430373,0.1617803,0.008996067,-0.05408485,0.07714681,0.09464529,0.02205759,-0.06234878,0.108228,0.1268354,-0.8938923,-0.1100963,0.4194667,0.1135041,166.9653,-0.8997067,-0.1108124,0.4221951,14.02332,0,0,0,0,0,0,0,0,0,1,0,0,0.361245,False,True,False,0.06341953,1.009548,0.2772709,1.048851,0.6715392,0.3236179,0.3295607,0.5793931,109.1843,0.8239257,0.3970537,0.404345,-0.01341953,-0.009548187,0.0227291,0.02806891,0.163486,0.07654859,0.14167,0.9733151,26.53205,0.7124425,0.3335849,0.6173722,0.02047443,1.105618,-0.04192957,1.106602,0.01753098,0.05305104,-0.01033745,0.9983844,6.514647,0.3085338,0.9336637,-0.1819323,False
1773055720827,11.56773,0.165449,0.966933,0.2173932,1.004785,-0.05416411,-0.3191729,-0.5809625,0.7467781,83.37589,-0.08144081,-0.4799063,-0.8735315,0.05202476,1.000474,0.262923,1.035753,0.04875953,1.015895,0.2863361,1.056602,0.06278559,0.9914256,0.2708945,1.029685,-0.0181402,-0.08309067,0.1038906,0.1342623,-0.01878521,-0.07380704,0.1323056,0.1526602,-0.004215429,-0.07341529,0.1015181,0.1253535,-0.01807705,-0.08304036,0.1040161,0.1343199,-0.01875174,-0.07367092,0.1317237,0.1520861,-0.004089189,-0.07380843,0.1020318,0.1259956,-0.01469581,-0.07548627,0.1185102,0.1412757,-0.3141456,0.6783065,0.09903196,0.6568148,97.88521,-0.4166101,0.8995488,0.1313331,2.466327,-0.01021075,-0.05824053,0.1127108,0.127279,0.4583121,0.7895969,0.3955252,0.1002341,168.4947,0.4606318,0.7935935,0.3975271,0.3974769,True,False,True,-0.1041922,0.5943962,0.1250067,0.6162707,-0.09830668,-0.2344563,-0.3310841,-0.9087076,310.6547,-0.2355028,-0.5616619,-0.7931427,0.01375744,0.5811874,0.1804681,0.6087174,0.01126998,0.5483334,0.2138177,0.5886549,-0.03429709,0.5592498,0.168304,0.5850323,0.05354488,-0.06046103,0.1128615,0.1387815,0.01647658,-0.0737012,0.1431442,0.1618444,0.00899223,-0.05417471,0.07717998,0.09472332,0.05351187,-0.06044023,0.1128844,0.1387784,0.01649441,-0.07375009,0.1430596,0.1617936,0.008995267,-0.05410361,0.07715373,0.09466158,0.02206051,-0.06235582,0.1082456,0.1268543,-0.8938618,-0.1098846,0.4196414,0.1133031,166.9885,-0.8996552,-0.1105968,0.4223612,14.02874,0,0,0,0,0,0,0,0,0,1,0,0,0.3599435,False,True,False,0.06449099,1.00888,0.2800829,1.04902,0.671873,0.3129928,0.3372219,0.580434,109.0379,0.8250853,0.3843669,0.4141211,-0.01449099,-0.008879781,0.01991713,0.02618265,0.1567504,0.08647185,0.1470249,0.9727979,26.78912,0.6766528,0.3732776,0.6346702,0.02059039,1.10556,-0.04177401,1.10654,0.01741066,0.05336563,-0.01070361,0.9983659,6.551924,0.3046747,0.9338623,-0.1873059,False
1773055720842,11.5816,0.1666683,0.9662768,0.2215197,1.005256,-0.05138752,-0.3223969,-0.5801674,0.7462074,83.47419,-0.07719163,-0.4842876,-0.871497,0.05277081,0.9995782,0.2660272,1.035718,0.04907136,1.015195,0.2899172,1.056921,0.06359469,0.990501,0.2740896,1.02969,-0.01822946,-0.08310451,0.1038613,0.1342604,-0.01878585,-0.07378177,0.1328843,0.1531499,-0.00423964,-0.07334822,0.1014137,0.1252305,-0.01810867,-0.0830537,0.1039839,0.1343074,-0.01875881,-0.0736939,0.1319654,0.1523074,-0.004120387,-0.0737129,0.1019036,0.1258369,-0.0147211,-0.07546526,0.118645,0.1413802,-0.3152653,0.6796896,0.1018895,0.6544068,98.25062,-0.416939,0.8988908,0.134749,2.498939,-0.01023467,-0.0582207,0.112838,0.1273845,0.4583121,0.7895969,0.3955252,0.1002341,168.4947,0.4606319,0.7935935,0.3975271,0.4221545,True,False,True,-0.1042058,0.5943159,0.1250616,0.6162066,-0.09809884,-0.2344814,-0.3312191,-0.9086743,310.6456,-0.2349641,-0.5616245,-0.7933283,0.01374811,0.5811732,0.1805334,0.6087229,0.01126227,0.5483215,0.2138985,0.5886729,-0.03429337,0.5591989,0.1683764,0.5850043,0.05355389,-0.06046256,0.1128585,0.1387832,0.0164734,-0.07370286,0.1431423,0.1618432,0.008991756,-0.05418865,0.07718381,0.09473438,0.05352058,-0.06044485,0.1128791,0.1387794,0.01649006,-0.0737403,0.1430767,0.1618039,0.008994539,-0.05412126,0.07715997,0.09467668,0.02206386,-0.06236287,0.1082601,0.1268707,-0.8938292,-0.1097227,0.4198011,0.1131255,167.009,-0.8996041,-0.1104316,0.4225134,14.03348,0,0,0,0,0,0,0,0,0,1,0,0,0.358788,False,True,False,0.06502609,1.007773,0.2840813,1.049065,0.6693135,0.3128228,0.3406502,0.5814798,108.8906,0.8226964,0.3845106,0.4187151,-0.01502609,-0.007772684,0.01591876,0.0232294,0.1570489,0.09048569,0.1452342,0.9726536,26.86038,0.6761754,0.389587,0.6253075,0.02070502,1.105464,-0.04167253,1.106443,0.01778843,0.05377849,-0.01085012,0.9983355,6.612601,0.3084304,0.9324555,-0.1881283,False
1773055720855,11.59549,0.1666572,0.9658359,0.2221175,1.004963,-0.05152028,-0.3248939,-0.5770228,0.7475523,83.24242,-0.07756708,-0.4891485,-0.8687447,0.05241356,0.9987472,0.2660981,1.034916,0.0484376,1.014519,0.2902717,1.056339,0.06338173,0.9896481,0.2742556,1.028901,-0.01839246,-0.08311745,0.1038574,0.1342876,-0.01880336,-0.07376978,0.1332706,0.1534816,-0.004258911,-0.07329918,0.1013191,0.1251258,-0.01816757,-0.08306697,0.1039576,0.1343032,-0.01876806,-0.07370965,0.1322377,0.1525521,-0.004149138,-0.07362692,0.1017822,0.1256891,-0.01475157,-0.07544407,0.1187964,0.1414991,-0.3157714,0.6812621,0.1043189,0.6521411,98.59355,-0.4165314,0.898647,0.1376062,2.536792,-0.0102634,-0.0582007,0.1129809,0.1275042,0.4583121,0.7895969,0.3955252,0.1002341,168.4947,0.4606319,0.7935935,0.3975271,0.4341085,True,False,True,-0.1042004,0.5943149,0.1250664,0.6162058,-0.09802528,-0.2344985,-0.3313276,-0.9086382,310.6357,-0.2347438,-0.56156,-0.7934393,0.01376171,0.5812148,0.1805379,0.6087644,0.01127364,0.5483527,0.2138959,0.5887013,-0.0342879,0.5592256,0.1683795,0.5850304,0.05356475,-0.0604617,0.1128577,0.1387864,0.01647219,-0.07370983,0.1431275,0.1618331,0.008992423,-0.05418154,0.07717356,0.09472203,0.05352974,-0.06044835,0.1128746,0.1387808,0.01648635,-0.07373397,0.1430873,0.16181,0.008994101,-0.05413378,0.07716279,0.09468609,0.02206748,-0.06236802,0.1082688,0.1268814,-0.8938016,-0.1096115,0.4199222,0.1130015,167.0233,-0.8995635,-0.1103181,0.4226292,14.03797,0,0,0,0,0,0,0,0,0,1,0,0,0.3573309,False,True,False,0.06554778,1.006945,0.2874557,1.049221,0.6674273,0.3113151,0.3441741,0.5823812,108.7636,0.8210288,0.3829611,0.4233823,-0.01554778,-0.006944776,0.01254427,0.02114999,0.1564054,0.0947509,0.1445918,0.9724469,26.96221,0.670909,0.4064388,0.6202337,0.02081685,1.105353,-0.04155451,1.10633,0.01804554,0.05389757,-0.01092557,0.9983236,6.636126,0.3117813,0.9312137,-0.1887663,False
1773055720868,11.6095,0.1668181,0.965483,0.2229381,1.004832,-0.05097485,-0.3279708,-0.5739315,0.748625,83.05717,-0.07688588,-0.4946817,-0.8656667,0.05213388,0.9980052,0.2661691,1.034204,0.0478595,1.013874,0.290616,1.055788,0.06325822,0.9888486,0.2744581,1.028178,-0.01860236,-0.08313993,0.1038563,0.1343295,-0.01882392,-0.0737609,0.1336183,0.1537818,-0.004279742,-0.07324289,0.1012132,0.1250078,-0.01825842,-0.08308226,0.1039363,0.1343086,-0.01877974,-0.07372037,0.132528,0.1528105,-0.004176442,-0.07354652,0.1016632,0.1255465,-0.01478627,-0.07542374,0.1189497,0.1416206,-0.3157448,0.6830422,0.1063752,0.649956,98.92342,-0.4154692,0.8987731,0.1399725,2.580031,-0.01029624,-0.05818148,0.1131257,0.1276264,0.4583121,0.7895969,0.3955252,0.1002341,168.4947,0.4606319,0.7935935,0.3975271,0.4406045,True,False,True,-0.1041932,0.594318,0.1250702,0.6162083,-0.09794993,-0.2345149,-0.3314395,-0.9086013,310.6256,-0.2345183,-0.5614913,-0.7935547,0.01377716,0.5812621,0.1805419,0.608811,0.0112864,0.5483876,0.2138881,0.5887312,-0.03428338,0.5592597,0.1683804,0.585063,0.0535759,-0.06046028,0.1128572,0.1387897,0.01647137,-0.07371918,0.1431084,0.1618204,0.008993397,-0.05417085,0.07716066,0.09470548,0.05353938,-0.06045084,0.112871,0.1387827,0.01648322,-0.07373088,0.1430917,0.1618122,0.008993953,-0.05414153,0.07716235,0.09469015,0.02207137,-0.06237145,0.1082724,0.1268868,-0.8937789,-0.1095464,0.4200074,0.1129277,167.0318,-0.8995329,-0.1102517,0.4227114,14.04228,0,0,0,0,0,0,0,0,0,1,0,0,0.3568784,False,True,False,0.06507333,1.006275,0.2877125,1.04862,0.6645598,0.3136205,0.3460609,0.5833047,108.6334,0.818168,0.3861116,0.4260504,-0.01507333,-0.006275415,0.01228753,0.02043451,0.1583512,0.0967711,0.1414167,0.9724,26.98526,0.6786858,0.4147565,0.6061057,0.02092572,1.105262,-0.04135024,1.106233,0.01839905,0.05404739,-0.01096122,0.9983087,6.665681,0.3164816,0.9296679,-0.1885436,False
1773055720883,11.62368,0.1671168,0.9651087,0.2240658,1.004773,-0.04976866,-0.3314819,-0.5710457,0.7493662,82.92899,-0.07516155,-0.5006102,-0.8624039,0.05192796,0.9972539,0.2663637,1.033519,0.04732037,1.013185,0.2910945,1.055234,0.06321893,0.988012,0.274799,1.027462,-0.01883852,-0.08316437,0.1038579,0.1343788,-0.01884585,-0.07375234,0.1339649,0.1540817,-0.00430341,-0.07317314,0.1010867,0.1248653,-0.01838081,-0.08309963,0.1039197,0.1343232,-0.0187937,-0.07372712,0.1328332,0.1530802,-0.004203236,-0.0734676,0.1015414,0.1254026,-0.01482453,-0.07540344,0.1191006,0.1417406,-0.3152922,0.6850647,0.1081401,0.6477523,99.25531,-0.4138502,0.8992107,0.1419439,2.628855,-0.01033236,-0.05816231,0.1132681,0.1277469,0.4583121,0.7895969,0.3955252,0.1002341,168.4947,0.4606319,0.7935935,0.3975272,0.4455405,True,False,True,-0.1041842,0.594325,0.1250728,0.616214,-0.09787281,-0.2345308,-0.3315546,-0.9085636,310.6152,-0.2342876,-0.5614188,-0.7936742,0.01379446,0.5813149,0.1805457,0.6088629,0.0113005,0.548426,0.2138753,0.5887626,-0.03427978,0.5593008,0.1683796,0.5851019,0.05358751,-0.06045819,0.1128573,0.1387933,0.01647096,-0.07373073,0.143085,0.1618049,0.008994586,-0.05415669,0.07714535,0.09468503,0.05354954,-0.06045239,0.1128681,0.1387849,0.01648064,-0.07373085,0.1430903,0.1618106,0.008994087,-0.05414473,0.07715876,0.09468907,0.02207555,-0.06237322,0.1082708,0.1268871,-0.8937607,-0.1095248,0.420059,0.1129016,167.0348,-0.8995119,-0.1102296,0.422762,14.04643,0,0,0,0,0,0,0,0,0,1,0,0,0.3568667,False,True,False,0.06464661,1.005659,0.2880179,1.048086,0.6614482,0.3153602,0.3486359,0.5843691,108.4831,0.8151054,0.3886197,0.4296254,-0.01464661,-0.005658865,0.01198208,0.01975136,0.1599884,0.09966379,0.1383493,0.972281,27.04359,0.6842515,0.4262502,0.5917034,0.02102617,1.105199,-0.0411338,1.106164,0.01877695,0.05403429,-0.0108606,0.9983035,6.675894,0.3224875,0.9280199,-0.186527,False
1773055720897,11.63708,0.1672558,0.9650939,0.2242489,1.004822,-0.04916736,-0.3324696,-0.5687401,0.7507205,82.69434,-0.07442609,-0.503269,-0.8609188,0.05185613,0.9968289,0.2663262,1.033096,0.04702526,1.01278,0.2912949,1.054888,0.06333997,0.9875084,0.2747575,1.026974,-0.01900146,-0.08311506,0.1038883,0.1343948,-0.01887132,-0.07371752,0.13427,0.1543335,-0.00432893,-0.07304885,0.100947,0.1246803,-0.01850609,-0.08310275,0.1039134,0.1343374,-0.01880936,-0.07372518,0.1331254,0.1533348,-0.004228602,-0.07338295,0.1014212,0.1252565,-0.01486054,-0.07537375,0.1192414,0.1418469,-0.314765,0.6872616,0.1096117,0.6454299,99.60417,-0.4120934,0.8997697,0.1435047,2.676197,-0.01036629,-0.05813431,0.113401,0.1278547,0.4583121,0.7895969,0.3955252,0.1002341,168.4947,0.4606318,0.7935934,0.3975271,0.4472516,True,False,True,-0.1041861,0.5943537,0.1250768,0.6162428,-0.09798109,-0.2345168,-0.3315623,-0.9085528,310.6122,-0.2345335,-0.5613536,-0.7936478,0.01379117,0.5812833,0.1805411,0.6088313,0.01129783,0.5484299,0.2138609,0.588761,-0.03429882,0.5593379,0.1683657,0.5851344,0.0535541,-0.06049207,0.1128564,0.1387945,0.01646788,-0.07373138,0.1430804,0.1618008,0.008997956,-0.05413252,0.07712895,0.09465817,0.05355046,-0.06046039,0.1128657,0.1387868,0.01647806,-0.07373095,0.1430883,0.1618087,0.008994867,-0.05414227,0.07715275,0.09468284,0.02207477,-0.06237391,0.1082663,0.1268833,-0.8937798,-0.109426,0.4200315,0.1129474,167.0295,-0.899536,-0.1101308,0.4227366,14.04757,0,0,0,0,0,0,0,0,0,1,0,0,0.3565297,False,True,False,0.0642631,1.004999,0.2884796,1.047556,0.6582415,0.316439,0.3517799,0.5855216,108.3203,0.8119854,0.3903489,0.4339443,-0.0142631,-0.004999161,0.01152039,0.01900386,0.1612311,0.1032973,0.1355424,0.9720919,27.13619,0.6872569,0.4403107,0.5777577,0.02111912,1.105104,-0.04090076,1.106063,0.01903147,0.05398596,-0.01110964,0.9982985,6.685624,0.3263856,0.9258477,-0.1905279,False
1773055720910,11.651,0.1674415,0.9650599,0.2245646,1.004891,-0.04826033,-0.3335467,-0.5668189,0.7517539,82.51494,-0.07318339,-0.5058,-0.8595408,0.05182032,0.9965032,0.2663257,1.032779,0.04675254,1.012426,0.2916041,1.054621,0.06348795,0.9870354,0.2747928,1.026538,-0.01923472,-0.08305709,0.1039253,0.1344207,-0.01889708,-0.07367188,0.1346216,0.1546209,-0.004353462,-0.07292313,0.1008148,0.1245005,-0.0186578,-0.08309323,0.1039159,0.1343544,-0.01882761,-0.0737141,0.1334392,0.1536043,-0.004254577,-0.07328711,0.1012948,0.1250989,-0.01489955,-0.0753336,0.119387,0.1419521,-0.313853,0.6898344,0.1108662,0.6429102,99.98166,-0.409761,0.9006358,0.144745,2.728552,-0.01040311,-0.05809639,0.1135384,0.1279624,0.4583121,0.7895969,0.3955252,0.1002341,168.4947,0.4606319,0.7935935,0.3975272,0.4521061,True,False,True,-0.1041872,0.5943868,0.12508,0.6162756,-0.09810948,-0.2344987,-0.3315603,-0.9085443,310.6099,-0.2348305,-0.5612857,-0.7936078,0.01378756,0.5812445,0.1805352,0.6087924,0.01129499,0.5484314,0.2138424,0.5887555,-0.03432063,0.5593789,0.1683486,0.58517,0.05351534,-0.06052995,0.1128559,0.1387956,0.01646478,-0.07373253,0.1430748,0.1617961,0.009001749,-0.05410434,0.07711037,0.09462727,0.05354316,-0.06047485,0.1128637,0.1387887,0.0164753,-0.07373128,0.1430855,0.161806,0.008996298,-0.05413438,0.07714394,0.09467128,0.02206948,-0.06237362,0.1082584,0.1268756,-0.8938345,-0.1092505,0.4199296,0.1130633,167.0161,-0.899603,-0.1099556,0.4226397,14.04612,0,0,0,0,0,0,0,0,0,1,0,0,0.3580028,False,True,False,0.0640786,1.00462,0.2885838,1.04721,0.6567113,0.3182282,0.3534741,0.5852497,108.3587,0.8099016,0.3924609,0.4359286,-0.0140786,-0.004619837,0.01141617,0.01870504,0.1616635,0.1043553,0.1328691,0.972276,27.04605,0.6913538,0.4462752,0.5682147,0.02121162,1.105006,-0.04065877,1.105957,0.01944398,0.05382032,-0.01130977,0.9982973,6.688083,0.3333374,0.9226675,-0.1938888,False
1773055720924,11.665,0.1675145,0.9650999,0.2245183,1.004932,-0.04691064,-0.3338835,-0.5660594,0.7522619,82.42662,-0.07119925,-0.5067562,-0.8591443,0.05177267,0.9962884,0.2661379,1.032521,0.04649248,1.012352,0.2918009,1.054593,0.06337867,0.9868472,0.2748067,1.026354,-0.01931307,-0.08298802,0.1039669,0.1344214,-0.01893396,-0.0735327,0.1351182,0.1549919,-0.00433318,-0.07285699,0.1010526,0.1246537,-0.01879499,-0.08307121,0.1039265,0.1343682,-0.01884985,-0.0736762,0.1337935,0.1538967,-0.004271012,-0.07319698,0.1012441,0.1250056,-0.01494724,-0.07528181,0.1195919,0.1421021,-0.3124196,0.691294,0.1119096,0.641859,100.1388,-0.4074209,0.9015043,0.1459393,2.78067,-0.01044812,-0.0580475,0.1137318,0.1281156,0.4583121,0.7895969,0.3955252,0.1002341,168.4947,0.4606319,0.7935935,0.3975272,0.4716195,True,False,True,-0.1042176,0.5944486,0.1251038,0.6163452,-0.09828002,-0.234493,-0.3315355,-0.9085363,310.6077,-0.2352289,-0.5612486,-0.7935158,0.01375241,0.5812348,0.1805519,0.6087873,0.01126977,0.5484608,0.2138634,0.5887902,-0.03435633,0.5594271,0.1683548,0.58522,0.05347713,-0.06055354,0.1128613,0.1387956,0.01646211,-0.07371771,0.1430972,0.1618089,0.009002774,-0.05409417,0.07710791,0.09461954,0.05352936,-0.0604913,0.1128632,0.1387901,0.01647255,-0.07372844,0.143088,0.1618066,0.008997651,-0.05412597,0.0771364,0.09466046,0.02206065,-0.06237268,0.1082532,0.1268691,-0.8939112,-0.1090175,0.4197969,0.1131749,167.0033,-0.8996917,-0.1097225,0.4225115,14.04294,0,0,0,0,0,0,0,0,0,1,0,0,0.3589909,False,True,False,0.06393004,1.004265,0.2887729,1.046912,0.6553328,0.3194579,0.3552852,0.5850282,108.39,0.8080423,0.3938999,0.4380759,-0.01393004,-0.004265308,0.01122716,0.01839261,0.1618015,0.1056713,0.1306393,0.9724131,26.97878,0.6936373,0.4530091,0.560046,0.02130684,1.104919,-0.04042211,1.105863,0.01999559,0.05383128,-0.0115725,0.9982828,6.71636,0.34135,0.9189678,-0.1975571,False
1773055720938,11.67917,0.1676212,0.9651325,0.2245422,1.004986,-0.0453676,-0.3343069,-0.5654128,0.7526547,82.35827,-0.06890423,-0.5077446,-0.8587479,0.05175012,0.996078,0.2659844,1.032278,0.0462542,1.012457,0.2922685,1.054813,0.06322201,0.9867206,0.2749986,1.026274,-0.01939012,-0.08291156,0.1040139,0.1344217,-0.01898948,-0.07323298,0.1358954,0.1555353,-0.004292266,-0.07277548,0.1014727,0.1249456,-0.01892072,-0.08303751,0.103945,0.1343793,-0.0188793,-0.07358278,0.1342414,0.1542453,-0.004275494,-0.07310789,0.1012924,0.1249927,-0.01501248,-0.07520335,0.1199032,0.1423296,-0.3104456,0.6911972,0.1127691,0.6427699,100.0027,-0.4052501,0.9022763,0.1472068,2.838323,-0.01050979,-0.05797343,0.1140258,0.1283481,0.4583121,0.7895969,0.3955252,0.1002341,168.4947,0.4606318,0.7935935,0.3975271,0.5261392,True,False,True,-0.1042493,0.5945158,0.1251282,0.6164203,-0.09847225,-0.2344856,-0.3315,-0.9085304,310.6061,-0.2356818,-0.5612138,-0.7934064,0.01371481,0.5812213,0.1805692,0.6087787,0.01124347,0.5484903,0.2138847,0.5888249,-0.03439397,0.5594776,0.1683602,0.585272,0.05343466,-0.06057836,0.1128678,0.1387953,0.0164596,-0.07370101,0.1431224,0.1618233,0.009003742,-0.05408328,0.07710591,0.09461179,0.05350941,-0.06050965,0.1128642,0.1387912,0.01646982,-0.07372266,0.1430952,0.1618102,0.008998934,-0.05411697,0.07712997,0.0946502,0.02204847,-0.06237107,0.1082503,0.1268638,-0.894009,-0.1087302,0.4196339,0.1132836,166.9907,-0.8998013,-0.1094347,0.4223527,14.03812,0,0,0,0,0,0,0,0,0,1,0,0,0.3600613,False,True,False,0.0637456,1.004095,0.2887442,1.04673,0.654968,0.3196396,0.3567824,0.584426,108.4751,0.8071606,0.3939131,0.4396866,-0.01374559,-0.004095435,0.01125586,0.01823207,0.1609766,0.1065976,0.1295446,0.9725953,26.88913,0.6923594,0.4584756,0.5571706,0.0214032,1.104831,-0.04022957,1.105771,0.02026354,0.05392906,-0.01190313,0.9982682,6.744982,0.3444583,0.9167359,-0.2023403,False
1773055720952,11.69269,0.1676523,0.965208,0.2246242,1.005082,-0.04273031,-0.3350469,-0.5653704,0.7525119,82.38313,-0.06488261,-0.5087424,-0.8584705,0.05158931,0.995892,0.2657228,1.032023,0.04587977,1.012865,0.2929689,1.055382,0.06292213,0.986612,0.2750161,1.026156,-0.01941606,-0.08283877,0.1040674,0.134422,-0.01907566,-0.07265975,0.137071,0.1563067,-0.004257453,-0.07269324,0.1018356,0.1251915,-0.01902162,-0.08299709,0.1039699,0.1343878,-0.01891922,-0.0733951,0.1348238,0.1546681,-0.004271827,-0.07302339,0.1014029,0.1250328,-0.01509859,-0.07507407,0.1203549,0.1426513,-0.3087586,0.6899393,0.1132062,0.6448536,99.6906,-0.4039725,0.9027004,0.1481163,2.905117,-0.01059102,-0.05785139,0.1144521,0.1286788,0.4583121,0.7895969,0.3955252,0.1002341,168.4947,0.4606318,0.7935935,0.3975271,0.6583559,True,False,True,-0.1042114,0.5945786,0.1251327,0.6164754,-0.09865408,-0.2344237,-0.3315721,-0.9085003,310.5979,-0.23608,-0.5609778,-0.7934546,0.01374767,0.5812463,0.1805775,0.6088058,0.01128704,0.5485324,0.2139004,0.5888706,-0.03435145,0.5595253,0.168353,0.585313,0.05341167,-0.06058821,0.1128747,0.1387963,0.01645601,-0.07368375,0.1431523,0.1618415,0.00900343,-0.05408432,0.07711034,0.09461597,0.05348955,-0.06052561,0.1128663,0.1387922,0.01646701,-0.07371476,0.1431068,0.1618165,0.008999847,-0.05411034,0.07712599,0.09464324,0.02203632,-0.06236945,0.1082513,0.1268617,-0.8941026,-0.1084483,0.4194888,0.1133525,166.9828,-0.8999026,-0.1091518,0.4222101,14.03368,0,0,0,0,0,0,0,0,0,1,0,0,0.3599914,False,True,False,0.06354745,1.003985,0.2888259,1.046635,0.6546247,0.3195933,0.358415,0.5838367,108.5583,0.8063161,0.3936504,0.4414679,-0.01354745,-0.003984928,0.01117411,0.0180076,0.1600065,0.1077061,0.1285777,0.9727616,26.80704,0.690255,0.4646356,0.5546737,0.0215077,1.104744,-0.04003977,1.105679,0.02053916,0.05379586,-0.01200335,0.9982685,6.744286,0.3491797,0.9145663,-0.2040651,False
1773055720966,11.70652,0.167706,0.9652802,0.2247682,1.005192,-0.03926942,-0.3360476,-0.5654527,0.7521923,82.43872,-0.0595945,-0.5099792,-0.8581199,0.05139093,0.9956379,0.2653939,1.031683,0.0454227,1.013149,0.29357,1.055802,0.06255674,0.9864418,0.2749923,1.025964,-0.01943351,-0.08276071,0.1041263,0.134422,-0.01916042,-0.07209483,0.1382026,0.1570501,-0.004218634,-0.07260507,0.1022341,0.1254636,-0.01910709,-0.08294814,0.1040023,0.1343948,-0.01896918,-0.07312546,0.1355337,0.1551662,-0.004260817,-0.07293656,0.1015749,0.1251214,-0.0152036,-0.07489787,0.1209348,0.1430596,-0.3071741,0.6876106,0.1133633,0.6480621,99.20869,-0.403334,0.9028649,0.1488513,2.981585,-0.01069011,-0.05768508,0.1149995,0.1290997,0.4583121,0.7895969,0.3955252,0.1002341,168.4947,0.4606319,0.7935935,0.3975271,0.7747827,True,False,True,-0.1041697,0.5946457,0.1251362,0.6165338,-0.09885197,-0.234353,-0.3316503,-0.9084685,310.5891,-0.2365145,-0.5607159,-0.7935107,0.0137836,0.5812744,0.1805864,0.6088361,0.01133455,0.5485766,0.2139172,0.5889188,-0.03430418,0.5595749,0.1683449,0.5853553,0.05338824,-0.06059693,0.1128824,0.1387975,0.0164523,-0.07366496,0.1431851,0.1618616,0.009002908,-0.05408655,0.07711608,0.09462187,0.05346859,-0.06054037,0.1128696,0.1387933,0.01646397,-0.07370445,0.143123,0.1618259,0.00900048,-0.05410542,0.07712394,0.09463882,0.02202345,-0.0623677,0.1082556,0.1268623,-0.8941982,-0.1081543,0.4193507,0.1133896,166.9785,-0.9000028,-0.1088564,0.4220728,14.0293,0,0,0,0,0,0,0,0,0,1,0,0,0.3599293,False,True,False,0.06314494,1.003981,0.2889135,1.046631,0.6544974,0.3183827,0.3607843,0.5831813,108.6508,0.8056918,0.3919318,0.4441285,-0.01314494,-0.003980875,0.01108652,0.01765072,0.1581396,0.1096825,0.128236,0.9728912,26.74294,0.6838067,0.474275,0.5545015,0.02158343,1.104627,-0.03995781,1.10556,0.02090667,0.0536851,-0.01195815,0.9982674,6.746492,0.3553114,0.9123847,-0.2032302,False
1773055720980,11.72045,0.1677808,0.9653493,0.2249702,1.005316,-0.03516063,-0.3372603,-0.565673,0.7516869,82.52657,-0.05331245,-0.5113723,-0.857704,0.05117264,0.9953474,0.2650202,1.031296,0.04490408,1.013339,0.2940874,1.056106,0.06214492,0.9862329,0.2749378,1.025723,-0.01944443,-0.08267284,0.1041946,0.1344225,-0.0192436,-0.07154137,0.1392886,0.157765,-0.004176806,-0.07251132,0.1026592,0.1257547,-0.01917744,-0.08289087,0.1040423,0.1344004,-0.01902631,-0.07279488,0.1363284,0.155713,-0.004243343,-0.07284784,0.1018005,0.1252523,-0.01532034,-0.07468521,0.1216046,0.143528,-0.305646,0.6843885,0.1132986,0.6521935,98.58562,-0.403199,0.9028246,0.14946,3.063557,-0.01080033,-0.05748432,0.1156318,0.1295832,0.4583121,0.7895968,0.3955251,0.1002341,168.4947,0.4606319,0.7935935,0.3975271,0.8612644,True,False,True,-0.1041244,0.5947168,0.1251389,0.6165953,-0.09906508,-0.2342738,-0.3317343,-0.9084351,310.58,-0.2369831,-0.5604289,-0.7935734,0.01382226,0.5813053,0.1805958,0.6088693,0.01138572,0.5486228,0.213935,0.5889692,-0.03425243,0.5596261,0.1683358,0.5853986,0.05336441,-0.06060441,0.112891,0.1387985,0.01644854,-0.07364468,0.1432208,0.1618835,0.009002206,-0.0540899,0.07712311,0.09462944,0.05344692,-0.06055369,0.1128741,0.1387944,0.01646076,-0.07369202,0.1431433,0.1618378,0.009000839,-0.05410219,0.07712377,0.09463687,0.02201012,-0.06236584,0.1082633,0.1268656,-0.8942944,-0.1078542,0.4192214,0.1133957,166.9778,-0.9001001,-0.1085543,0.4219429,14.02506,0,0,0,0,0,0,0,0,0,1,0,0,0.3598886,False,True,False,0.06264335,1.003971,0.2890459,1.046627,0.654367,0.3166235,0.363841,0.5823858,108.763,0.8049661,0.3894927,0.447577,-0.01264335,-0.003970504,0.01095414,0.01719338,0.1556747,0.1123142,0.1279726,0.9730232,26.6775,0.6747699,0.4868243,0.5546952,0.02166552,1.104514,-0.03985982,1.105445,0.02095405,0.05366274,-0.01202008,0.9982669,6.74742,0.3560675,0.9118791,-0.2042546,False
1773055720994,11.73438,0.167868,0.9654816,0.2250054,1.005466,-0.03059369,-0.3385884,-0.5664679,0.7506904,82.69956,-0.04630818,-0.5125048,-0.8574348,0.05095075,0.9951807,0.2643663,1.030956,0.04437824,1.013119,0.2936191,1.055742,0.06186221,0.986012,0.2742839,1.025319,-0.0194345,-0.0826128,0.104242,0.1344209,-0.01927299,-0.07144285,0.1395282,0.1579356,-0.004179685,-0.07245614,0.1026723,0.1257337,-0.01923109,-0.082833,0.1040839,0.1344046,-0.01907771,-0.07251228,0.1370073,0.1561825,-0.004230096,-0.07276606,0.101982,0.125352,-0.0154172,-0.07449587,0.1221783,0.1439266,-0.3045164,0.6819475,0.113215,0.655286,98.11732,-0.4031297,0.9027863,0.149878,3.132227,-0.01089175,-0.0573056,0.1161733,0.1299954,0.4583121,0.7895969,0.3955252,0.1002341,168.4947,0.4606318,0.7935935,0.3975271,0.7487306,True,False,True,-0.1041207,0.5947173,0.1251609,0.6165996,-0.09922668,-0.2341227,-0.3317525,-0.9084498,310.584,-0.2373879,-0.5601103,-0.7936777,0.01381752,0.5812664,0.1806305,0.6088423,0.01137702,0.5485977,0.2140102,0.588973,-0.03424364,0.559589,0.1683654,0.5853712,0.05336211,-0.06061297,0.1128898,0.1388004,0.01644752,-0.0736151,0.1432711,0.1619145,0.008999779,-0.05410754,0.07714017,0.0946532,0.05342927,-0.06056603,0.1128773,0.1387956,0.01645801,-0.07367601,0.1431699,0.1618538,0.009000618,-0.0541033,0.07712718,0.09464027,0.0219988,-0.06236494,0.1082766,0.1268746,-0.8943709,-0.1075234,0.4191566,0.1133459,166.9835,-0.9001719,-0.1082208,0.4218753,14.02247,0,0,0,0,0,0,0,0,0,1,0,0,0.3609695,False,True,False,0.06207144,1.003957,0.2892104,1.046625,0.6542416,0.3143768,0.3674191,0.5814968,108.8882,0.8041824,0.3864265,0.4516252,-0.01207143,-0.003956556,0.01078957,0.016667,0.152734,0.1154725,0.1278285,0.9731385,26.62013,0.663424,0.501573,0.5552432,0.02176544,1.104464,-0.03968484,1.105391,0.02119096,0.05346956,-0.01228377,0.9982691,6.74324,0.3603167,0.9091598,-0.2088648,False
1773055721007,11.74829,0.1679735,0.9656151,0.2250791,1.005628,-0.02579868,-0.3399982,-0.5673758,0.7495468,82.89773,-0.03897368,-0.5136302,-0.8571262,0.05073986,0.995021,0.2637059,1.030622,0.04385532,1.012959,0.2932165,1.055455,0.06158119,0.9858016,0.2736248,1.024923,-0.01941553,-0.08255164,0.1042913,0.1344188,-0.01930688,-0.07128774,0.1398541,0.1581577,-0.004181378,-0.07239973,0.1026924,0.1257176,-0.01926952,-0.08277455,0.104127,0.1344075,-0.01912539,-0.07225648,0.1376111,0.1566001,-0.004219974,-0.07268967,0.1021299,0.1254277,-0.01550071,-0.07431865,0.122692,0.1442804,-0.3037708,0.6800827,0.1130859,0.6575884,97.76759,-0.4032119,0.9027117,0.1501052,3.191713,-0.01097063,-0.05713831,0.1166582,0.1303621,0.4583121,0.7895969,0.3955252,0.1002341,168.4947,0.4606318,0.7935935,0.3975272,0.6806858,True,False,True,-0.1041164,0.5947169,0.1251834,0.616603,-0.09939452,-0.2339559,-0.3317675,-0.9084688,310.5892,-0.2378129,-0.5597668,-0.7937922,0.01381249,0.581226,0.1806674,0.6088145,0.01136666,0.5485702,0.214092,0.5889769,-0.03423371,0.5595471,0.1683978,0.5853398,0.0533623,-0.06062065,0.112888,0.1388024,0.01644681,-0.07358305,0.1433255,0.161948,0.008996997,-0.05412782,0.07715955,0.09468032,0.05341535,-0.06057738,0.1128796,0.138797,0.01645568,-0.07365669,0.1432023,0.1618734,0.008999866,-0.0541084,0.07713391,0.09464859,0.02198937,-0.06236485,0.1082952,0.1268887,-0.8944291,-0.1071654,0.4191513,0.1132446,166.9952,-0.9002201,-0.1078592,0.4218651,14.02141,0,0,0,0,0,0,0,0,0,1,0,0,0.3623491,False,True,False,0.06150882,1.003998,0.28906,1.04659,0.6543449,0.3112862,0.37116,0.5806668,109.0051,0.8037241,0.3823491,0.4558914,-0.01150882,-0.00399816,0.01093999,0.01637441,0.1493422,0.1190033,0.1283519,0.9731706,26.6041,0.649075,0.5172153,0.5578463,0.0218625,1.104423,-0.03947615,1.105344,0.02124994,0.05348811,-0.01275085,0.9982609,6.759133,0.3604726,0.9073436,-0.2162986,False
1773055721021,11.76204,0.1682165,0.9657234,0.2254198,1.005849,-0.02145684,-0.341478,-0.5681157,0.7484497,83.08746,-0.03235391,-0.5149011,-0.856639,0.05067125,0.9948464,0.2633123,1.03035,0.04351629,1.012694,0.2928886,1.055095,0.06157424,0.9856009,0.2731714,1.024609,-0.01938844,-0.08252606,0.1043188,0.1344205,-0.01932959,-0.07124788,0.1399473,0.1582249,-0.004208776,-0.07228049,0.1025806,0.1255586,-0.01929407,-0.08272338,0.1041665,0.1344101,-0.01916751,-0.07204752,0.1381026,0.1569412,-0.004217668,-0.0726051,0.1022229,0.1254544,-0.01556656,-0.07416426,0.1231049,0.1445596,-0.3037808,0.6789232,0.1133225,0.6587402,97.59228,-0.4037649,0.9023789,0.1506206,3.240766,-0.01103273,-0.05699261,0.1170481,0.1306527,0.4583121,0.789597,0.3955252,0.1002341,168.4947,0.4606318,0.7935935,0.3975271,0.5886234,True,False,True,-0.1041248,0.594797,0.1251665,0.6166782,-0.09949178,-0.2339603,-0.3318995,-0.9084089,310.5728,-0.2379715,-0.5596029,-0.7938608,0.01381658,0.5813228,0.1806308,0.6088962,0.01137762,0.5486643,0.2140822,0.5890613,-0.03422114,0.5596237,0.1683713,0.5854047,0.05337074,-0.06062418,0.1128836,0.1388036,0.01644398,-0.07356726,0.1433513,0.1619634,0.008995821,-0.05413924,0.07716864,0.09469415,0.05340616,-0.06058702,0.1128804,0.1387984,0.01645327,-0.07363827,0.143233,0.1618919,0.008999033,-0.05411475,0.07714106,0.09465797,0.0219825,-0.06236528,0.1083139,0.1269037,-0.8944682,-0.1068358,0.4191823,0.113132,167.0082,-0.9002479,-0.1075261,0.4218909,14.02172,0,0,0,0,0,0,0,0,0,1,0,0,0.3620473,False,True,False,0.06095695,1.003999,0.2888632,1.046504,0.6544607,0.3079292,0.3750489,0.5798268,109.1233,0.8032758,0.3779479,0.4603297,-0.01095695,-0.003998876,0.01113677,0.01612679,0.1457713,0.1227346,0.1290133,0.9731612,26.60882,0.6334451,0.5333397,0.5606236,0.02194379,1.104382,-0.03926767,1.105297,0.02156892,0.05351685,-0.01275163,0.9982526,6.775218,0.3650143,0.9056744,-0.2157979,False
1773055721035,11.77601,0.1686112,0.9658762,0.2260045,1.006193,-0.01715854,-0.3429474,-0.5688959,0.7472952,83.28675,-0.02582204,-0.5161045,-0.8561364,0.0507638,0.9947304,0.2631626,1.030204,0.04334183,1.012502,0.2928104,1.054882,0.06175444,0.9854662,0.2729485,1.024431,-0.01935286,-0.08250454,0.1043447,0.1344223,-0.0193506,-0.07120335,0.1400511,0.1582993,-0.004239895,-0.0721444,0.1024452,0.1253707,-0.01930636,-0.08267776,0.1042037,0.1344126,-0.01920573,-0.07187044,0.1385175,0.1572302,-0.004222301,-0.07250871,0.1022693,0.1254366,-0.01561953,-0.07402363,0.1234477,0.1447854,-0.3045129,0.6783361,0.1139347,0.6589012,97.56774,-0.4048139,0.9017676,0.1514627,3.283027,-0.01108279,-0.05685979,0.1173716,0.1308891,0.4583121,0.7895968,0.3955251,0.1002341,168.4947,0.4606319,0.7935935,0.3975271,0.526557,True,False,True,-0.1041336,0.5948815,0.1251474,0.6167574,-0.0995849,-0.2339745,-0.3320443,-0.9083421,310.5545,-0.2381115,-0.5594424,-0.7939313,0.01382248,0.5814311,0.1805889,0.6089873,0.01139085,0.5487669,0.2140681,0.5891519,-0.03420658,0.5597068,0.1683418,0.5854748,0.05338234,-0.06062641,0.1128784,0.1388048,0.01644108,-0.07355192,0.1433764,0.1619783,0.008994613,-0.05415144,0.0771782,0.09470879,0.0534012,-0.06059523,0.11288,0.1387997,0.01645073,-0.07362026,0.1432629,0.1619099,0.008998112,-0.0541224,0.0771488,0.09466857,0.02197788,-0.0623662,0.1083331,0.1269198,-0.8944902,-0.106526,0.4192482,0.1130064,167.0227,-0.900257,-0.1072128,0.4219511,14.02333,0,0,0,0,0,0,0,0,0,1,0,0,0.3617477,False,True,False,0.06059974,1.003967,0.2888719,1.046456,0.654392,0.3048582,0.3786474,0.5791881,109.2131,0.802744,0.3739702,0.4644875,-0.01059974,-0.003967166,0.01112816,0.01587226,0.1426495,0.1263005,0.1295853,0.9730915,26.64352,0.6190866,0.548133,0.5623888,0.02198557,1.104324,-0.03902424,1.105232,0.02198082,0.05335267,-0.01274202,0.9982525,6.77545,0.3719724,0.9028651,-0.2156279,False
1773055721050,11.79023,0.1691139,0.9660468,0.2267812,1.006616,-0.01287824,-0.3444126,-0.5697092,0.7460868,83.49493,-0.01934109,-0.5172536,-0.8556136,0.05097117,0.9946421,0.2632016,1.030139,0.04328273,1.012351,0.292929,1.054768,0.06205385,0.9853647,0.2729106,1.024341,-0.01930922,-0.08248716,0.1043694,0.1344245,-0.0193698,-0.07115415,0.1401684,0.1583834,-0.004270784,-0.07200882,0.102304,0.1251784,-0.01930697,-0.08263746,0.1042387,0.1344151,-0.01924047,-0.07171804,0.138874,0.1574791,-0.00423255,-0.07240262,0.1022767,0.1253817,-0.01566204,-0.07389359,0.1237369,0.1449703,-0.3058776,0.6782112,0.114869,0.6582353,97.66916,-0.4063132,0.9009035,0.1525865,3.320061,-0.01112291,-0.05673705,0.1176446,0.1310842,0.4583121,0.7895969,0.3955252,0.1002341,168.4947,0.4606319,0.7935935,0.3975272,0.4855047,True,False,True,-0.1041427,0.5949703,0.1251262,0.6168403,-0.09967395,-0.2339981,-0.3322013,-0.9082688,310.5344,-0.2382338,-0.5592862,-0.7940048,0.01383013,0.5815504,0.180542,0.6090874,0.01140624,0.5488776,0.2140498,0.5892487,-0.03419009,0.5597959,0.1683094,0.5855497,0.05339697,-0.06062743,0.1128724,0.1388059,0.0164381,-0.07353685,0.1434007,0.1619927,0.008993315,-0.05416454,0.07718807,0.0947242,0.0534003,-0.06060204,0.1128784,0.138801,0.01644806,-0.07360262,0.143292,0.1619274,0.008997098,-0.05413131,0.0771571,0.09468033,0.02197544,-0.06236756,0.1083529,0.1269369,-0.8944957,-0.1062354,0.4193476,0.1128677,167.0387,-0.9002483,-0.1069186,0.4220445,14.02619,0,0,0,0,0,0,0,0,0,1,0,0,0.361454,False,True,False,0.0604247,1.003956,0.2890725,1.04649,0.6543286,0.3017417,0.3821799,0.5785712,109.2998,0.8022353,0.3699484,0.4685691,-0.0104247,-0.00395596,0.01092756,0.01561203,0.1395496,0.1298423,0.1302266,0.9729893,26.69428,0.6045021,0.562452,0.5641165,0.02201923,1.10426,-0.03879693,1.105161,0.02236114,0.05343216,-0.01273308,0.9982399,6.799909,0.3770496,0.9009635,-0.2147029,False
1773055721064,11.80377,0.1694132,0.9660702,0.2275997,1.006873,-0.009865939,-0.3455564,-0.5703187,0.7451376,83.65816,-0.01479349,-0.5181449,-0.8551651,0.05106416,0.9945295,0.2634736,1.030104,0.04318723,1.012165,0.2932155,1.054665,0.06254078,0.9852225,0.2729517,1.024245,-0.01929346,-0.0824632,0.1043995,0.1344309,-0.0193884,-0.07113145,0.1402178,0.1584191,-0.004351907,-0.07168072,0.1018851,0.12465,-0.01930421,-0.082602,0.1042714,0.1344182,-0.0192706,-0.07159793,0.1391532,0.1576744,-0.004256831,-0.07225514,0.1021969,0.1252323,-0.01568917,-0.07376954,0.1239364,0.1450804,-0.3085352,0.6791483,0.1165775,0.6557236,98.05093,-0.4086553,0.8995329,0.1544071,3.3546,-0.01114851,-0.05661996,0.1178329,0.1312048,0.4583121,0.7895969,0.3955252,0.1002341,168.4947,0.4606318,0.7935935,0.3975271,0.4518032,True,False,True,-0.1041501,0.5950052,0.1251978,0.6168897,-0.09978072,-0.234068,-0.3322481,-0.908222,310.5216,-0.238431,-0.5593172,-0.7939236,0.01384433,0.5815859,0.1805711,0.6091303,0.0114195,0.5489041,0.2141007,0.5892921,-0.03417489,0.5598176,0.1683643,0.5855854,0.05340978,-0.06063715,0.112863,0.1388075,0.01643109,-0.07353296,0.1434108,0.1619992,0.008991653,-0.05417813,0.07719794,0.09473986,0.05340223,-0.06060918,0.1128752,0.1388023,0.01644461,-0.07358845,0.1433162,0.161942,0.00899599,-0.05414083,0.07716541,0.09469244,0.02197468,-0.06237036,0.1083707,0.1269534,-0.8944855,-0.10598,0.4194668,0.1127457,167.0528,-0.9002255,-0.1066601,0.4221585,14.02942,0,0,0,0,0,0,0,0,0,1,0,0,0.360543,False,True,False,0.06038027,1.003944,0.2894222,1.046572,0.6542665,0.298575,0.3856716,0.5779669,109.3847,0.801738,0.3658738,0.472602,-0.01038026,-0.003943682,0.0105778,0.01533598,0.1364544,0.1333783,0.1309256,0.9728561,26.7603,0.5896627,0.5763698,0.565771,0.02208123,1.104207,-0.03858998,1.105102,0.0225198,0.05345517,-0.0125936,0.9982369,6.805665,0.3794035,0.9005888,-0.2121714,False
1773055721077,11.81766,0.1697337,0.9660808,0.2284801,1.007137,-0.00692162,-0.3466711,-0.570935,0.7441805,83.82249,-0.01036204,-0.5189853,-0.8547204,0.05118582,0.9944127,0.2638179,1.030086,0.04312764,1.011979,0.2935712,1.054583,0.06301387,0.9850757,0.2730857,1.024168,-0.01927469,-0.08244162,0.104429,0.1344379,-0.01940583,-0.07110882,0.1402645,0.1584524,-0.004424154,-0.07139052,0.1015026,0.1241731,-0.01929807,-0.0825687,0.1043041,0.1344223,-0.01929872,-0.07149575,0.1393886,0.1578393,-0.004291569,-0.07207481,0.1020527,0.1250118,-0.01570635,-0.0736453,0.1240799,0.1451418,-0.3121937,0.6808445,0.1188243,0.651818,98.64238,-0.4116611,0.897767,0.1566827,3.388724,-0.01116475,-0.05650269,0.1179684,0.1312774,0.4583121,0.7895969,0.3955252,0.1002341,168.4947,0.4606319,0.7935935,0.3975272,0.4280349,True,False,True,-0.1041577,0.5950407,0.1252729,0.6169404,-0.09988631,-0.2341511,-0.3322923,-0.9081728,310.5081,-0.2386226,-0.5593733,-0.7938269,0.01386059,0.581624,0.1805993,0.6091754,0.01143413,0.5489308,0.2141505,0.5893353,-0.03415839,0.5598399,0.1684214,0.5856221,0.05342485,-0.06064697,0.1128524,0.138809,0.01642358,-0.0735307,0.1434185,0.1620042,0.008989913,-0.05419243,0.07720809,0.09475615,0.05340692,-0.06061703,0.1128705,0.1388037,0.01644024,-0.07357646,0.1433375,0.161955,0.008994729,-0.05415154,0.07717427,0.09470566,0.02197544,-0.06237463,0.108388,0.1269703,-0.8944603,-0.1057405,0.419612,0.1126304,167.0661,-0.9001882,-0.1064176,0.4222991,14.03323,0,0,0,0,0,0,0,0,0,1,0,0,0.3596924,False,True,False,0.06031555,1.00387,0.2899178,1.046636,0.6541622,0.2962401,0.3881378,0.5776354,109.4312,0.8013798,0.3629081,0.4754872,-0.01031555,-0.003870368,0.01008219,0.01493455,0.134321,0.1359758,0.1315052,0.9727152,26.82999,0.5789636,0.5860964,0.5668268,0.02217304,1.10417,-0.03839046,1.105059,0.02269271,0.05337092,-0.01260378,0.9982373,6.80486,0.3823619,0.899276,-0.2123679,False
1773055721091,11.8319,0.1695977,0.9661285,0.2297357,1.007445,-0.005140961,-0.3479221,-0.5707482,0.7437542,83.89559,-0.007690831,-0.5204884,-0.8538342,0.05087825,0.9942704,0.264663,1.03015,0.04267427,1.011837,0.2943394,1.054642,0.06302267,0.9849613,0.2737246,1.024229,-0.01921821,-0.0824246,0.104459,0.1344427,-0.01942057,-0.07110492,0.1402638,0.1584519,-0.004487835,-0.0711533,0.1011591,0.1237582,-0.01928114,-0.08253817,0.1043369,0.1344266,-0.01932455,-0.07141248,0.1395775,0.1579717,-0.004333138,-0.07187868,0.1018635,0.1247458,-0.01571419,-0.07352611,0.1241745,0.1451631,-0.3165922,0.6830267,0.1213556,0.6469287,99.37913,-0.4151755,0.8957134,0.1591444,3.419554,-0.01117216,-0.05639016,0.1180577,0.1313099,0.4583121,0.7895969,0.3955252,0.1002341,168.4947,0.4606318,0.7935935,0.3975271,0.4323763,True,False,True,-0.1041441,0.5950563,0.1252779,0.6169543,-0.0999919,-0.2342226,-0.3323771,-0.9081117,310.4914,-0.2387992,-0.559367,-0.7937781,0.01389948,0.5816497,0.1805541,0.6091875,0.01147296,0.5489515,0.2141514,0.5893558,-0.03411419,0.5598404,0.1684091,0.5856165,0.05344304,-0.06066014,0.1128374,0.1388095,0.01641461,-0.07351635,0.143445,0.1620203,0.008987254,-0.0542146,0.07722083,0.09477896,0.05341457,-0.06062616,0.1128635,0.1388049,0.01643482,-0.07356372,0.1433603,0.1619688,0.008993147,-0.05416489,0.07718413,0.09472118,0.02197748,-0.06238041,0.1084072,0.12699,-0.894421,-0.1054749,0.4197986,0.1124958,167.0816,-0.9001349,-0.1061487,0.4224805,14.03829,0,0,0,0,0,0,0,0,0,1,0,0,0.3599377,False,True,False,0.06031047,1.003767,0.2904485,1.046683,0.6540644,0.2939256,0.3905332,0.577314,109.4763,0.8010368,0.3599725,0.4782885,-0.01031047,-0.003766775,0.009551525,0.01455081,0.1322291,0.1385155,0.1321037,0.9725624,26.90534,0.5683801,0.5954019,0.5678408,0.02223322,1.104099,-0.03823253,1.104984,0.02291404,0.05358681,-0.01262165,0.9982205,6.837237,0.3842652,0.898643,-0.2116632,False
1773055721105,11.84554,0.1694756,0.9661655,0.2310786,1.007767,-0.003364146,-0.3491494,-0.5705923,0.7433087,83.97193,-0.005029005,-0.5219376,-0.8529689,0.05058793,0.9941176,0.2656013,1.03023,0.04224394,1.011685,0.295192,1.054718,0.06308454,0.9847988,0.2743583,1.024246,-0.0191541,-0.08241013,0.1044888,0.1344478,-0.01943392,-0.0711038,0.1402546,0.1584449,-0.004562183,-0.07094328,0.1007002,0.1232652,-0.01925512,-0.08251197,0.104368,0.1344309,-0.01934695,-0.07134896,0.1397186,0.1580704,-0.004380011,-0.07168624,0.1016254,0.124442,-0.01571262,-0.07341643,0.1242212,0.1451474,-0.3214962,0.6858304,0.1238009,0.641054,100.2591,-0.4188899,0.893595,0.161305,3.445936,-0.01117067,-0.05628663,0.1181018,0.131305,0.4583121,0.7895969,0.3955252,0.1002341,168.4947,0.4606319,0.7935935,0.3975272,0.4528861,True,False,True,-0.1041294,0.5950712,0.1252816,0.6169669,-0.1000965,-0.2343036,-0.3324648,-0.9080472,310.4737,-0.2389692,-0.5593736,-0.7937225,0.01394143,0.5816773,0.1805031,0.6091997,0.01151466,0.548973,0.2141499,0.5893761,-0.03406668,0.5598398,0.1683943,0.585609,0.05346347,-0.06067375,0.1128207,0.1388098,0.01640501,-0.07350171,0.1434721,0.1620366,0.008984475,-0.05423843,0.07723414,0.09480317,0.05342457,-0.06063589,0.1128547,0.1388059,0.01642872,-0.07355104,0.1433831,0.1619827,0.008991374,-0.05417994,0.07719436,0.09473795,0.02198061,-0.06238728,0.1084273,0.127011,-0.8943707,-0.105201,0.4200133,0.1123507,167.0983,-0.9000694,-0.1058713,0.4226896,14.04422,0,0,0,0,0,0,0,0,0,1,0,0,0.3602165,False,True,False,0.05992609,1.003715,0.2913937,1.046874,0.6534052,0.2928449,0.3923626,0.5773692,109.4686,0.8002677,0.3586662,0.4805519,-0.009926092,-0.003714681,0.008606344,0.01365267,0.1313517,0.140549,0.1319482,0.9724107,26.97998,0.5630751,0.6025021,0.5656323,0.0222814,1.103973,-0.03814087,1.104856,0.02320017,0.05354453,-0.01272115,0.998215,6.847881,0.3884584,0.8965374,-0.213,False
1773055721119,11.85951,0.1694416,0.9664094,0.2316275,1.008121,-0.002410024,-0.3502305,-0.5704028,0.7429492,84.0335,-0.003600556,-0.5232415,-0.852177,0.05044918,0.9942781,0.2658762,1.030449,0.04200588,1.011837,0.2953177,1.054889,0.06312872,0.9849331,0.2743877,1.024386,-0.0190961,-0.08237445,0.1045351,0.1344537,-0.01944328,-0.07112402,0.140201,0.1584077,-0.0046088,-0.07085459,0.1003956,0.1229671,-0.01922193,-0.08248328,0.1044028,0.1344356,-0.01936707,-0.07130178,0.139821,0.1581421,-0.004427751,-0.07151176,0.1013684,0.1241333,-0.01570473,-0.07331758,0.1242368,0.1451099,-0.3263933,0.6890187,0.1258388,0.6347325,101.1997,-0.4223888,0.8916659,0.1628492,3.465953,-0.01116324,-0.05619333,0.1181165,0.1312777,0.4583121,0.7895969,0.3955252,0.1002341,168.4947,0.4606319,0.7935935,0.3975271,0.451436,True,False,True,-0.1041509,0.5950985,0.1252834,0.6169972,-0.1002815,-0.2343261,-0.3324776,-0.9080163,310.4653,-0.2393727,-0.5593379,-0.7936262,0.01393673,0.5816786,0.1804624,0.6091887,0.01150485,0.5489712,0.2141534,0.5893754,-0.03406563,0.5598328,0.1683768,0.5855971,0.05347328,-0.06068686,0.1128087,0.1388096,0.01639258,-0.07348307,0.1435052,0.1620562,0.008982253,-0.0542602,0.07724751,0.0948263,0.05343473,-0.06064652,0.1128451,0.1388067,0.01642119,-0.07353686,0.1434086,0.161998,0.008989473,-0.05419667,0.07720544,0.09475637,0.02198349,-0.06239488,0.1084496,0.1270343,-0.8943182,-0.1048984,0.4202445,0.1121873,167.1172,-0.8999997,-0.1055648,0.4229142,14.05067,0,0,0,0,0,0,0,0,0,1,0,0,0.3607415,False,True,False,0.05957723,1.003628,0.2923966,1.04705,0.6527706,0.2917388,0.3941675,0.5774176,109.4618,0.7995241,0.3573265,0.4827828,-0.009577233,-0.003628135,0.007603407,0.01275533,0.1304595,0.1425617,0.1318278,0.9722541,27.0568,0.5576925,0.6094278,0.5635418,0.02232952,1.103842,-0.03805288,1.104724,0.02380569,0.05356051,-0.01286961,0.9981979,6.880626,0.3967023,0.892542,-0.2144614,False
1773055721132,11.87338,0.169421,0.9666111,0.232127,1.008426,-0.001440674,-0.3513154,-0.5702274,0.742574,84.0977,-0.002151018,-0.5245361,-0.8513855,0.05032021,0.9944041,0.2660949,1.03062,0.04178439,1.01194,0.2953799,1.054997,0.06321906,0.9850109,0.2743198,1.024448,-0.0190452,-0.08234164,0.1045832,0.1344638,-0.01945089,-0.07114942,0.1401341,0.1583608,-0.00466268,-0.070763,0.1000303,0.1226181,-0.01918525,-0.08245388,0.1044403,0.1344414,-0.01938447,-0.07127001,0.139887,0.1581883,-0.00447651,-0.0713555,0.10109,0.1238177,-0.0156908,-0.07322963,0.1242199,0.1450495,-0.3312776,0.6926039,0.1274593,0.6279404,102.2033,-0.4256637,0.8899373,0.1637744,3.480592,-0.01115003,-0.05611032,0.1181006,0.1312266,0.4583121,0.7895969,0.3955252,0.1002341,168.4947,0.4606318,0.7935935,0.3975271,0.4565378,True,False,True,-0.1041738,0.5951259,0.1252839,0.6170276,-0.1004768,-0.2343481,-0.3324825,-0.9079872,310.4573,-0.2398027,-0.5593062,-0.7935185,0.01393062,0.5816768,0.1804188,0.609174,0.01149279,0.5489658,0.2141559,0.5893711,-0.03406581,0.559823,0.1683571,0.5855821,0.05348331,-0.06070023,0.1127963,0.1388091,0.01637929,-0.07346352,0.1435398,0.1620767,0.008979992,-0.054283,0.07726133,0.09485039,0.0534448,-0.06065766,0.112835,0.1388072,0.0164125,-0.07352164,0.1434359,0.1620143,0.008987508,-0.05421458,0.07721703,0.09477588,0.02198609,-0.06240296,0.1084734,0.127059,-0.8942648,-0.1045776,0.420485,0.1120108,167.1375,-0.899928,-0.1052399,0.4231479,14.05745,0,0,0,0,0,0,0,0,0,1,0,0,0.3612497,False,True,False,0.05941505,1.003841,0.2926753,1.047323,0.6521242,0.291056,0.3952932,0.5777229,109.4189,0.7989438,0.3565845,0.4842896,-0.009415049,-0.003841281,0.007324696,0.01253195,0.130202,0.1440259,0.1317585,0.9720822,27.14087,0.5548997,0.6138149,0.5615331,0.0224243,1.103753,-0.03790371,1.104632,0.02406159,0.0535847,-0.01298717,0.9981889,6.897677,0.3999781,0.8907436,-0.2158869,False
1773055721147,11.88713,0.1694081,0.9668002,0.2326342,1.008722,-0.0003870726,-0.3524829,-0.570051,0.7421574,84.16896,-0.0005775258,-0.5259168,-0.850536,0.05018531,0.9945233,0.2662858,1.030778,0.04156308,1.012012,0.2953957,1.055061,0.06333773,0.985063,0.2742012,1.024474,-0.01900609,-0.08231341,0.104633,0.1344797,-0.01945712,-0.07118381,0.1400385,0.1582924,-0.004722698,-0.07066395,0.09961779,0.1222268,-0.01914835,-0.08242494,0.10448,0.1344492,-0.01939945,-0.07125217,0.1399187,0.1582101,-0.004527245,-0.07121219,0.1007855,0.1234884,-0.01567095,-0.07315084,0.124167,0.1449623,-0.336234,0.6965944,0.1287255,0.6205906,103.2814,-0.4287962,0.8883605,0.1641624,3.491212,-0.0111313,-0.05603595,0.1180506,0.1311483,0.4583121,0.7895969,0.3955252,0.1002341,168.4947,0.4606318,0.7935935,0.3975271,0.4665021,True,False,True,-0.1041982,0.5951536,0.1252832,0.6170583,-0.1006819,-0.2343695,-0.3324797,-0.9079599,310.4499,-0.2402583,-0.5592785,-0.7934002,0.01392319,0.581672,0.1803725,0.6091555,0.01147852,0.548957,0.2141575,0.5893632,-0.03406718,0.5598108,0.1683354,0.5855642,0.05349354,-0.06071386,0.1127833,0.1388085,0.01636501,-0.07344317,0.1435757,0.1620978,0.008977652,-0.05430675,0.07727567,0.09487545,0.05345483,-0.06066923,0.1128244,0.1388075,0.01640273,-0.07350548,0.1434647,0.1620315,0.008985479,-0.05423356,0.0772291,0.09479637,0.02198843,-0.06241148,0.1084987,0.1270852,-0.8942102,-0.1042406,0.4207349,0.1118221,167.1593,-0.8998538,-0.1048985,0.4233902,14.06455,0,0,0,0,0,0,0,0,0,1,0,0,0.3617475,False,True,False,0.05927373,1.003993,0.2928776,1.047517,0.6514818,0.2903481,0.396425,0.5780283,109.376,0.7983682,0.3558114,0.485805,-0.009273734,-0.003992796,0.007122427,0.01235611,0.1299305,0.1455026,0.1317067,0.9719056,27.22696,0.5520245,0.6181844,0.5595709,0.02248395,1.103675,-0.03776683,1.10455,0.02424782,0.05380188,-0.01284563,0.9981745,6.924986,0.4014866,0.8908321,-0.2126933,False
1773055721161,11.90137,0.1692437,0.9668999,0.2327699,1.008821,0.0002115667,-0.3531558,-0.5695564,0.7422172,84.15873,0.0003156961,-0.5269729,-0.8498821,0.04994687,0.9941546,0.266506,1.030468,0.04144137,1.011607,0.2946749,1.054467,0.06328754,0.9850028,0.2739827,1.024355,-0.01855007,-0.0823008,0.1047119,0.1344697,-0.01946484,-0.07141017,0.1392668,0.1577135,-0.004763158,-0.07057059,0.09934736,0.1219541,-0.01902171,-0.08239863,0.1045291,0.1344533,-0.01941331,-0.07128578,0.1397788,0.1581033,-0.004577249,-0.07107545,0.1004793,0.1231616,-0.01562758,-0.07310072,0.1240008,0.14479,-0.3428043,0.700157,0.1302863,0.61261,104.4431,-0.4337179,0.8858426,0.164839,3.471695,-0.01109032,-0.05598862,0.1178937,0.1309834,0.4583121,0.7895969,0.3955252,0.1002341,168.4947,0.4606319,0.7935935,0.3975272,0.460023,True,False,True,-0.1041508,0.5951581,0.1253119,0.6170605,-0.1007185,-0.2343899,-0.3324918,-0.9079462,310.4461,-0.2403287,-0.5592875,-0.7933725,0.01398219,0.5817022,0.1803848,0.6091894,0.01152514,0.5489566,0.2142005,0.5893794,-0.0339959,0.5597933,0.168366,0.5855522,0.05352063,-0.06069959,0.1127795,0.1388096,0.01634931,-0.07343119,0.1435948,0.1621077,0.00897468,-0.05433228,0.07729495,0.09490548,0.05346876,-0.06067566,0.1128149,0.1388079,0.01639142,-0.07348975,0.1434922,0.1620477,0.008983193,-0.05425447,0.07724304,0.09481948,0.02199286,-0.06241983,0.1085254,0.1271129,-0.8941379,-0.1039735,0.4210135,0.1116006,167.1848,-0.8997585,-0.1046271,0.4236601,14.07286,0,0,0,0,0,0,0,0,0,1,0,0,0.3613423,False,True,False,0.05913649,1.004107,0.2930351,1.047663,0.6507955,0.2895662,0.3976448,0.5783557,109.3301,0.7977539,0.3549542,0.4874385,-0.009136494,-0.004106879,0.006964952,0.01220051,0.1296265,0.1470982,0.1316663,0.9717115,27.32134,0.5488666,0.6228455,0.5575035,0.02254482,1.103603,-0.03760022,1.104474,0.02452927,0.05362432,-0.01287825,0.9981768,6.920688,0.4063992,0.8884441,-0.2133659,False
1773055721174,11.91483,0.1690993,0.966988,0.2329047,1.008913,0.0008139013,-0.3538269,-0.5690622,0.7422763,84.14863,0.001214608,-0.5280258,-0.8492275,0.04974367,0.9937711,0.2667896,1.030161,0.04132134,1.011105,0.2938522,1.053751,0.06329474,0.9849224,0.2737318,1.024211,-0.01805424,-0.08224847,0.1048322,0.134464,-0.01945498,-0.07173141,0.1383901,0.1570851,-0.004810013,-0.0704616,0.0990277,0.1216325,-0.01882572,-0.0823682,0.1045905,0.1344549,-0.01942176,-0.07137634,0.1394945,0.157894,-0.004624437,-0.07095033,0.1001835,0.1228498,-0.01556205,-0.07308305,0.1237388,0.1445496,-0.3503854,0.7033974,0.1319562,0.6041936,105.6583,-0.43972,0.8827361,0.1655999,3.425723,-0.01102846,-0.05597197,0.1176464,0.1307484,0.4583121,0.7895969,0.3955252,0.1002341,168.4947,0.4606319,0.7935935,0.3975271,0.4621383,True,False,True,-0.1041005,0.5951615,0.1253413,0.6170612,-0.1007429,-0.2344097,-0.3324994,-0.9079357,310.4432,-0.2403738,-0.5593041,-0.7933473,0.01404364,0.581736,0.1804003,0.6092277,0.0115728,0.5489561,0.2142458,0.5893963,-0.0339212,0.5597747,0.1683994,0.5855397,0.05355006,-0.0606819,0.1127763,0.1388107,0.01633281,-0.07341949,0.1436126,0.1621165,0.00897163,-0.05435876,0.07731528,0.09493691,0.05348522,-0.06067692,0.1128071,0.1388085,0.01637955,-0.07347552,0.1435166,0.1620616,0.008980853,-0.05427559,0.07725767,0.09484325,0.02199886,-0.06242735,0.1085515,0.1271399,-0.8940545,-0.1037894,0.4212981,0.1113653,167.212,-0.8996508,-0.104439,0.4239352,14.08163,0,0,0,0,0,0,0,0,0,1,0,0,0.3610805,False,True,False,0.05895408,1.004004,0.2929042,1.047517,0.6502263,0.2895359,0.3984992,0.578423,109.3206,0.7971028,0.3549378,0.4885143,-0.008954082,-0.004004002,0.007095784,0.0121061,0.1295388,0.1479886,0.1311606,0.9716564,27.34805,0.5479698,0.6260155,0.5548302,0.02255804,1.103524,-0.03744324,1.10439,0.02466645,0.05384872,-0.01312093,0.9981582,6.956017,0.4065985,0.8876351,-0.2162837,False
1773055721189,11.92878,0.1690631,0.9671142,0.2330044,1.009051,0.001687616,-0.3543402,-0.5684963,0.7424636,84.1166,0.002519257,-0.5289556,-0.8486459,0.04959584,0.9936406,0.2667882,1.030028,0.04114142,1.010929,0.293658,1.05352,0.06330341,0.984805,0.2734987,1.024036,-0.01796674,-0.08224041,0.1048864,0.1344895,-0.01944473,-0.07177482,0.1382652,0.1569936,-0.004838666,-0.07042743,0.09879403,0.1214236,-0.01864661,-0.08234157,0.1046522,0.1344616,-0.01942655,-0.07145956,0.1392363,0.1577041,-0.004669108,-0.07084072,0.099892,0.1225505,-0.01549827,-0.07306607,0.1234883,0.1443198,-0.3576392,0.7065849,0.133215,0.5958908,106.8477,-0.4453425,0.8798596,0.1658832,3.384284,-0.01096834,-0.05595589,0.11741,0.1305239,0.4583121,0.7895969,0.3955252,0.1002341,168.4947,0.4606318,0.7935935,0.3975271,0.4518351,True,False,True,-0.1041121,0.5951316,0.1253526,0.6170367,-0.1007831,-0.2344126,-0.3325591,-0.9079086,310.4358,-0.2404359,-0.5592326,-0.7933786,0.01404019,0.5817369,0.1804037,0.6092294,0.0115569,0.5489203,0.2142563,0.5893664,-0.03392491,0.5597447,0.1684019,0.5855119,0.0535709,-0.06066666,0.1127758,0.1388116,0.01631485,-0.07341686,0.1436137,0.1621145,0.008972371,-0.05436391,0.07731415,0.09493901,0.05350306,-0.06067479,0.1128006,0.1388091,0.01636608,-0.0734633,0.1435369,0.1620726,0.008979087,-0.05429399,0.07726943,0.0948632,0.02200531,-0.06243334,0.1085743,0.1271635,-0.8939748,-0.1036661,0.4215558,0.1111448,167.2374,-0.8995482,-0.1043124,0.424184,14.09111,0,0,0,0,0,0,0,0,0,1,0,0,0.3601607,False,True,False,0.05881634,1.003824,0.2927036,1.047281,0.649658,0.2895035,0.3993553,0.5784873,109.3116,0.7964508,0.3549179,0.4895912,-0.008816343,-0.003824234,0.007296443,0.0120661,0.1294471,0.1488795,0.1306549,0.9716006,27.37508,0.5470512,0.629174,0.5521557,0.02259273,1.103474,-0.03728956,1.104335,0.02513918,0.05398639,-0.01352515,0.9981335,7.002362,0.4116499,0.8840182,-0.2214721,False
1773055721206,11.94567,0.1690289,0.9672463,0.2331181,1.009198,0.002688646,-0.3549087,-0.567855,0.7426798,84.07961,0.004015022,-0.529994,-0.8479919,0.04944211,0.9934694,0.2667978,1.029858,0.04094899,1.010712,0.2934384,1.053244,0.06331269,0.9846596,0.2732427,1.023828,-0.01785336,-0.08222558,0.104947,0.1345127,-0.01943195,-0.07182343,0.1381189,0.1568854,-0.004869562,-0.07039435,0.09853888,0.1211981,-0.01845467,-0.08231353,0.1047235,0.1344734,-0.01942785,-0.07154763,0.1389646,0.1575045,-0.004717582,-0.07073226,0.09956272,0.1222213,-0.01542625,-0.0730473,0.1232131,0.1440671,-0.3656448,0.7101669,0.1342176,0.5864747,108.1855,-0.4514315,0.8767843,0.1657073,3.340261,-0.01090026,-0.05593821,0.1171501,0.1302768,0.4583121,0.7895969,0.3955252,0.1002341,168.4947,0.4606318,0.7935935,0.3975272,0.4404809,True,False,True,-0.1041252,0.5950985,0.1253633,0.6170091,-0.1008154,-0.2344127,-0.3326221,-0.9078819,310.4286,-0.2404799,-0.5591558,-0.7934196,0.01403426,0.5817381,0.1804092,0.6092319,0.01153779,0.5488816,0.2142652,0.5893332,-0.03393213,0.5597144,0.1684037,0.5854839,0.05359224,-0.06064924,0.112776,0.1388124,0.01629609,-0.07341588,0.1436116,0.1621103,0.008973602,-0.05436695,0.07731081,0.09493815,0.05352459,-0.06066862,0.1127946,0.1388099,0.01634917,-0.07345184,0.1435549,0.1620817,0.008977762,-0.05431162,0.07727943,0.0948813,0.02201304,-0.06243834,0.1085965,0.1271861,-0.8938895,-0.103595,0.4218148,0.110914,167.264,-0.899439,-0.1042382,0.4244335,14.1025,0,0,0,0,0,0,0,0,0,1,0,0,0.3592205,False,True,False,0.05876623,1.003608,0.2924964,1.047013,0.6491816,0.2895137,0.4004112,0.5782871,109.3397,0.7957283,0.3548687,0.4908002,-0.00876623,-0.003607631,0.007503599,0.0120899,0.1290648,0.1497565,0.1299716,0.9716083,27.37133,0.5455093,0.6329653,0.549342,0.0226604,1.10343,-0.03717819,1.104289,0.02530739,0.05426816,-0.01385301,0.9981095,7.047291,0.4117673,0.8829772,-0.2253972,False
1773055721216,11.95687,0.1689966,0.9673839,0.2332451,1.009354,0.003812015,-0.3555282,-0.5671417,0.7429237,84.03787,0.005694877,-0.5311336,-0.847269,0.04928839,0.9932452,0.266845,1.029646,0.04075885,1.010439,0.2931635,1.052898,0.06332452,0.9844869,0.2729635,1.023589,-0.01768757,-0.08219292,0.1050266,0.1345329,-0.01941727,-0.07188486,0.1379126,0.1567302,-0.00490292,-0.07036185,0.0982613,0.120955,-0.01832053,-0.08229247,0.1047765,0.1344835,-0.019426,-0.07160655,0.1387801,0.1573683,-0.004749956,-0.07066723,0.09933367,0.1219983,-0.01537461,-0.07303446,0.1230232,0.1438928,-0.3711913,0.7126742,0.1346353,0.5798154,109.1249,-0.4555904,0.8747175,0.1652478,3.308958,-0.01085159,-0.05592607,0.1169709,0.1301064,0.4583121,0.7895969,0.3955252,0.1002341,168.4947,0.4606318,0.7935935,0.3975271,0.4448619,True,False,True,-0.1041397,0.5950624,0.1253735,0.6169788,-0.1008401,-0.23441,-0.3326882,-0.9078556,310.4214,-0.2405062,-0.5590737,-0.7934695,0.01402614,0.5817398,0.1804169,0.6092357,0.01151551,0.5488402,0.2142725,0.5892969,-0.03394274,0.559684,0.1684048,0.5854558,0.05361423,-0.06062954,0.1127773,0.1388133,0.0162764,-0.07341644,0.1436065,0.162104,0.008975244,-0.05436788,0.0773054,0.09493443,0.05354023,-0.0606618,0.1127916,0.1388105,0.01633648,-0.07344566,0.1435639,0.1620856,0.008977324,-0.05432143,0.07728396,0.09489057,0.02201862,-0.06244054,0.108609,0.1271989,-0.8938347,-0.103594,0.421969,0.1107695,167.2807,-0.8993694,-0.1042354,0.4245819,14.11075,0,0,0,0,0,0,0,0,0,1,0,0,0.3590292,False,True,False,0.05871364,1.003352,0.2922705,1.046701,0.6486498,0.2895254,0.401612,0.5780453,109.3736,0.7949094,0.3548086,0.4921687,-0.008713644,-0.003351569,0.00772956,0.01212051,0.1286161,0.150744,0.1291927,0.971619,27.36616,0.5437135,0.6372574,0.546151,0.02272237,1.103388,-0.03708148,1.104245,0.0254888,0.05482936,-0.01382111,0.9980747,7.111896,0.4109555,0.8840131,-0.2228376,False
1773055721230,11.97073,0.1689293,0.9675654,0.2332565,1.009519,0.005738914,-0.3555732,-0.5661094,0.7436767,83.90888,0.008584256,-0.5318657,-0.8467853,0.04907226,0.9929096,0.2667753,1.029294,0.04045092,1.009958,0.2929848,1.052374,0.06337366,0.9840727,0.2724949,1.023068,-0.01764904,-0.08215577,0.105082,0.1345485,-0.01939534,-0.0719107,0.1378304,0.156667,-0.004954884,-0.07033051,0.09780888,0.1205716,-0.01818099,-0.08226413,0.1048399,0.1344966,-0.01941965,-0.07166965,0.1385826,0.1572221,-0.004792474,-0.07059705,0.09901476,0.1216998,-0.01531116,-0.0730131,0.1227907,0.1436764,-0.3777405,0.7163445,0.1346232,0.5709985,110.3602,-0.4601255,0.8725787,0.1639845,3.27657,-0.01079169,-0.0559059,0.1167515,0.1298955,0.4583121,0.7895969,0.3955252,0.1002341,168.4947,0.4606318,0.7935935,0.3975271,0.459769,True,False,True,-0.1041064,0.5950022,0.1254483,0.6169303,-0.1008819,-0.2343954,-0.3327275,-0.9078404,310.4172,-0.2405868,-0.5589948,-0.7935009,0.01405609,0.5816864,0.1805001,0.6092101,0.01154024,0.5487723,0.2143529,0.5892634,-0.03392394,0.5596408,0.168465,0.5854307,0.05361148,-0.06061894,0.1127841,0.1388132,0.01626086,-0.07341001,0.1436105,0.1621031,0.008979609,-0.05434801,0.07728623,0.09490786,0.05355499,-0.06065292,0.11279,0.1388111,0.01632081,-0.07343827,0.1435736,0.1620892,0.008977797,-0.05432694,0.07728443,0.09489416,0.0220227,-0.06244,0.1086201,0.1272088,-0.8937999,-0.1035941,0.4220776,0.1106371,167.2959,-0.899321,-0.104234,0.4246848,14.12007,0,0,0,0,0,0,0,0,0,1,0,0,0.3587113,False,True,False,0.05859573,1.003119,0.2920868,1.04642,0.6480659,0.2895385,0.4029508,0.5777618,109.4135,0.7939984,0.3547373,0.493688,-0.008595731,-0.003118873,0.007913232,0.01209269,0.1281022,0.1518358,0.1283223,0.9716322,27.35975,0.5416654,0.6420204,0.5425961,0.02279152,1.103277,-0.0370646,1.104135,0.02572045,0.05517711,-0.0137879,0.99805,7.157341,0.412062,0.883981,-0.220893,False
1773055721244,11.98423,0.1688616,0.9677541,0.2332723,1.009692,0.007958532,-0.3555792,-0.5649292,0.7445503,83.75903,0.01192171,-0.53265,-0.8462517,0.04883607,0.992502,0.2666945,1.028869,0.04011288,1.009384,0.2927987,1.051759,0.063402,0.9836018,0.2720332,1.022494,-0.01761269,-0.08211944,0.1051383,0.1345655,-0.01937049,-0.07193676,0.1377446,0.1566004,-0.005004593,-0.0702961,0.09737774,0.120204,-0.01806526,-0.08223473,0.1049005,0.1345103,-0.01940966,-0.07172391,0.1384121,0.1570954,-0.004835597,-0.0705356,0.098679,0.1213927,-0.01524899,-0.07298842,0.1225619,0.1434617,-0.3838721,0.7202621,0.1342081,0.562008,111.6105,-0.4641002,0.8707948,0.1622572,3.249717,-0.01073298,-0.0558826,0.1165354,0.1296864,0.4583121,0.7895969,0.3955252,0.1002341,168.4947,0.4606319,0.7935935,0.3975272,0.4715755,True,False,True,-0.1040715,0.5949382,0.1255263,0.6168786,-0.1009194,-0.2343771,-0.3327663,-0.9078267,310.4135,-0.2406592,-0.5589116,-0.7935371,0.01408578,0.5816282,0.1805902,0.6091819,0.01156503,0.5487006,0.2144369,0.5892277,-0.03390756,0.5595976,0.1685276,0.5854065,0.05360613,-0.06060771,0.1127924,0.138813,0.01624511,-0.07340395,0.1436131,0.1621011,0.008984692,-0.05432368,0.07726362,0.094876,0.05356537,-0.06064375,0.1127905,0.1388114,0.01630544,-0.07343131,0.1435816,0.1620917,0.008979196,-0.05432628,0.0772802,0.09489047,0.02202418,-0.06243651,0.108627,0.1272133,-0.8937955,-0.1035968,0.4221091,0.1105499,167.306,-0.8993078,-0.1042357,0.4247124,14.12844,0,0,0,0,0,0,0,0,0,1,0,0,0.3585804,False,True,False,0.05843449,1.002633,0.2918566,1.045882,0.6477712,0.2898395,0.4048942,0.5765815,109.5791,0.7928272,0.3547435,0.4955625,-0.008434486,-0.002633333,0.008143455,0.01201627,0.1266992,0.1527812,0.1267643,0.9718725,27.24309,0.5379833,0.6487314,0.5382597,0.02285933,1.103152,-0.03708756,1.104012,0.0259464,0.0553252,-0.01382772,0.9980354,7.184101,0.4141357,0.8830567,-0.2207071,False
1773055721258,11.99827,0.1689016,0.9681474,0.2330345,1.010021,0.01181012,-0.355652,-0.5639266,0.7452241,83.6433,0.01771127,-0.5333601,-0.8457029,0.04863174,0.9921843,0.2661484,1.028411,0.03971002,1.008825,0.2922745,1.051061,0.06387602,0.9830161,0.2706345,1.021589,-0.01763039,-0.08206715,0.1051948,0.1345801,-0.01934217,-0.07193118,0.1377591,0.1566071,-0.005137213,-0.07017189,0.09624328,0.1192194,-0.01797392,-0.08219961,0.1049623,0.1345248,-0.01939553,-0.07176732,0.1382751,0.1569928,-0.004898836,-0.07045903,0.09816308,0.1209316,-0.01517578,-0.07293979,0.1222779,0.1431866,-0.3912206,0.7262032,0.1330195,0.5494372,113.3432,-0.4682277,0.8691476,0.1592028,3.233864,-0.01066384,-0.05583671,0.1162674,0.1294201,0.4583121,0.7895969,0.3955252,0.1002341,168.4947,0.4606318,0.7935935,0.3975272,0.573284,True,False,True,-0.1040728,0.5949018,0.1255425,0.616847,-0.1009348,-0.2342909,-0.332831,-0.9078235,310.4126,-0.240692,-0.5586969,-0.7936784,0.01407903,0.5816003,0.1806185,0.6091635,0.01154388,0.5486593,0.2144658,0.5891994,-0.03393381,0.559586,0.1685399,0.5854005,0.05361192,-0.0606077,0.1127888,0.1388122,0.01623409,-0.07340238,0.1436078,0.1620946,0.008989491,-0.05429633,0.07724167,0.09484291,0.05357511,-0.0606362,0.1127902,0.1388116,0.0162905,-0.07342525,0.1435871,0.1620923,0.00898135,-0.05432001,0.07727214,0.09488051,0.02202506,-0.06243112,0.1086301,0.1272134,-0.8938032,-0.1035797,0.4221057,0.1105168,167.3098,-0.8993121,-0.1042181,0.4247073,14.13681,0,0,0,0,0,0,0,0,0,1,0,0,0.3581125,False,True,False,0.05824667,1.002075,0.2916244,1.045271,0.6474598,0.2901917,0.4071134,0.5751897,109.7742,0.7914963,0.3547489,0.4976815,-0.008246671,-0.002075076,0.008375585,0.01193583,0.1250589,0.1538298,0.1249712,0.9721517,27.10691,0.5336361,0.6564035,0.5332616,0.02288555,1.103078,-0.03704575,1.103937,0.02593195,0.05560874,-0.01394464,0.9980184,7.215104,0.4121285,0.8837725,-0.2216179,False
1773055721271,12.01204,0.1689679,0.9687152,0.2326898,1.010497,0.01590961,-0.3556827,-0.5628883,0.745918,83.52399,0.02388695,-0.5340278,-0.8451296,0.04844472,0.9920072,0.2654713,1.028057,0.03931552,1.008387,0.2916368,1.050448,0.06434157,0.9826477,0.2692599,1.0209,-0.01765928,-0.08201405,0.1052519,0.1345962,-0.01931087,-0.07192136,0.1377841,0.1566208,-0.005255372,-0.06998782,0.09527558,0.1183358,-0.01790881,-0.0821613,0.1050221,0.1345394,-0.01937807,-0.07179909,0.1381738,0.1569159,-0.004972499,-0.0703613,0.09755934,0.120388,-0.01509808,-0.072874,0.1219605,0.1428738,-0.3989374,0.7327279,0.1315425,0.5354019,115.2577,-0.4723403,0.867547,0.1557458,3.22903,-0.01059058,-0.0557746,0.1159678,0.1291181,0.4583121,0.789597,0.3955252,0.1002341,168.4947,0.4606319,0.7935935,0.3975271,0.6510946,True,False,True,-0.104075,0.5948639,0.1255575,0.6168138,-0.1009439,-0.2341932,-0.3328985,-0.907823,310.4124,-0.2407132,-0.5584623,-0.7938371,0.01406994,0.5815704,0.1806484,0.6091437,0.01151937,0.548617,0.2144945,0.5891699,-0.03396506,0.5595764,0.1685518,0.5853965,0.05361719,-0.06060873,0.1127848,0.1388115,0.01622364,-0.07340171,0.1436004,0.1620867,0.008994759,-0.05426506,0.07721706,0.09480547,0.05358379,-0.06063054,0.112789,0.1388116,0.01627671,-0.07342039,0.1435899,0.1620911,0.008984114,-0.05430868,0.07726078,0.09486504,0.02202535,-0.06242415,0.1086292,0.1272093,-0.8938221,-0.1035457,0.4220685,0.1105369,167.3075,-0.8993332,-0.1041842,0.4246709,14.14477,0,0,0,0,0,0,0,0,0,1,0,0,0.3580264,False,True,False,0.05807622,1.001483,0.2909656,1.044511,0.6473343,0.2896526,0.410555,0.573153,110.0592,0.7899634,0.3534726,0.5010139,-0.008076217,-0.00148344,0.009034395,0.01220845,0.1220281,0.1557755,0.1231727,0.9724565,26.95746,0.5235363,0.6683224,0.5284467,0.0228815,1.103071,-0.03693194,1.103926,0.02571162,0.05548697,-0.01397232,0.9980305,7.193035,0.4098784,0.884538,-0.2227379,False
1773055721286,12.02589,0.1690526,0.9693623,0.2322955,1.011041,0.01997644,-0.3556708,-0.5618822,0.7465839,83.40934,0.03002661,-0.5346092,-0.8445657,0.04828482,0.9919302,0.2647457,1.027788,0.03895235,1.008042,0.2909639,1.049917,0.06478276,0.9824255,0.2679542,1.020371,-0.01769888,-0.08196021,0.1053096,0.1346137,-0.01927674,-0.07190756,0.1378198,0.1566415,-0.005359532,-0.06978875,0.0944477,0.1175566,-0.0178652,-0.08211961,0.1050818,0.1345547,-0.01935709,-0.07182156,0.1381004,0.156859,-0.005052807,-0.07024205,0.09690482,0.1197916,-0.015017,-0.07279485,0.1216137,0.142529,-0.4067315,0.7392699,0.1299578,0.520731,117.2374,-0.476422,0.8659385,0.1522252,3.23319,-0.01051401,-0.05569988,0.1156404,0.1287856,0.458312,0.7895968,0.3955252,0.1002341,168.4947,0.4606318,0.7935935,0.3975272,0.6939716,True,False,True,-0.1040782,0.5948246,0.1255713,0.6167793,-0.1009471,-0.2340845,-0.3329687,-0.9078249,310.413,-0.2407231,-0.5582085,-0.7940124,0.01405847,0.5815387,0.1806798,0.6091224,0.01149156,0.5485736,0.2145229,0.5891393,-0.03400107,0.5595688,0.1685635,0.5853947,0.05362187,-0.06061071,0.1127803,0.1388105,0.01621361,-0.07340196,0.1435908,0.1620772,0.009000521,-0.05423002,0.0771899,0.09476384,0.05359168,-0.06062644,0.1127872,0.1388114,0.01626364,-0.07341658,0.14359,0.1620882,0.00898751,-0.05429239,0.07724611,0.09484408,0.0220251,-0.06241555,0.1086247,0.1272012,-0.8938519,-0.1034965,0.4219992,0.110607,167.2994,-0.8993703,-0.1041354,0.4246044,14.15254,0,0,0,0,0,0,0,0,0,1,0,0,0.3591845,False,True,False,0.05795147,1.001009,0.2901698,1.043827,0.6472312,0.2890518,0.4141845,0.5709572,110.366,0.7883643,0.3520815,0.5045002,-0.007951465,-0.001008868,0.009830236,0.01268374,0.1187728,0.1578087,0.1212917,0.9727682,26.80386,0.5124361,0.6808537,0.523304,0.02284604,1.103054,-0.03683098,1.103905,0.02559604,0.05537952,-0.01432463,0.9980345,7.185845,0.4084444,0.8837091,-0.2285827,False
1773055721300,12.0399,0.1688883,0.9704287,0.2318448,1.011932,0.02833509,-0.350755,-0.5606384,0.7495683,82.89401,0.04280698,-0.5298999,-0.8469793,0.04788888,0.9911984,0.2647099,1.027053,0.03834514,1.006629,0.2912146,1.048608,0.06580693,0.9816242,0.2668324,1.019371,-0.0177913,-0.08187757,0.1053858,0.1346352,-0.01924985,-0.07189408,0.1378818,0.1566866,-0.005575804,-0.0690718,0.09293523,0.1159265,-0.0178497,-0.08206895,0.1051455,0.1345715,-0.01933467,-0.07183672,0.1380547,0.156823,-0.005162398,-0.06999584,0.09605969,0.1189686,-0.01491913,-0.07266498,0.1211372,0.1420458,-0.4166606,0.7460865,0.1291399,0.5030624,119.5944,-0.4821065,0.8632762,0.1494243,3.261344,-0.01042161,-0.05557727,0.1151906,0.1283211,0.4583121,0.7895969,0.3955252,0.1002341,168.4947,0.4606319,0.7935935,0.3975272,0.877652,True,False,True,-0.1041056,0.5948784,0.1255097,0.6168233,-0.1011376,-0.2339347,-0.3330084,-0.9078277,310.4137,-0.241181,-0.5578596,-0.7941189,0.01401948,0.581544,0.1806292,0.6091115,0.01143812,0.5485716,0.2144517,0.5891105,-0.03407317,0.5596424,0.1684847,0.5854465,0.05360865,-0.06062347,0.1127785,0.1388095,0.01620257,-0.07340541,0.1435802,0.1620683,0.009008927,-0.0541782,0.07715888,0.09470972,0.05359523,-0.06062581,0.1127854,0.138811,0.01625087,-0.07341424,0.143588,0.1620841,0.008991986,-0.05426852,0.07722788,0.09481601,0.02202242,-0.06240483,0.1086163,0.1271883,-0.8939057,-0.1034098,0.4218672,0.1107578,167.282,-0.8994395,-0.10405,0.4244788,14.15905,0,0,0,0,0,0,0,0,0,1,0,0,0.3607721,False,True,False,0.05788777,1.000619,0.2893143,1.043212,0.6471544,0.2884314,0.4177545,0.5687528,110.6734,0.7868057,0.3506728,0.507903,-0.007887769,-0.000618577,0.01068571,0.01329601,0.115517,0.1597921,0.1194549,0.9730637,26.6573,0.5010794,0.693132,0.5181608,0.02278038,1.103009,-0.03667556,1.103853,0.02585331,0.05533236,-0.01464998,0.9980257,7.201849,0.4116323,0.8809929,-0.2332547,False
1773055721312,12.05384,0.16873,0.9715028,0.231391,1.012832,0.03671792,-0.3457562,-0.5593674,0.752471,82.39025,0.05574932,-0.5249663,-0.8492952,0.04752398,0.990494,0.2646608,1.026344,0.03775004,1.005229,0.2914881,1.047318,0.06663435,0.980902,0.2658507,1.018472,-0.01790489,-0.08177404,0.1054793,0.1346606,-0.01922033,-0.07186466,0.1380157,0.1567874,-0.00575332,-0.06846371,0.09170034,0.1145833,-0.01786122,-0.08200747,0.1052151,0.13459,-0.01931087,-0.07184254,0.1380466,0.1568156,-0.005285747,-0.06967452,0.09513289,0.1180371,-0.01481577,-0.07250121,0.1205931,0.1414872,-0.426977,0.7523831,0.1287028,0.4848155,121.9992,-0.4881877,0.8602434,0.1471534,3.306381,-0.01032404,-0.0554227,0.1146769,0.1277852,0.4583121,0.7895969,0.3955252,0.1002341,168.4947,0.4606319,0.7935935,0.3975272,0.9667879,True,False,True,-0.104135,0.5949361,0.1254431,0.6168704,-0.101344,-0.2337713,-0.3330469,-0.9078326,310.4151,-0.2416793,-0.5574841,-0.7942308,0.01397691,0.5815463,0.1805751,0.6090967,0.01138052,0.5485679,0.2143735,0.5890775,-0.03415191,0.5597214,0.1683999,0.5855023,0.05359276,-0.06063838,0.1127769,0.1388086,0.01619174,-0.07340995,0.1435679,0.1620584,0.009018059,-0.05412122,0.07712529,0.09465063,0.05359471,-0.06062843,0.1127836,0.1388105,0.01623856,-0.07341335,0.1435838,0.1620787,0.008997411,-0.05423787,0.07720654,0.09478159,0.02201754,-0.06239223,0.1086043,0.127171,-0.893981,-0.10329,0.4216778,0.110982,167.2561,-0.899538,-0.103932,0.4242989,14.16429,0,0,0,0,0,0,0,0,0,1,0,0,0.3623323,False,True,False,0.05774547,0.9992551,0.289139,1.041848,0.6503222,0.2885446,0.4234066,0.5608476,111.7711,0.78549,0.3485178,0.5114105,-0.007745471,0.0007448792,0.01086104,0.01336074,0.1063336,0.1594143,0.1152822,0.9746745,25.84445,0.4754928,0.7128543,0.5155082,0.02269201,1.102963,-0.03653707,1.103801,0.02619816,0.05545925,-0.01481244,0.9980073,7.235374,0.4151952,0.8789324,-0.2347513,False
1773055721327,12.06772,0.16875,0.9730284,0.2303035,1.014052,0.04635113,-0.34131,-0.5594097,0.7539363,82.13498,0.07055531,-0.5195392,-0.8515286,0.04729816,0.9904563,0.2635946,1.026023,0.03718345,1.004534,0.2908779,1.046462,0.06851488,0.9809603,0.2634915,1.01804,-0.01799479,-0.08169663,0.105546,0.1346778,-0.01918296,-0.0718236,0.1383134,0.1570261,-0.006069452,-0.06721852,0.08959143,0.1121686,-0.01788899,-0.0819429,0.1052839,0.1346082,-0.01928435,-0.07183861,0.1381019,0.1568592,-0.005448815,-0.06916044,0.09395481,0.116792,-0.01469392,-0.07225715,0.1198806,0.1407422,-0.4401931,0.7578291,0.1297256,0.4637849,124.7368,-0.4968612,0.8553879,0.1464257,3.39022,-0.01020902,-0.05519231,0.1140044,0.1270725,0.4583121,0.7895969,0.3955252,0.1002341,168.4947,0.4606319,0.7935935,0.3975271,1.159958,True,False,True,-0.1041087,0.5949683,0.1254127,0.6168908,-0.1014685,-0.2337407,-0.3331038,-0.9078058,310.4077,-0.2419426,-0.5573338,-0.7942563,0.01400333,0.5815398,0.1805368,0.6090797,0.01140156,0.5485713,0.2143225,0.5890625,-0.03414925,0.5597765,0.1683443,0.5855389,0.05357068,-0.06066148,0.1127759,0.1388094,0.01617867,-0.07341386,0.1435587,0.1620508,0.009025435,-0.05408534,0.07709805,0.09460863,0.05358973,-0.06063528,0.112782,0.1388102,0.01622614,-0.07341345,0.1435786,0.1620729,0.009003221,-0.05420625,0.07718404,0.09474573,0.0220104,-0.06238041,0.1085906,0.1271522,-0.8940741,-0.1031339,0.4214518,0.1112359,167.2269,-0.8996573,-0.1037779,0.4240837,14.16791,0,0,0,0,0,0,0,0,0,1,0,0,0.3626851,False,True,False,0.05770457,0.9978865,0.2888915,1.040464,0.6534664,0.2886045,0.4290101,0.5528468,112.8749,0.7842072,0.3463463,0.5148432,-0.007704567,0.002113521,0.01110855,0.0136831,0.0970875,0.1589927,0.1111186,0.9761906,25.05573,0.4475844,0.7329746,0.5122695,0.02262713,1.102877,-0.03647577,1.103712,0.0263819,0.05553299,-0.01486115,0.9979977,7.252781,0.4171031,0.8779874,-0.2349577,False
1773055721341,12.08171,0.1687759,0.9744749,0.2292725,1.015211,0.05490181,-0.3372793,-0.5593877,0.7551913,81.91582,0.08375505,-0.5145339,-0.8533698,0.04711972,0.9905284,0.262573,1.025822,0.03668609,1.003996,0.290291,1.045764,0.06997792,0.9811699,0.2614995,1.017828,-0.01809487,-0.08161644,0.1056138,0.1346957,-0.01914335,-0.07177864,0.1386292,0.157279,-0.006309736,-0.06622744,0.08800039,0.1103175,-0.01793206,-0.08187461,0.105353,0.1346264,-0.01925492,-0.07182609,0.1382121,0.1569469,-0.005629281,-0.06854098,0.0926755,0.115405,-0.01456958,-0.07196189,0.1190827,0.1398981,-0.4537829,0.76189,0.1314543,0.4430854,127.3982,-0.5061832,0.8498688,0.1466339,3.499705,-0.01009165,-0.0549136,0.1132512,0.1262663,0.4583121,0.7895969,0.3955252,0.1002341,168.4947,0.4606318,0.7935935,0.3975272,1.205841,True,False,True,-0.1040808,0.5950021,0.1253802,0.6169121,-0.1015961,-0.2337148,-0.333162,-0.9077768,310.3998,-0.2422107,-0.5571887,-0.7942762,0.01403169,0.5815312,0.1804953,0.6090599,0.01142523,0.5485757,0.2142669,0.5890468,-0.0341455,0.5598347,0.1682851,0.5855772,0.05354565,-0.0606874,0.1127752,0.1388104,0.01616552,-0.07341863,0.1435485,0.1620425,0.009033198,-0.05404803,0.07706958,0.09456484,0.05358052,-0.06064616,0.1127806,0.1388103,0.01621348,-0.07341453,0.1435723,0.1620666,0.009009479,-0.05417322,0.07716014,0.09470795,0.02200107,-0.0623691,0.1085749,0.1271316,-0.8941848,-0.1029424,0.421188,0.1115216,167.1939,-0.8997977,-0.1035886,0.4238318,14.17004,0,0,0,0,0,0,0,0,0,1,0,0,0.3630357,False,True,False,0.05791501,0.9971176,0.2875986,1.03938,0.6568955,0.2863775,0.435154,0.5450847,113.9391,0.7835286,0.341584,0.5190409,-0.007915009,0.002882361,0.0124014,0.01499167,0.08676486,0.15982,0.108623,0.9773078,24.45855,0.4096079,0.7544936,0.5127981,0.02255602,1.102792,-0.03643679,1.103624,0.02662207,0.05566612,-0.01476715,0.9979852,7.275315,0.4195986,0.8773709,-0.2327496,False
1773055721354,12.09541,0.1685224,0.9764143,0.2280873,1.016764,0.06563218,-0.3297397,-0.5609968,0.7564699,81.69205,0.1003506,-0.5041673,-0.857756,0.04679232,0.990884,0.2619026,1.025979,0.03609926,1.003216,0.2896788,1.044825,0.07289689,0.9819886,0.25922,1.018239,-0.01818474,-0.08151145,0.1057016,0.1347131,-0.01905977,-0.07209923,0.1384955,0.1572978,-0.006753133,-0.06398132,0.08511934,0.1066983,-0.017984,-0.08179992,0.1054247,0.1346441,-0.01921487,-0.07188213,0.1382704,0.1570189,-0.005861035,-0.06759093,0.09107144,0.1135645,-0.01440638,-0.07155777,0.1179017,0.1386682,-0.4705,0.7637372,0.1358003,0.420587,130.2567,-0.5185989,0.8418136,0.1496831,3.6562,-0.009937578,-0.05453213,0.1121364,0.1250883,0.4583121,0.7895969,0.3955252,0.1002341,168.4947,0.4606319,0.7935935,0.3975272,1.282027,True,False,True,-0.1040623,0.5950558,0.1253356,0.6169517,-0.1016785,-0.2335895,-0.3331965,-0.9077872,310.4026,-0.24242,-0.5569199,-0.7944012,0.01403239,0.581533,0.180481,0.6090574,0.01141717,0.5485954,0.214232,0.5890523,-0.0341453,0.5598888,0.1682363,0.585615,0.0535101,-0.06070869,0.1127832,0.1388126,0.01615095,-0.07342186,0.1435436,0.1620382,0.00903727,-0.05403577,0.07705621,0.09454732,0.05356607,-0.06065899,0.1127812,0.1388108,0.01620064,-0.07341604,0.1435664,0.1620608,0.009015181,-0.054145,0.07713881,0.09467497,0.02198951,-0.06236032,0.1085604,0.1271129,-0.8943055,-0.1027512,0.4209095,0.1117813,167.164,-0.8999456,-0.1033992,0.423564,14.16982,0,0,0,0,0,0,0,0,0,1,0,0,0.3620654,False,True,False,0.05828501,0.996502,0.286279,1.038446,0.6599046,0.2844006,0.4405569,0.5381003,114.8912,0.7829157,0.337415,0.5226799,-0.008285012,0.003497958,0.01372102,0.01640559,0.07756691,0.1604937,0.1063754,0.9782175,23.96142,0.373668,0.7731565,0.5124491,0.02246718,1.102692,-0.03642156,1.103522,0.02675225,0.05581263,-0.01483436,0.9979725,7.298209,0.42033,0.8769253,-0.2330767,False
1773055721369,12.10927,0.1683045,0.9781565,0.2270201,1.018162,0.0754226,-0.3228547,-0.5623139,0.7575482,81.50294,0.1155408,-0.4945849,-0.8614151,0.04651579,0.9911771,0.2612748,1.02609,0.03559612,1.002414,0.2889829,1.043845,0.0749687,0.982743,0.2574777,1.018675,-0.01828205,-0.08139812,0.1057951,0.1347312,-0.01897628,-0.07243749,0.1382964,0.1572679,-0.007064764,-0.06228952,0.08313323,0.1041203,-0.01804585,-0.08171644,0.1055017,0.134662,-0.0191654,-0.07199726,0.1382758,0.1570704,-0.006111927,-0.06647092,0.08936127,0.11154,-0.01423267,-0.07108277,0.1165005,0.1372141,-0.4866222,0.7637836,0.141171,0.3998801,132.8586,-0.5309181,0.8333088,0.1540214,3.833743,-0.009773595,-0.05408373,0.1108137,0.1236941,0.458312,0.7895969,0.3955252,0.1002341,168.4947,0.4606318,0.7935935,0.3975272,1.289721,True,False,True,-0.1040431,0.5951121,0.1252886,0.6169932,-0.1017574,-0.2334551,-0.3332289,-0.907801,310.4064,-0.2426256,-0.5566391,-0.7945351,0.01403147,0.5815331,0.1804683,0.6090537,0.01140777,0.5486166,0.2141969,0.5890591,-0.03414381,0.5599433,0.1681868,0.5856527,0.05347062,-0.06073152,0.1127924,0.1388148,0.01613615,-0.07342553,0.1435386,0.162034,0.009041047,-0.05402601,0.07704403,0.09453218,0.05354629,-0.06067402,0.1127835,0.1388116,0.01618727,-0.07341801,0.1435606,0.1620552,0.009020542,-0.05412034,0.07711916,0.09464537,0.02197551,-0.0623536,0.1085464,0.1270953,-0.8944392,-0.1025544,0.4206086,0.1120254,167.1358,-0.900105,-0.103204,0.423273,14.1674,0,0,0,0,0,0,0,0,0,1,0,0,0.3611736,False,True,False,0.05887705,0.9958929,0.2850571,1.037558,0.6658188,0.2811843,0.4459184,0.5279939,116.26,0.7840096,0.3310979,0.5250744,-0.00887705,0.004107118,0.01494294,0.01785951,0.06450067,0.1591863,0.1049468,0.9795334,23.22385,0.3204497,0.790863,0.5213925,0.02239935,1.102594,-0.03642482,1.103423,0.02705195,0.05558482,-0.01457244,0.9979811,7.282847,0.4259329,0.8751829,-0.2294431,False
1773055721382,12.12329,0.1681211,0.979686,0.2260812,1.019393,0.08423864,-0.3166473,-0.5633806,0.7584462,81.34518,0.1292528,-0.4858525,-0.8644313,0.04628702,0.9914014,0.2607071,1.026152,0.03516519,1.001638,0.2883178,1.042901,0.07665972,0.9834237,0.256047,1.019097,-0.01838475,-0.08128154,0.10589,0.1347493,-0.01889798,-0.0727419,0.1381197,0.1572437,-0.007315747,-0.06085993,0.08156951,0.1020345,-0.01811676,-0.08162528,0.1055831,0.13468,-0.01910947,-0.07215308,0.1382431,0.1571063,-0.006365195,-0.06527059,0.08766094,0.109477,-0.01406602,-0.07055423,0.1149978,0.1356475,-0.5006988,0.7626925,0.1468237,0.3821567,135.0653,-0.5418246,0.8253376,0.1588834,4.017834,-0.00961632,-0.05358477,0.1093951,0.1221929,0.458312,0.7895969,0.3955252,0.1002341,168.4947,0.4606318,0.7935935,0.3975272,1.290233,True,False,True,-0.1040233,0.5951711,0.1252393,0.6170368,-0.1018331,-0.2333117,-0.3332594,-0.9078182,310.4111,-0.2428276,-0.5563467,-0.7946782,0.01402913,0.5815319,0.1804575,0.6090493,0.01139697,0.5486394,0.2141616,0.5890673,-0.03414106,0.5599981,0.1681366,0.5856906,0.05342741,-0.06075587,0.1128031,0.1388175,0.01612107,-0.07342962,0.1435335,0.1620298,0.009044638,-0.05401864,0.07703297,0.09451929,0.05352144,-0.06069114,0.1127876,0.1388128,0.01617342,-0.07342044,0.143555,0.1620499,0.009025578,-0.05409907,0.07710114,0.09461901,0.0219592,-0.06234883,0.108533,0.1270787,-0.8945851,-0.1023527,0.420286,0.1122546,167.1094,-0.9002755,-0.1030037,0.4229593,14.16287,0,0,0,0,0,0,0,0,0,1,0,0,0.3607879,False,True,False,0.05970127,0.9952655,0.2837023,1.036631,0.6710575,0.2782499,0.450788,0.5186995,117.5099,0.7849023,0.325455,0.5272641,-0.009701271,0.004734457,0.01629776,0.01954857,0.05259493,0.1580114,0.1035592,0.9805824,22.61888,0.2681941,0.8057379,0.5280731,0.02230238,1.102498,-0.03644463,1.103325,0.02731796,0.05572377,-0.0145197,0.9979668,7.308505,0.4286133,0.8742949,-0.2278112,False
1773055721397,12.13714,0.1677318,0.9809138,0.22594,1.020478,0.09154606,-0.3082754,-0.5685522,0.7571883,81.56612,0.1401508,-0.4719488,-0.8704149,0.04611059,0.9922186,0.2614603,1.027125,0.03520891,1.001025,0.2876993,1.042143,0.07769252,0.9844179,0.2558492,1.020085,-0.01839365,-0.08121961,0.1059437,0.1347554,-0.01875739,-0.07377231,0.1365617,0.1563435,-0.007500674,-0.0599923,0.08037626,0.1005767,-0.0181741,-0.08154108,0.105658,0.1346954,-0.01903653,-0.0724891,0.1378949,0.1569461,-0.006601874,-0.06414881,0.08608123,0.1075576,-0.01388367,-0.07008909,0.1132823,0.1339332,-0.5117124,0.7616085,0.1519391,0.3674473,136.8835,-0.5502021,0.8188947,0.1633676,4.140246,-0.00944416,-0.05314573,0.1077757,0.1205374,0.4583121,0.7895969,0.3955252,0.1002341,168.4947,0.4606318,0.7935935,0.3975271,1.285094,True,False,True,-0.1040221,0.5952599,0.1251925,0.6171128,-0.101983,-0.2332854,-0.3333261,-0.9077836,310.4017,-0.2431417,-0.5561846,-0.7946954,0.01402681,0.581573,0.1804154,0.609076,0.01139835,0.5486972,0.2140948,0.5890968,-0.03411948,0.5600597,0.1680743,0.5857303,0.05339016,-0.06077607,0.1128148,0.1388215,0.01610807,-0.07343229,0.1435311,0.1620277,0.009043359,-0.05404238,0.07704143,0.09453963,0.05349427,-0.06070872,0.1127932,0.1388146,0.01615989,-0.07342289,0.14355,0.1620453,0.009029259,-0.05408733,0.07708878,0.09460257,0.02194258,-0.06234822,0.108523,0.127067,-0.8947213,-0.1021735,0.4199963,0.1124161,167.0908,-0.900429,-0.1028253,0.4226755,14.1564,0,0,0,0,0,0,0,0,0,1,0,0,0.3613629,False,True,False,0.0606752,0.9946601,0.282315,1.035728,0.6756502,0.2756052,0.4551525,0.5102695,118.6364,0.7856264,0.3204657,0.529238,-0.0106752,0.005339861,0.01768497,0.02133617,0.04188492,0.1569655,0.1022447,0.9814039,22.1337,0.2182027,0.817724,0.5326515,0.0221909,1.102373,-0.03644738,1.103199,0.02730547,0.05576845,-0.01439105,0.9979665,7.30904,0.428386,0.8749318,-0.2257762,False
1773055721410,12.15099,0.1673961,0.9820314,0.2257749,1.02146,0.09865236,-0.3004763,-0.5729716,0.7560987,81.75706,0.1507391,-0.4591227,-0.8754909,0.04595488,0.9928156,0.2620814,1.027853,0.03520314,1.000506,0.2873674,1.041552,0.07883773,0.9852993,0.2556222,1.020967,-0.01839639,-0.08115862,0.1059964,0.1347605,-0.01864938,-0.07449348,0.1354777,0.1557282,-0.00768863,-0.05899775,0.0792027,0.09906017,-0.01822015,-0.08146162,0.1057284,0.1347088,-0.01895624,-0.07290613,0.1373928,0.1566889,-0.0068287,-0.06305001,0.08458414,0.1057185,-0.01370206,-0.06961534,0.1114691,0.132134,-0.5208639,0.7602931,0.156882,0.3550259,138.4099,-0.5571592,0.8132725,0.167814,4.22781,-0.009272713,-0.05269854,0.1060641,0.1187969,0.4583121,0.789597,0.3955252,0.1002341,168.4947,0.4606319,0.7935935,0.3975271,1.28,True,False,True,-0.1040214,0.5953525,0.125144,0.6171921,-0.1021389,-0.2332655,-0.3333954,-0.9077458,310.3914,-0.2434658,-0.5560288,-0.7947057,0.01402445,0.5816162,0.180371,0.6091041,0.01140118,0.5487586,0.2140242,0.5891284,-0.03409334,0.5601203,0.16801,0.5857682,0.05335066,-0.06079694,0.1128276,0.1388259,0.01609517,-0.07343512,0.143529,0.1620258,0.009041244,-0.05407197,0.07705338,0.09456609,0.05346452,-0.060727,0.1128003,0.1388169,0.01614648,-0.07342542,0.1435457,0.1620412,0.009031742,-0.05408415,0.07708144,0.09459501,0.02192539,-0.06235143,0.108516,0.1270596,-0.894851,-0.1020127,0.4197318,0.1125183,167.079,-0.9005699,-0.1026646,0.4224143,14.14801,0,0,0,0,0,0,0,0,0,1,0,0,0.3619369,False,True,False,0.06189575,0.9945205,0.2820011,1.03558,0.6832008,0.2701906,0.4560694,0.5022293,119.7048,0.7900701,0.312455,0.5274099,-0.01189575,0.005479455,0.0179989,0.02225969,0.0305877,0.153431,0.1056078,0.9820236,21.76064,0.1620471,0.8128445,0.5594873,0.02207447,1.102262,-0.03646807,1.103086,0.02756503,0.05583018,-0.01442939,0.9979554,7.329051,0.4312797,0.8735133,-0.2257608,False
1773055721425,12.16507,0.1672073,0.9826064,0.2252091,1.021858,0.1017461,-0.2954453,-0.5749311,0.7561839,81.74216,0.1554896,-0.4515033,-0.878617,0.04594145,0.9929798,0.2622258,1.028048,0.03534728,0.9999386,0.286645,1.040813,0.07934453,0.9855732,0.2550617,1.02113,-0.01839268,-0.08112393,0.106028,0.1347639,-0.01855789,-0.07509317,0.1345426,0.1551937,-0.007786762,-0.058726,0.07851159,0.09835368,-0.01825633,-0.08139059,0.1057914,0.1347202,-0.01887258,-0.07336757,0.1367918,0.1563681,-0.007031179,-0.06211472,0.0832441,0.1041021,-0.01353258,-0.06918953,0.1097056,0.1304057,-0.5276344,0.7596388,0.1606948,0.3445693,139.689,-0.5620541,0.809193,0.1711776,4.266159,-0.009112743,-0.05229655,0.1043995,0.1171205,0.4583121,0.7895969,0.3955251,0.1002341,168.4947,0.4606319,0.7935935,0.3975271,1.252291,True,False,True,-0.1040186,0.5954959,0.1250925,0.6173195,-0.1023619,-0.2331918,-0.33347,-0.9077122,310.3822,-0.243955,-0.5557565,-0.7947457,0.01402092,0.5817131,0.1803287,0.609184,0.01139843,0.5488571,0.2139617,0.5891975,-0.03406642,0.5602172,0.1679367,0.5858384,0.05332211,-0.06080494,0.1128408,0.1388291,0.01608009,-0.0734292,0.1435375,0.1620291,0.009038766,-0.05410859,0.07706283,0.0945945,0.05343465,-0.06074335,0.1128088,0.1388195,0.01613255,-0.07342621,0.143544,0.1620387,0.009033214,-0.05408927,0.07707754,0.0945949,0.02190839,-0.06235726,0.1085126,0.1270566,-0.894973,-0.1018758,0.4194992,0.1125387,167.0766,-0.9006949,-0.1025272,0.4221812,14.13932,0,0,0,0,0,0,0,0,0,1,0,0,0.36171,False,True,False,0.0631661,0.9942423,0.2814499,1.03524,0.6899881,0.2652759,0.4572322,0.4944531,120.7326,0.7938159,0.305194,0.5260354,-0.0131661,0.005757749,0.0185501,0.02346496,0.01987829,0.1502984,0.108314,0.9824884,21.47665,0.1066868,0.8066519,0.5813213,0.02195273,1.102166,-0.03647025,1.102988,0.02799573,0.05577986,-0.01444635,0.997946,7.345916,0.4370153,0.8707274,-0.2255084,False
1773055721438,12.17875,0.167029,0.9831871,0.2246618,1.022266,0.1049773,-0.2906989,-0.5766941,0.7562393,81.73245,0.1604434,-0.4442933,-0.8813975,0.04591408,0.9931083,0.2622992,1.028189,0.03543521,0.999423,0.2859818,1.040138,0.07994349,0.9858675,0.2544355,1.021305,-0.01838323,-0.08109368,0.1060558,0.1347663,-0.01847429,-0.07561094,0.1337565,0.154755,-0.007900337,-0.05836563,0.07774819,0.09753842,-0.01828235,-0.08132949,0.1058458,0.1347296,-0.01879074,-0.0738314,0.1361642,0.1560284,-0.007210915,-0.06132037,0.08205594,0.1026906,-0.01338048,-0.06880119,0.1080537,0.1287953,-0.5327256,0.7593896,0.1637076,0.3357539,140.7632,-0.5655563,0.8061891,0.1737965,4.270961,-0.00896917,-0.05192998,0.1028401,0.1155563,0.4583121,0.7895969,0.3955252,0.1002341,168.4947,0.4606318,0.7935935,0.3975272,1.217332,True,False,True,-0.1040161,0.5956457,0.1250394,0.6174528,-0.1025983,-0.2331164,-0.3335475,-0.9076764,310.3724,-0.2444734,-0.5554745,-0.7947838,0.01401708,0.5818155,0.1802849,0.6092688,0.01139603,0.5489601,0.2138973,0.58927,-0.03403584,0.5603147,0.1678608,0.5859081,0.05329328,-0.06081171,0.112855,0.1388326,0.01606481,-0.07342224,0.1435476,0.1620333,0.009035577,-0.05415093,0.07707474,0.09462812,0.05340564,-0.06075737,0.1128183,0.1388221,0.01611865,-0.0734254,0.1435447,0.1620376,0.009033699,-0.05410192,0.07707696,0.09460171,0.02189215,-0.06236533,0.1085125,0.1270577,-0.8950841,-0.1017662,0.4193037,0.1124831,167.0831,-0.9008009,-0.1024161,0.4219818,14.13064,0,0,0,0,0,0,0,0,0,1,0,0,0.3615955,False,True,False,0.06451961,0.9938389,0.2804023,1.034652,0.6938744,0.2637257,0.4572066,0.4898463,121.3391,0.795902,0.3025041,0.5244344,-0.01451961,0.006161094,0.01959771,0.02515648,0.01442205,0.1474561,0.1091459,0.9829222,21.20819,0.0783715,0.8012977,0.5931146,0.0218293,1.102081,-0.036449,1.102899,0.02793739,0.05568195,-0.01442766,0.9979534,7.332684,0.436889,0.8707625,-0.2256218,False
1773055721452,12.19271,0.1667386,0.9838585,0.2240152,1.022723,0.1051836,-0.2876682,-0.5786685,0.7558613,81.79863,0.1606515,-0.439368,-0.8838252,0.04581717,0.9939197,0.2622597,1.028959,0.03543752,0.9998649,0.2854526,1.040418,0.08028544,0.986673,0.2538421,1.021961,-0.01839015,-0.0810918,0.1060668,0.1347748,-0.01839889,-0.07601782,0.1332419,0.1545013,-0.007985556,-0.05811188,0.07716361,0.09692772,-0.01830481,-0.08127981,0.105892,0.134739,-0.01870893,-0.0742913,0.135549,0.1557008,-0.007373653,-0.06062954,0.08098126,0.1014311,-0.01324401,-0.06844074,0.1065127,0.1272969,-0.5365025,0.7595077,0.1662499,0.3281374,141.6885,-0.5679499,0.8040266,0.1759948,4.255746,-0.008840366,-0.05158971,0.1013854,0.1140993,0.4583121,0.7895969,0.3955252,0.1002341,168.4947,0.4606318,0.7935935,0.3975272,1.152978,True,False,True,-0.1039823,0.5957859,0.125017,0.6175778,-0.1027765,-0.2331462,-0.333643,-0.9076135,310.3552,-0.2448185,-0.5553655,-0.7947538,0.01405516,0.581941,0.1802561,0.609381,0.0114419,0.5490778,0.2138422,0.5893605,-0.03396677,0.5604187,0.1678076,0.5859883,0.05327251,-0.06080874,0.1128699,0.1388354,0.0160509,-0.07341918,0.143547,0.1620301,0.009032447,-0.0541905,0.07708266,0.09465691,0.05337789,-0.06076808,0.112829,0.1388249,0.01610452,-0.0734241,0.1435452,0.162036,0.009033438,-0.05412038,0.07707815,0.09461321,0.02187682,-0.06237488,0.1085138,0.1270608,-0.8951865,-0.1017076,0.4191307,0.1123659,167.0966,-0.900892,-0.1023558,0.421802,14.12202,0,0,0,0,0,0,0,0,0,1,0,0,0.3610547,False,True,False,0.06574767,0.9934663,0.2793398,1.034083,0.697493,0.2621591,0.4574278,0.4853205,121.9331,0.7977399,0.2998379,0.5231715,-0.01574767,0.006533742,0.02066025,0.02678666,0.009021726,0.1449405,0.1098209,0.9832855,20.98076,0.04955073,0.7960678,0.6031778,0.02169155,1.102044,-0.0364319,1.10286,0.02795365,0.05567804,-0.0145261,0.9979517,7.335674,0.4369649,0.8703462,-0.2270687,False
1773055721466,12.20712,0.1664384,0.9845879,0.223332,1.023226,0.1057341,-0.2845313,-0.5805849,0.7555022,81.86148,0.1613901,-0.4343019,-0.8861912,0.0456847,0.9947447,0.2621373,1.029718,0.03541003,1.000284,0.2848526,1.040655,0.08068606,0.9874986,0.2531436,1.022617,-0.01842943,-0.0811089,0.1060713,0.134794,-0.01832309,-0.07642701,0.1327176,0.1542426,-0.008081807,-0.05781145,0.07649615,0.09622443,-0.01833143,-0.08124321,0.1059304,0.1347507,-0.01862636,-0.07475227,0.134937,0.1553796,-0.007526115,-0.06000781,0.07997198,0.1002651,-0.01311896,-0.06809495,0.1050319,0.12586,-0.5392209,0.7599984,0.1685205,0.3213163,142.5149,-0.5694159,0.8025565,0.1779572,4.227025,-0.008722299,-0.05126332,0.09998761,0.1127011,0.4583122,0.789597,0.3955252,0.1002341,168.4947,0.4606318,0.7935935,0.3975271,1.085128,True,False,True,-0.1039466,0.5959307,0.1249953,0.6177071,-0.1029574,-0.233189,-0.3337432,-0.9075451,310.3365,-0.2451633,-0.5552722,-0.7947128,0.01409658,0.5820749,0.1802259,0.6095009,0.01149252,0.549202,0.2137845,0.5894563,-0.03389167,0.5605249,0.1677531,0.5860699,0.05325265,-0.06080339,0.1128856,0.1388383,0.01603706,-0.07341582,0.1435463,0.1620265,0.009028726,-0.0542343,0.07709188,0.09468915,0.05335113,-0.06077562,0.1128411,0.1388277,0.01609011,-0.07342234,0.1435454,0.162034,0.009032432,-0.05414471,0.07708108,0.09462942,0.02186229,-0.06238597,0.1085162,0.1270659,-0.8952812,-0.101699,0.4189785,0.1121875,167.1171,-0.9009689,-0.1023451,0.4216402,14.11335,0,0,0,0,0,0,0,0,0,1,0,0,0.3605969,False,True,False,0.06684209,0.9938621,0.2782302,1.034235,0.700098,0.261178,0.4558543,0.4835759,122.1616,0.7998357,0.298386,0.5207964,-0.01684209,0.006137908,0.02176982,0.02820027,0.006988847,0.1424186,0.1114752,0.9834843,20.85525,0.03861383,0.786872,0.6159076,0.02156519,1.102009,-0.03648849,1.102824,0.0279978,0.055746,-0.01462071,0.9979452,7.347196,0.4369715,0.8700474,-0.2281905,False
1773055721480,12.22044,0.1661342,0.9853583,0.2226268,1.023765,0.1066008,-0.281048,-0.5826117,0.7551238,81.92763,0.1626048,-0.4286998,-0.8886936,0.04554084,0.9955853,0.2619998,1.030489,0.03538437,1.000675,0.2842561,1.040867,0.08116518,0.9883518,0.2524226,1.023301,-0.01850164,-0.08114446,0.1060691,0.1348236,-0.01824574,-0.07684083,0.1321868,0.153983,-0.008189103,-0.05744237,0.07577509,0.09543873,-0.01836561,-0.08122332,0.1059583,0.1347653,-0.01854975,-0.07517672,0.1343769,0.1550896,-0.00766034,-0.05947538,0.07908325,0.09924798,-0.01301319,-0.06778111,0.1037057,0.1245732,-0.5408463,0.7607709,0.170538,0.3156418,143.2009,-0.5699848,0.8017581,0.1797258,4.193892,-0.00862247,-0.05096704,0.09873568,0.1114483,0.4583121,0.7895969,0.3955252,0.1002341,168.4947,0.4606318,0.7935935,0.3975271,1.044006,True,False,True,-0.103909,0.5960799,0.1249743,0.6178405,-0.103141,-0.2332445,-0.3338479,-0.9074715,310.3165,-0.2455073,-0.5551938,-0.794661,0.01414113,0.5822171,0.1801945,0.6096284,0.01154751,0.5493323,0.2137242,0.5895569,-0.03381091,0.5606334,0.1676975,0.5861531,0.05323376,-0.06079566,0.1129021,0.1388411,0.01602316,-0.07341222,0.1435451,0.1620225,0.009024499,-0.0542819,0.0771024,0.09472458,0.05332755,-0.06077965,0.1128534,0.1388304,0.01607666,-0.07342031,0.1435453,0.1620317,0.009030839,-0.05417225,0.07708537,0.09464852,0.02184971,-0.06239749,0.1085194,0.1270721,-0.8953605,-0.1017366,0.4188583,0.111969,167.1423,-0.9010264,-0.1023804,0.4215089,14.10539,0,0,0,0,0,0,0,0,0,1,0,0,0.3605692,False,True,False,0.06785806,0.9942673,0.2770884,1.034384,0.7027426,0.2601129,0.4545171,0.4815687,122.4242,0.8018439,0.2967941,0.5186135,-0.01785805,0.005732715,0.02291161,0.02960939,0.004621057,0.1399797,0.1130098,0.9836734,20.73528,0.02567773,0.7778223,0.6279591,0.02145106,1.102001,-0.03655119,1.102816,0.02780621,0.055657,-0.01458777,0.997956,7.327768,0.4351294,0.8709565,-0.2282788,False
1773055721493,12.23443,0.165861,0.985988,0.2213595,1.024052,0.1060106,-0.2800349,-0.5831866,0.7551395,81.92488,0.1617089,-0.4271662,-0.889595,0.04521218,0.9966224,0.2608231,1.031178,0.03525449,1.001193,0.2828857,1.040988,0.08164806,0.989125,0.2508846,1.023708,-0.01890577,-0.08128545,0.1060435,0.1349443,-0.01818219,-0.07713465,0.1317965,0.1537877,-0.008300222,-0.05706649,0.0749833,0.09459373,-0.01847843,-0.08123633,0.1059762,0.1348026,-0.01847284,-0.07559071,0.13383,0.1548085,-0.007794993,-0.058956,0.07818148,0.09822889,-0.01292271,-0.06745635,0.1023723,0.1232779,-0.5402144,0.7627934,0.1727168,0.3106183,143.807,-0.5683268,0.8024887,0.1817049,4.173695,-0.00853705,-0.05066048,0.09747697,0.1101868,0.4583121,0.7895969,0.3955252,0.1002341,168.4947,0.4606319,0.7935935,0.3975272,1.010388,True,False,True,-0.1039063,0.5961074,0.1250339,0.6178786,-0.1032558,-0.2331779,-0.3337792,-0.9075009,310.3245,-0.2458177,-0.5551191,-0.7946172,0.01413306,0.5821809,0.1802681,0.6096153,0.01152623,0.5493122,0.2137832,0.5895591,-0.03379344,0.5606048,0.16775,0.5861397,0.0532069,-0.0608097,0.1129111,0.1388442,0.01601145,-0.07340792,0.1435439,0.1620184,0.009020316,-0.05432284,0.0771137,0.09475684,0.05330235,-0.06078592,0.1128654,0.1388333,0.01606304,-0.07341772,0.143545,0.1620289,0.009028643,-0.05420368,0.07709128,0.09467112,0.02183654,-0.06241097,0.1085233,0.1270798,-0.8954395,-0.1017549,0.418749,0.111729,167.17,-0.9010814,-0.102396,0.4213874,14.09637,0,0,0,0,0,0,0,0,0,1,0,0,0.3611295,False,True,False,0.06876319,0.9946917,0.2760356,1.03457,0.7056342,0.2588915,0.4532522,0.4791848,122.7356,0.8039454,0.2949611,0.5164008,-0.01876319,0.00530827,0.02396443,0.03089545,0.001792578,0.1374024,0.1145771,0.9838646,20.61309,0.01001918,0.7679778,0.6404011,0.02136958,1.101979,-0.03663457,1.102795,0.02764156,0.05559324,-0.0147445,0.9979619,7.317393,0.4331665,0.8711929,-0.2310587,False
1773055721507,12.24832,0.1655819,0.9866613,0.2200788,1.024379,0.1056323,-0.2790515,-0.5837151,0.7551483,81.92336,0.1611343,-0.4256727,-0.8904147,0.04489689,0.9976057,0.2596273,1.031814,0.03509864,1.001694,0.2814097,1.041064,0.08212712,0.9899269,0.2493235,1.02414,-0.01922957,-0.08140449,0.1060111,0.1350364,-0.01811329,-0.07746167,0.1313522,0.1535637,-0.008411518,-0.05666716,0.07420131,0.09374303,-0.01863455,-0.08127131,0.1059834,0.1348509,-0.01839801,-0.0759844,0.1333071,0.1545409,-0.007923998,-0.05846542,0.07731122,0.09725235,-0.01284673,-0.06713399,0.101088,0.1220279,-0.5380151,0.7655908,0.1750032,0.3062424,144.3342,-0.5651695,0.8042313,0.1838359,4.160794,-0.008465311,-0.05035622,0.09626471,0.1089693,0.4583122,0.789597,0.3955252,0.1002341,168.4947,0.4606318,0.7935935,0.3975271,0.9841691,True,False,True,-0.1039042,0.5961311,0.1250988,0.6179143,-0.1033644,-0.2331068,-0.3336932,-0.9075384,310.3347,-0.2461237,-0.5550569,-0.7945659,0.01412335,0.582137,0.1803482,0.609597,0.01150152,0.5492862,0.2138496,0.5895586,-0.0337769,0.5605687,0.1678097,0.5861214,0.05317978,-0.06082461,0.1129197,0.1388474,0.016,-0.07340334,0.1435425,0.1620139,0.009015679,-0.05436601,0.07712617,0.09479131,0.05327689,-0.06079395,0.1128767,0.1388362,0.01604995,-0.07341474,0.1435445,0.1620258,0.009025953,-0.05423738,0.07709853,0.09469606,0.02182348,-0.06242568,0.1085275,0.1270884,-0.895514,-0.1017551,0.4186563,0.1114792,167.1988,-0.9011309,-0.1023933,0.4212822,14.0868,0,0,0,0,0,0,0,0,0,1,0,0,0.3616968,False,True,False,0.06957852,0.9951841,0.2741443,1.034595,0.7064368,0.2589754,0.4522704,0.4788844,122.7749,0.8047096,0.2950016,0.515186,-0.01957852,0.004815936,0.02585569,0.03278762,0.001694026,0.1362109,0.1150918,0.9839703,20.54526,0.009499277,0.7638048,0.6453789,0.02134234,1.101925,-0.03678397,1.102745,0.02763996,0.05556043,-0.01496008,0.9979606,7.319748,0.4330021,0.8703986,-0.2343616,False
1773055721521,12.2621,0.1650008,0.9874821,0.2187635,1.024794,0.104688,-0.2781958,-0.5838291,0.7555073,81.86059,0.1597947,-0.4246354,-0.8911511,0.04420683,0.9988976,0.258309,1.032702,0.03472559,1.002253,0.2797005,1.041129,0.0827985,0.9909969,0.2478269,1.024865,-0.01980577,-0.08161341,0.1059381,0.1351883,-0.01803499,-0.07788966,0.130637,0.1531603,-0.008560842,-0.05577355,0.07321861,0.09243885,-0.0188766,-0.08134194,0.1059741,0.1349197,-0.01832296,-0.07638296,0.1327467,0.1542458,-0.008056361,-0.05789226,0.07642245,0.09621231,-0.01278134,-0.06674862,0.099738,0.1206914,-0.5335196,0.769316,0.178311,0.3028447,144.7429,-0.5598083,0.8072232,0.1870971,4.168171,-0.008403598,-0.04999243,0.09499031,0.1076709,0.4583121,0.789597,0.3955252,0.1002341,168.4947,0.4606318,0.7935935,0.3975271,1.03415,True,False,True,-0.1038838,0.5961384,0.1251298,0.6179242,-0.1035121,-0.2330544,-0.3336041,-0.9075677,310.3427,-0.2465127,-0.5550161,-0.7944738,0.01413993,0.5820806,0.1803772,0.6095521,0.01150668,0.5492469,0.2138821,0.5895338,-0.03373851,0.5605128,0.1678344,0.5860727,0.05316535,-0.06083826,0.1129225,0.13885,0.01599618,-0.07339089,0.1435537,0.1620178,0.009009859,-0.05440787,0.07714456,0.09482972,0.05325388,-0.06080309,0.1128861,0.138839,0.01603886,-0.07340982,0.1435464,0.1620241,0.009022635,-0.05427254,0.07710802,0.09472361,0.02181193,-0.06244079,0.1085339,0.1270992,-0.8955732,-0.1017198,0.418608,0.1112165,167.2291,-0.9011638,-0.1023548,0.4212212,14.07771,0,0,0,0,0,0,0,0,0,1,0,0,0.3621783,False,True,False,0.07033719,0.9957086,0.2722408,1.034649,0.7072092,0.2589883,0.4514715,0.4784912,122.8262,0.8053927,0.2949443,0.5141503,-0.02033719,0.004291415,0.02775916,0.03467836,0.001437565,0.1351548,0.1155385,0.9840641,20.485,0.008084623,0.760088,0.6497692,0.02125545,1.101826,-0.03694105,1.10265,0.02759226,0.05563278,-0.01509222,0.9979559,7.328196,0.4317562,0.8705266,-0.236159,False
1773055721536,12.27613,0.1644497,0.9882962,0.2174989,1.025221,0.1036116,-0.2770608,-0.5839881,0.7559496,81.78317,0.1582751,-0.4232329,-0.8920891,0.04362813,1.000055,0.257176,1.033515,0.03441551,1.002802,0.2781491,1.041232,0.08348758,0.9920599,0.2464868,1.025626,-0.02023463,-0.0817815,0.10586,0.1352923,-0.01795691,-0.07830535,0.1299448,0.1527738,-0.008701457,-0.05487292,0.07230633,0.0911864,-0.01916173,-0.081434,0.1059502,0.1349967,-0.01824615,-0.07679132,0.1321492,0.153926,-0.008192416,-0.05723972,0.07551574,0.09511113,-0.01272298,-0.06629723,0.09833212,0.1192745,-0.5276852,0.7734578,0.1824734,0.3000246,145.0818,-0.5531689,0.8108107,0.1912857,4.186553,-0.008348512,-0.04956629,0.09366322,0.1062982,0.4583121,0.7895969,0.3955252,0.1002341,168.4947,0.4606319,0.7935935,0.3975272,1.06072,True,False,True,-0.1038626,0.5961415,0.1251629,0.6179303,-0.1036599,-0.233001,-0.3335007,-0.9076027,310.3523,-0.246909,-0.5549886,-0.7943704,0.01415749,0.5820175,0.180407,0.6095011,0.01151192,0.5492023,0.2139186,0.5895056,-0.03369924,0.5604494,0.1678629,0.586018,0.05315255,-0.0608525,0.1129241,0.1388527,0.01599372,-0.0733771,0.1435666,0.1620227,0.009003516,-0.05445127,0.07716481,0.0948705,0.05323266,-0.06081343,0.1128941,0.1388419,0.01602941,-0.07340297,0.1435506,0.1620238,0.009018636,-0.05430995,0.0771199,0.09475435,0.02180154,-0.06245665,0.1085425,0.1271126,-0.8956192,-0.101651,0.4186012,0.1109348,167.2616,-0.9011816,-0.1022824,0.421201,14.06885,0,0,0,0,0,0,0,0,0,1,0,0,0.3626364,False,True,False,0.0708952,0.9963993,0.2703158,1.034847,0.7077075,0.2596788,0.4504643,0.4783294,122.8473,0.8058793,0.2957009,0.5129518,-0.02089519,0.003600717,0.02968425,0.03647916,0.001811752,0.1338913,0.1155557,0.9842342,20.37504,0.01024339,0.7570022,0.6533354,0.02112573,1.101793,-0.03707964,1.10262,0.02751047,0.05566234,-0.01533407,0.9979528,7.333645,0.4301563,0.8703415,-0.239765,False
1773055721550,12.28997,0.1639351,0.9890863,0.2163036,1.025648,0.1024151,-0.2756317,-0.5841947,0.7564753,81.69111,0.1565927,-0.4214409,-0.8932337,0.04313875,1.001117,0.2562166,1.034284,0.03417207,1.003325,0.2767878,1.041365,0.0841784,0.9930857,0.2452976,1.02639,-0.02058782,-0.08193261,0.1057764,0.1353716,-0.01787962,-0.07870364,0.129289,0.1524126,-0.008832773,-0.05400059,0.07145561,0.08999992,-0.01945817,-0.08153719,0.1059141,0.1350731,-0.01817009,-0.0771933,0.1315452,0.1536004,-0.008325973,-0.056547,0.07463134,0.09400384,-0.0126728,-0.06580373,0.09694249,0.1178498,-0.521184,0.7776532,0.1871452,0.2976565,145.3662,-0.5459294,0.8145754,0.1960307,4.210434,-0.008348512,-0.04956629,0.09366322,0.1062982,0.4583121,0.7895969,0.3955252,0.1002341,168.4947,0.4606319,0.7935935,0.3975272,1.07468,False,True,False,-0.1038408,0.5961407,0.125198,0.617933,-0.1038078,-0.2329464,-0.3333833,-0.9076428,310.3632,-0.2473125,-0.5549733,-0.7942551,0.01417595,0.5819481,0.1804376,0.6094442,0.01151709,0.5491528,0.213959,0.5894743,-0.03365915,0.5603788,0.1678948,0.5859573,0.05314124,-0.06086734,0.1129246,0.1388553,0.01599246,-0.07336196,0.1435809,0.1620285,0.008996665,-0.05449623,0.07718673,0.09491349,0.05321373,-0.06082459,0.1129004,0.1388446,0.01602176,-0.07339448,0.1435569,0.1620248,0.009014091,-0.05434851,0.07713372,0.09478727,0.02179256,-0.06247279,0.108553,0.127128,-0.8956513,-0.101553,0.4186336,0.1106423,167.2953,-0.9011843,-0.1021803,0.4212198,14.06046,0,0,0,0,0,0,0,0,0,1,0,0,0.3631286,False,True,False,0.0715903,0.9970901,0.2684804,1.035082,0.7083768,0.2604947,0.4492532,0.4780338,122.8859,0.8064936,0.2965757,0.511479,-0.0215903,0.002909899,0.03151959,0.03831571,0.002155635,0.1323087,0.115574,0.9844453,20.2378,0.01226943,0.7530738,0.6578234,0.02098279,1.101826,-0.03720036,1.102653,0.0272252,0.05573175,-0.01530399,0.9979572,7.325737,0.4261556,0.8723681,-0.2395532,False
1773055721563,12.3037,0.1636095,0.9898872,0.2152752,1.026152,0.1002263,-0.2737146,-0.5831344,0.7582805,81.37431,0.1537382,-0.4198538,-0.8944761,0.04292082,1.001827,0.2557019,1.034835,0.03413844,1.003715,0.2762535,1.041597,0.0846087,0.9938291,0.2445317,1.026962,-0.02085191,-0.08207918,0.1056805,0.1354259,-0.01782018,-0.07893761,0.1290363,0.1523124,-0.008912528,-0.05356333,0.0709472,0.08934186,-0.01974651,-0.08164866,0.105866,0.1351445,-0.01809789,-0.07755803,0.131018,0.1533248,-0.008447594,-0.05591239,0.07383382,0.09299995,-0.01263819,-0.06534509,0.09571523,0.1165809,-0.5143898,0.7818127,0.1916855,0.2956834,145.603,-0.5384668,0.818407,0.2006577,4.240898,-0.008348512,-0.04956629,0.09366322,0.1062982,0.4583121,0.7895969,0.3955252,0.1002341,168.4947,0.4606319,0.7935935,0.3975272,1.299759,False,True,False,-0.103823,0.5961305,0.1251877,0.6179181,-0.1040186,-0.232896,-0.3332863,-0.9076673,310.3699,-0.2478459,-0.5549231,-0.794124,0.01419783,0.5818778,0.1804102,0.6093695,0.0115236,0.5490844,0.2139418,0.5894045,-0.03363437,0.5603135,0.1678734,0.5858874,0.05314374,-0.06087566,0.1129228,0.1388584,0.01599069,-0.07334714,0.1435951,0.1620341,0.00899245,-0.05451771,0.07720092,0.09493696,0.05319932,-0.0608351,0.112905,0.1388474,0.01601537,-0.07338475,0.1435648,0.1620267,0.009009641,-0.05438334,0.07714754,0.09481806,0.02178569,-0.06248692,0.1085643,0.1271434,-0.8956693,-0.1014325,0.4186956,0.1103714,167.3266,-0.9011752,-0.1020561,0.4212694,14.05384,0,0,0,0,0,0,0,0,0,1,0,0,0.3624477,False,True,False,0.0715903,0.9970901,0.2684804,1.035082,0.7083768,0.2604947,0.4492532,0.4780338,122.8859,0.8064936,0.2965757,0.511479,-0.0215903,0.002909899,0.03151959,0.03831571,0.002155635,0.1323087,0.115574,0.9844453,20.2378,0.01226943,0.7530738,0.6578234,0.02077655,1.101889,-0.03725565,1.102714,0.02667359,0.05584916,-0.01535742,0.9979647,7.312361,0.4182855,0.8758062,-0.2408294,False
1773055721578,12.3177,0.1632941,0.9906609,0.2142895,1.026642,0.09779364,-0.2714233,-0.5819025,0.7603652,81.00719,0.1505686,-0.4178985,-0.8959298,0.04273945,1.002431,0.2553054,1.035314,0.03418487,1.00399,0.2758093,1.041746,0.08516322,0.9945275,0.2438539,1.027522,-0.02111154,-0.08225963,0.1055504,0.1354741,-0.0177569,-0.07920495,0.1287034,0.1521621,-0.009000004,-0.05305431,0.07037383,0.08859027,-0.02003343,-0.08177629,0.1058001,0.1352122,-0.01802645,-0.0779077,0.130524,0.1530721,-0.008563857,-0.05529531,0.0730742,0.09203667,-0.01261426,-0.06489656,0.09456757,0.115385,-0.5073658,0.7858746,0.196331,0.2939987,145.805,-0.5308251,0.8222116,0.2054089,4.279346,-0.008348512,-0.04956629,0.09366322,0.1062982,0.4583121,0.7895969,0.3955252,0.1002341,168.4947,0.4606319,0.7935935,0.3975272,0.9610337,False,True,False,-0.1038048,0.5961167,0.1251766,0.6178994,-0.1042368,-0.2328452,-0.3331802,-0.9076942,310.3773,-0.2484004,-0.5548792,-0.7939814,0.01422116,0.581803,0.1803794,0.6092895,0.01153051,0.5490103,0.2139238,0.5893291,-0.0336106,0.5602438,0.1678513,0.585813,0.05314926,-0.06088362,0.1129197,0.1388615,0.01598987,-0.0733313,0.1436105,0.1620405,0.008988201,-0.05453747,0.07721548,0.09495974,0.05318886,-0.06084523,0.1129081,0.1388504,0.01601004,-0.07337359,0.1435743,0.1620296,0.009005165,-0.05441555,0.07716173,0.09484766,0.02178069,-0.06249953,0.1085768,0.1271594,-0.8956744,-0.1012883,0.4187876,0.1101138,167.3562,-0.9011544,-0.101908,0.4213499,14.04872,0,0,0,0,0,0,0,0,0,1,0,0,0.3618288,False,True,False,0.0715903,0.9970901,0.2684804,1.035082,0.7083768,0.2604947,0.4492532,0.4780338,122.8859,0.8064936,0.2965757,0.511479,-0.0215903,0.002909899,0.03151959,0.03831571,0.002155635,0.1323087,0.115574,0.9844453,20.2378,0.01226943,0.7530738,0.6578234,0.02058053,1.101928,-0.03732596,1.102753,0.02654787,0.05593929,-0.01552041,0.9979605,7.319855,0.4158875,0.8763209,-0.243136,False
1773055721591,12.3316,0.1626731,0.9919523,0.2136235,1.027651,0.09534928,-0.2684065,-0.5784971,0.7643347,80.30431,0.1478697,-0.4162505,-0.8971457,0.04234347,1.002769,0.255576,1.035691,0.03385018,1.004307,0.2765184,1.042229,0.08562883,0.9953949,0.2436826,1.02836,-0.02117326,-0.08234253,0.1054837,0.1354822,-0.01772168,-0.07920604,0.1290221,0.1524282,-0.009088892,-0.05232918,0.06976878,0.08768485,-0.02027178,-0.08189396,0.1057344,0.1352676,-0.01796297,-0.07818176,0.1302054,0.152933,-0.008673709,-0.05465842,0.07235322,0.09109206,-0.01260813,-0.06444321,0.09360904,0.114344,-0.5020839,0.7886732,0.2007346,0.2925954,145.9732,-0.5250626,0.8247681,0.2099215,4.345583,-0.008348512,-0.04956629,0.09366322,0.1062982,0.4583121,0.7895969,0.3955252,0.1002341,168.4947,0.4606319,0.7935935,0.3975272,0.9528157,False,True,False,-0.1038027,0.596107,0.1252099,0.6178965,-0.1043629,-0.2329018,-0.3331625,-0.9076717,310.3711,-0.2486721,-0.5549498,-0.7938471,0.01423659,0.5817698,0.1803869,0.6092604,0.01153895,0.5489765,0.2139315,0.5893005,-0.03359734,0.560217,0.1678659,0.5857908,0.05314736,-0.06088972,0.1129222,0.1388655,0.01598138,-0.0733241,0.143612,0.1620377,0.008987715,-0.05454327,0.0772201,0.09496679,0.05318024,-0.06085447,0.112911,0.1388535,0.01600409,-0.07336331,0.1435821,0.1620313,0.009001542,-0.05444209,0.07717385,0.0948724,0.02177634,-0.06250976,0.1085874,0.1271727,-0.8956804,-0.1011499,0.4188642,0.1099008,167.3808,-0.901139,-0.1017664,0.4214169,14.04455,0,0,0,0,0,0,0,0,0,1,0,0,0.3606275,False,True,False,0.0715903,0.9970901,0.2684804,1.035082,0.7083768,0.2604947,0.4492532,0.4780338,122.8859,0.8064936,0.2965757,0.511479,-0.0215903,0.002909899,0.03151959,0.03831571,0.002155635,0.1323087,0.115574,0.9844453,20.2378,0.01226943,0.7530738,0.6578234,0.02037332,1.101961,-0.03742515,1.102785,0.02648335,0.05624856,-0.01579961,0.9979405,7.35572,0.4128557,0.876873,-0.2463042,False
1773055721604,12.34555,0.1620563,0.9932424,0.2129201,1.028653,0.09295204,-0.2652417,-0.5749626,0.7683911,79.58075,0.145242,-0.4144527,-0.8984063,0.04195722,1.003094,0.2558068,1.036048,0.03356349,1.004568,0.277191,1.04265,0.08614989,0.9962576,0.2434688,1.029188,-0.0212807,-0.08244068,0.1054061,0.1354983,-0.01768697,-0.07921138,0.1293088,0.1526697,-0.009179599,-0.05156556,0.06913939,0.08673827,-0.02048356,-0.08200801,0.105666,0.1353152,-0.01790529,-0.07839976,0.1300147,0.1528756,-0.008779899,-0.05399189,0.07165048,0.09014434,-0.01261621,-0.06397858,0.09277862,0.1134033,-0.4980144,0.7905675,0.2049979,0.29148,146.1068,-0.5206214,0.8264547,0.2143036,4.437448,-0.008348512,-0.04956629,0.09366322,0.1062982,0.4583121,0.7895969,0.3955252,0.1002341,168.4947,0.4606319,0.7935935,0.3975272,0.9544141,False,True,False,-0.1038013,0.5960946,0.1252453,0.6178915,-0.1044835,-0.2329718,-0.3331484,-0.907645,310.3638,-0.2489251,-0.5550402,-0.7937047,0.0142532,0.5817378,0.1803939,0.6092322,0.01154897,0.5489426,0.2139389,0.5892718,-0.03358527,0.5601919,0.1678817,0.5857707,0.05314684,-0.06089526,0.1129245,0.1388696,0.0159726,-0.07331731,0.1436127,0.1620344,0.008987652,-0.05454577,0.07722376,0.0949712,0.05317328,-0.06086297,0.1129138,0.1388569,0.01599753,-0.07335373,0.1435885,0.1620319,0.008998649,-0.05446371,0.07718425,0.09489299,0.02177257,-0.06251792,0.1085965,0.1271839,-0.8956872,-0.1010153,0.418928,0.1097264,167.4009,-0.9011284,-0.101629,0.4214729,14.04124,0,0,0,0,0,0,0,0,0,1,0,0,0.3595444,False,True,False,0.0715903,0.9970901,0.2684804,1.035082,0.7083768,0.2604947,0.4492532,0.4780338,122.8859,0.8064936,0.2965757,0.511479,-0.0215903,0.002909899,0.03151959,0.03831571,0.002155635,0.1323087,0.115574,0.9844453,20.2378,0.01226943,0.7530738,0.6578234,0.02020776,1.101958,-0.03764157,1.102786,0.02645496,0.05669667,-0.01552243,0.9979202,7.391939,0.4103969,0.8795375,-0.2408,False
1773055721620,12.35958,0.1614581,0.9944999,0.2122025,1.029625,0.09076233,-0.2621654,-0.5715583,0.7722387,78.8893,0.142858,-0.4126429,-0.8996208,0.04157274,1.003453,0.2559427,1.036414,0.03331657,1.004786,0.2776701,1.042979,0.08668949,0.9971251,0.2431929,1.030008,-0.02143584,-0.08255393,0.1053166,0.1355221,-0.01764673,-0.07926814,0.1294644,0.1528263,-0.009268895,-0.05079181,0.06850871,0.08578557,-0.02068435,-0.08212242,0.1055929,0.135358,-0.01785103,-0.07858431,0.1298973,0.1528642,-0.008882962,-0.05329911,0.07096121,0.08919191,-0.01263354,-0.06350214,0.09202497,0.1125199,-0.4945793,0.7919344,0.2092075,0.290626,146.2091,-0.51689,0.827659,0.2186449,4.547565,-0.008348512,-0.04956629,0.09366322,0.1062982,0.4583121,0.7895969,0.3955252,0.1002341,168.4947,0.4606319,0.7935935,0.3975272,0.9568954,False,True,False,-0.1038006,0.5960795,0.1252827,0.6178843,-0.1045986,-0.2330545,-0.3331382,-0.9076143,310.3554,-0.24916,-0.5551493,-0.7935545,0.01427086,0.5817067,0.1804001,0.6092048,0.01156033,0.5489088,0.2139457,0.5892429,-0.03357434,0.5601684,0.1678986,0.5857524,0.05314755,-0.06090035,0.1129266,0.1388738,0.01596356,-0.07331081,0.1436124,0.1620303,0.008988118,-0.05454506,0.07722633,0.09497292,0.05316789,-0.0608708,0.1129165,0.1388604,0.01599042,-0.07334475,0.1435935,0.1620316,0.008996447,-0.05448074,0.07719305,0.09490971,0.02176938,-0.06252415,0.1086043,0.127193,-0.8956943,-0.1008838,0.4189806,0.109588,167.4169,-0.9011216,-0.1014951,0.4215194,14.03873,0,0,0,0,0,0,0,0,0,1,0,0,0.358557,False,True,False,0.0715903,0.9970901,0.2684804,1.035082,0.7083768,0.2604947,0.4492532,0.4780338,122.8859,0.8064936,0.2965757,0.511479,-0.0215903,0.002909899,0.03151959,0.03831571,0.002155635,0.1323087,0.115574,0.9844453,20.2378,0.01226943,0.7530738,0.6578234,0.02004595,1.101958,-0.03782861,1.10279,0.02649657,0.05698971,-0.01537903,0.9979046,7.419542,0.409515,0.8807984,-0.237689,False
1773055721632,12.37322,0.1607086,0.9957013,0.2122654,1.030682,0.08851279,-0.2592982,-0.5641772,0.7788671,77.68607,0.1411262,-0.4134292,-0.8995332,0.04106469,1.00261,0.2569853,1.035836,0.03295372,1.003972,0.278892,1.04251,0.08658737,0.9972084,0.2437642,1.030215,-0.02138119,-0.08263271,0.1052469,0.1355073,-0.01762625,-0.07929837,0.1295214,0.1528879,-0.009307167,-0.0504837,0.06816339,0.08533156,-0.02082804,-0.08222703,0.1055221,0.1353883,-0.0178049,-0.07873262,0.129819,0.1528686,-0.008970372,-0.052703,0.07036148,0.08836748,-0.01265008,-0.0630926,0.09139752,0.1117775,-0.4925542,0.7925504,0.2126285,0.2899025,146.2958,-0.5146554,0.8281127,0.2221693,4.647007,-0.008348512,-0.04956629,0.09366322,0.1062982,0.4583121,0.7895969,0.3955252,0.1002341,168.4947,0.4606319,0.7935935,0.3975272,0.8658063,False,True,False,-0.1037904,0.5961109,0.1252966,0.6179158,-0.1046734,-0.2331684,-0.3331565,-0.9075696,310.3433,-0.2492809,-0.5552933,-0.7934159,0.01429521,0.5817338,0.1803898,0.6092283,0.01158416,0.5489335,0.2139248,0.5892588,-0.0335575,0.5602089,0.1678869,0.5857868,0.05313862,-0.06090096,0.1129345,0.138877,0.01595013,-0.07330769,0.1436061,0.162022,0.008990592,-0.05453539,0.07721911,0.09496173,0.0531619,-0.06087697,0.1129202,0.1388638,0.01598217,-0.07333717,0.1435961,0.1620296,0.008995249,-0.05449193,0.07719839,0.09492036,0.02176549,-0.06252779,0.1086091,0.1271982,-0.8957146,-0.1007757,0.4189883,0.1094926,167.4279,-0.9011326,-0.1013852,0.4215226,14.03655,0,0,0,0,0,0,0,0,0,1,0,0,0.3572976,False,True,False,0.0715903,0.9970901,0.2684804,1.035082,0.7083768,0.2604947,0.4492532,0.4780338,122.8859,0.8064936,0.2965757,0.511479,-0.0215903,0.002909899,0.03151959,0.03831571,0.002155635,0.1323087,0.115574,0.9844453,20.2378,0.01226943,0.7530738,0.6578234,0.01989501,1.101951,-0.0380473,1.102787,0.02651097,0.05747573,-0.01542284,0.9978757,7.470565,0.4069428,0.8822512,-0.2367403,False
1773055721648,12.38756,0.1599881,0.996878,0.2122568,1.031705,0.08643423,-0.2564712,-0.557159,0.7850641,76.54678,0.1395418,-0.4140541,-0.8994929,0.04060668,1.001813,0.2578763,1.035267,0.03264965,1.003211,0.2799339,1.042047,0.08661058,0.9973638,0.2441972,1.03047,-0.02131112,-0.08275371,0.10514,0.1354871,-0.01760088,-0.07936528,0.1295123,0.152912,-0.009352439,-0.05010562,0.06774569,0.08477925,-0.02093166,-0.08233941,0.1054407,0.1354092,-0.01776134,-0.07886925,0.1297526,0.1528776,-0.009052264,-0.05213116,0.06977909,0.08757124,-0.01266559,-0.06270131,0.09080636,0.111075,-0.4916885,0.7924669,0.2157509,0.2892926,146.3688,-0.5136518,0.8278658,0.2253883,4.745866,-0.008348512,-0.04956629,0.09366322,0.1062982,0.4583121,0.7895969,0.3955252,0.1002341,168.4947,0.4606319,0.7935935,0.3975272,0.8021951,False,True,False,-0.1037803,0.5961426,0.1253109,0.6179476,-0.1047392,-0.2332964,-0.333181,-0.9075203,310.3298,-0.2493741,-0.5554567,-0.7932724,0.01432057,0.5817655,0.1803786,0.6092558,0.01161002,0.5489619,0.2139016,0.5892774,-0.03354155,0.5602552,0.1678743,0.5858265,0.05312952,-0.06090064,0.1129428,0.1388802,0.01593594,-0.07330532,0.1435983,0.1620127,0.008993706,-0.05452203,0.0772099,0.09494687,0.05315501,-0.06088201,0.112925,0.1388673,0.01597233,-0.07333039,0.1435965,0.162026,0.00899492,-0.05449834,0.07720084,0.09492601,0.02176072,-0.06252925,0.1086114,0.1272001,-0.8957481,-0.1006821,0.418955,0.1094317,167.4349,-0.9011602,-0.1012904,0.4214863,14.03456,0,0,0,0,0,0,0,0,0,1,0,0,0.3570854,False,True,False,0.0715903,0.9970901,0.2684804,1.035082,0.7083768,0.2604947,0.4492532,0.4780338,122.8859,0.8064936,0.2965757,0.511479,-0.0215903,0.002909899,0.03151959,0.03831571,0.002155635,0.1323087,0.115574,0.9844453,20.2378,0.01226943,0.7530738,0.6578234,0.01975805,1.101935,-0.03828039,1.102777,0.02659074,0.05810313,-0.01548726,0.9978362,7.539652,0.4044329,0.8837219,-0.2355541,False
1773055721660,12.40107,0.1588982,0.9984359,0.2120786,1.033005,0.08256187,-0.2557727,-0.5491779,0.7913074,75.38427,0.1350333,-0.4183268,-0.8982031,0.03976567,1.001667,0.2584551,1.035237,0.03192133,1.003228,0.2806497,1.042233,0.08598499,0.998019,0.2444472,1.031111,-0.02125348,-0.08282535,0.1050758,0.1354721,-0.01758574,-0.07938576,0.1295568,0.1529586,-0.009370437,-0.04992647,0.06754015,0.08451112,-0.02099747,-0.08243831,0.1053666,0.1354219,-0.01772559,-0.07897557,0.1297122,0.152894,-0.009117285,-0.05166833,0.0693041,0.0869241,-0.01267865,-0.06238758,0.0903416,0.1105195,-0.4915556,0.7920382,0.2181836,0.2888676,146.4197,-0.5134441,0.827307,0.2278992,4.830195,-0.008348512,-0.04956629,0.09366322,0.1062982,0.4583121,0.7895969,0.3955252,0.1002341,168.4947,0.4606319,0.7935935,0.3975272,0.7052709,False,True,False,-0.1037678,0.5960028,0.1253225,0.6178129,-0.1046901,-0.2333666,-0.333124,-0.9075288,310.3321,-0.2492682,-0.555648,-0.7931714,0.0143356,0.581615,0.1803884,0.6091154,0.01161579,0.5488211,0.2139069,0.5891483,-0.03353945,0.5601337,0.1678825,0.5857126,0.05311728,-0.06090545,0.1129494,0.138883,0.01592289,-0.07330464,0.14359,0.1620037,0.008997186,-0.05450248,0.07720093,0.09492867,0.05314735,-0.06088677,0.1129299,0.1388705,0.01596229,-0.07332516,0.1435952,0.1620215,0.00899538,-0.05449918,0.07720086,0.09492655,0.02175537,-0.0625287,0.1086113,0.1271988,-0.8957902,-0.1005959,0.4188885,0.10942,167.4362,-0.9012014,-0.1012036,0.4214189,14.03263,0,0,0,0,0,0,0,0,0,1,0,0,0.3571118,False,True,False,0.0715903,0.9970901,0.2684804,1.035082,0.7083768,0.2604947,0.4492532,0.4780338,122.8859,0.8064936,0.2965757,0.511479,-0.0215903,0.002909899,0.03151959,0.03831571,0.002155635,0.1323087,0.115574,0.9844453,20.2378,0.01226943,0.7530738,0.6578234,0.01959874,1.101909,-0.03851802,1.102756,0.02635335,0.05853329,-0.01550706,0.997817,7.572926,0.3990628,0.8863561,-0.2348199,False
1773055721675,12.4149,0.1578391,0.9999768,0.2118524,1.034286,0.07914439,-0.254962,-0.5419141,0.7969064,74.32863,0.1310114,-0.4220506,-0.897056,0.038969,1.00164,0.2589394,1.035303,0.03121959,1.003355,0.2812808,1.042504,0.08546119,0.9987602,0.2445672,1.031813,-0.02119427,-0.08289962,0.1050093,0.1354566,-0.01756994,-0.07940622,0.1296162,0.1530177,-0.009396122,-0.04969679,0.06725727,0.08415223,-0.02103846,-0.08253401,0.1052926,0.135429,-0.01769331,-0.07906582,0.129692,0.1529199,-0.009175332,-0.05124696,0.06886237,0.08632766,-0.0126907,-0.06210427,0.08992887,0.1100236,-0.492047,0.7912858,0.220266,0.2885125,146.4622,-0.5139,0.8264288,0.2300486,4.911318,-0.008348512,-0.04956629,0.09366322,0.1062982,0.4583121,0.7895969,0.3955252,0.1002341,168.4947,0.4606319,0.7935935,0.3975272,0.6468355,False,True,False,-0.1037551,0.5958531,0.1253343,0.6176688,-0.1046199,-0.2334411,-0.3330624,-0.9075403,310.3352,-0.2491159,-0.5558587,-0.7930718,0.01435014,0.5814569,0.1804002,0.6089682,0.01162066,0.5486734,0.2139142,0.5890134,-0.03353991,0.5600073,0.1678926,0.5855947,0.05310454,-0.06091021,0.1129563,0.1388858,0.01590928,-0.07330483,0.1435805,0.161994,0.0090012,-0.05447911,0.07719038,0.09490706,0.05313849,-0.06089162,0.1129354,0.1388737,0.01595132,-0.07332096,0.1435922,0.1620158,0.008996584,-0.05449503,0.07719869,0.09492252,0.02174912,-0.06252629,0.1086091,0.1271948,-0.8958432,-0.1005101,0.4187875,0.1094522,167.4325,-0.9012579,-0.1011176,0.4213187,14.03063,0,0,0,0,0,0,0,0,0,1,0,0,0.3572017,False,True,False,0.0715903,0.9970901,0.2684804,1.035082,0.7083768,0.2604947,0.4492532,0.4780338,122.8859,0.8064936,0.2965757,0.511479,-0.0215903,0.002909899,0.03151959,0.03831571,0.002155635,0.1323087,0.115574,0.9844453,20.2378,0.01226943,0.7530738,0.6578234,0.01940807,1.101915,-0.03873958,1.102766,0.02561714,0.05874342,-0.01523329,0.9978281,7.553767,0.3888963,0.8917896,-0.231258,False
1773055721689,12.4288,0.1572245,1.000714,0.211274,1.034787,0.07519691,-0.2532755,-0.5367909,0.8012818,73.49464,0.125687,-0.4233344,-0.8972129,0.03873149,1.001356,0.2592885,1.035106,0.03113961,1.003211,0.2817562,1.042492,0.08547691,0.9990298,0.2444434,1.032046,-0.0211543,-0.08296037,0.1049498,0.1354415,-0.01755663,-0.07942187,0.1296395,0.153044,-0.009425251,-0.04943513,0.06694857,0.08375427,-0.02106267,-0.0826228,0.1052214,0.1354315,-0.01766485,-0.07914067,0.129681,0.1529459,-0.009227541,-0.0508586,0.06844843,0.08577257,-0.01270148,-0.06184191,0.08955149,0.1095683,-0.4929292,0.7903517,0.2220528,0.2881972,146.4999,-0.5147704,0.8253713,0.2318917,4.988006,-0.008348512,-0.04956629,0.09366322,0.1062982,0.4583121,0.7895969,0.3955252,0.1002341,168.4947,0.4606319,0.7935935,0.3975272,0.6102861,False,True,False,-0.1037484,0.5958529,0.1253066,0.6176618,-0.1045363,-0.2334262,-0.3331342,-0.9075274,310.3317,-0.2489,-0.555786,-0.7931901,0.01435981,0.5815009,0.1803859,0.6090062,0.01161888,0.5486972,0.2139034,0.5890316,-0.0335511,0.5600473,0.167866,0.5856258,0.05312027,-0.06089879,0.1129595,0.1388894,0.01589887,-0.07330362,0.1435774,0.1619897,0.009006417,-0.05445175,0.07717049,0.09487567,0.0531347,-0.06089311,0.1129404,0.1388769,0.01594043,-0.07331736,0.1435891,0.1620104,0.008998625,-0.05448604,0.07719284,0.09491279,0.02174488,-0.06252126,0.1086054,0.1271884,-0.8958922,-0.1004516,0.4186828,0.1095057,167.4263,-0.9013125,-0.1010594,0.4212159,14.03127,0,0,0,0,0,0,0,0,0,1,0,0,0.3571409,False,True,False,0.0715903,0.9970901,0.2684804,1.035082,0.7083768,0.2604947,0.4492532,0.4780338,122.8859,0.8064936,0.2965757,0.511479,-0.0215903,0.002909899,0.03151959,0.03831571,0.002155635,0.1323087,0.115574,0.9844453,20.2378,0.01226943,0.7530738,0.6578234,0.01921144,1.101989,-0.03892094,1.102843,0.02511957,0.0587679,-0.01510538,0.9978413,7.530817,0.3825031,0.8948761,-0.230014,False
1773055721702,12.44268,0.156654,1.001423,0.2107357,1.035277,0.07165556,-0.2516663,-0.5319681,0.8053195,72.71774,0.1208681,-0.4245089,-0.8973201,0.03852373,1.001096,0.2596008,1.034925,0.03107421,1.003081,0.2821907,1.042482,0.08558238,0.9993244,0.2442836,1.032302,-0.02111586,-0.08302122,0.1048894,0.135426,-0.01754344,-0.07943754,0.1296639,0.1530713,-0.00945871,-0.04911839,0.06659167,0.08328586,-0.02107377,-0.08270572,0.1051524,0.1354303,-0.0176396,-0.07920299,0.1296774,0.1529722,-0.009275781,-0.0504862,0.06804772,0.08523726,-0.01271117,-0.06158811,0.08919333,0.1091335,-0.4941459,0.7892526,0.2236297,0.2879061,146.5347,-0.5159938,0.8241482,0.2335172,5.062564,-0.008348512,-0.04956629,0.09366322,0.1062982,0.4583121,0.7895969,0.3955252,0.1002341,168.4947,0.4606319,0.7935935,0.3975272,0.5949118,False,True,False,-0.1037419,0.5958542,0.1252764,0.6176559,-0.1044338,-0.2334031,-0.3332197,-0.9075138,310.328,-0.2486386,-0.5556923,-0.7933381,0.01436899,0.5815554,0.1803723,0.6090545,0.01161596,0.5487282,0.2138944,0.5890571,-0.03356537,0.560095,0.1678386,0.5856645,0.05313971,-0.06088507,0.1129624,0.1388932,0.01588858,-0.07330277,0.1435743,0.1619856,0.009012293,-0.0544208,0.07714804,0.09484021,0.05313574,-0.06089144,0.112945,0.1388803,0.01592967,-0.07331433,0.143586,0.1620052,0.00900146,-0.0544725,0.07718354,0.09489773,0.02174257,-0.06251378,0.1086003,0.1271799,-0.8959372,-0.1004187,0.418575,0.1095792,167.4179,-0.9013652,-0.1010271,0.4211109,14.0344,0,0,0,0,0,0,0,0,0,1,0,0,0.3580772,False,True,False,0.0715903,0.9970901,0.2684804,1.035082,0.7083768,0.2604947,0.4492532,0.4780338,122.8859,0.8064936,0.2965757,0.511479,-0.0215903,0.002909899,0.03151959,0.03831571,0.002155635,0.1323087,0.115574,0.9844453,20.2378,0.01226943,0.7530738,0.6578234,0.01901531,1.102067,-0.03908286,1.102923,0.02446684,0.05882502,-0.01489791,0.9978573,7.502891,0.3739488,0.8990758,-0.2276982,False
1773055721716,12.45643,0.156084,1.002152,0.2101969,1.035787,0.06834085,-0.2500841,-0.5272757,0.8091773,71.96875,0.1163121,-0.4256283,-0.8973919,0.03831528,1.000878,0.2598731,1.034775,0.03099979,1.002988,0.2825837,1.042497,0.08572917,0.9996741,0.2440845,1.032606,-0.02107883,-0.08308227,0.104828,0.1354101,-0.01753037,-0.07945323,0.1296897,0.1530998,-0.009494026,-0.04875392,0.06620693,0.08276737,-0.02107482,-0.08278352,0.1050855,0.135426,-0.01761705,-0.0792551,0.12968,0.1529988,-0.009320977,-0.05011849,0.06765388,0.08471004,-0.01271987,-0.06133503,0.08884602,0.1087079,-0.4956307,0.7880067,0.2250673,0.2876462,146.5658,-0.517502,0.8227801,0.2349991,5.136473,-0.008348512,-0.04956629,0.09366322,0.1062982,0.4583121,0.7895969,0.3955252,0.1002341,168.4947,0.4606319,0.7935935,0.3975272,0.5923855,False,True,False,-0.1037357,0.5958569,0.125244,0.6176509,-0.104313,-0.2333722,-0.3333184,-0.9074993,310.3241,-0.2483327,-0.5555775,-0.7935144,0.01437765,0.5816202,0.1803595,0.6091127,0.01161186,0.5487658,0.2138872,0.5890895,-0.03358268,0.5601502,0.1678108,0.5857102,0.05316276,-0.06086898,0.1129651,0.1388972,0.01587835,-0.07330234,0.143571,0.1619815,0.009018702,-0.05438634,0.07712317,0.09480081,0.05314131,-0.06088682,0.1129491,0.1388838,0.01591909,-0.07331186,0.143583,0.1620003,0.00900501,-0.05445476,0.07717112,0.09487777,0.02174208,-0.06250402,0.1085938,0.1271695,-0.8959781,-0.1004102,0.4184653,0.1096713,167.4073,-0.9014155,-0.1010196,0.4210049,14.03985,0,0,0,0,0,0,0,0,0,1,0,0,0.3591674,False,True,False,0.0715903,0.9970901,0.2684804,1.035082,0.7083768,0.2604947,0.4492532,0.4780338,122.8859,0.8064936,0.2965757,0.511479,-0.0215903,0.002909899,0.03151959,0.03831571,0.002155635,0.1323087,0.115574,0.9844453,20.2378,0.01226943,0.7530738,0.6578234,0.01874859,1.102143,-0.03930868,1.103003,0.02439229,0.05877673,-0.01491659,0.9978616,7.495267,0.3731889,0.8992522,-0.2282157,False
1773055721730,12.47028,0.1552411,1.0025,0.2096371,1.035883,0.06562298,-0.2484399,-0.5239722,0.8120495,71.40668,0.1124473,-0.4257108,-0.8978453,0.03780421,1.000585,0.2600466,1.034516,0.03061401,1.002758,0.2828318,1.042332,0.08553079,0.9998135,0.2439022,1.032681,-0.02107074,-0.08311483,0.1047899,0.1353993,-0.01752027,-0.07947314,0.1296911,0.1531102,-0.009517367,-0.04837506,0.06594301,0.08233594,-0.02107397,-0.08285234,0.1050242,0.1354204,-0.01759697,-0.07930071,0.1296823,0.1530221,-0.009361854,-0.04974671,0.06728639,0.08420117,-0.01272704,-0.06107682,0.08851682,0.108294,-0.4970743,0.7867371,0.2265022,0.2875042,146.5828,-0.5189862,0.8214179,0.2364868,5.208138,-0.008348512,-0.04956629,0.09366322,0.1062982,0.4583121,0.7895969,0.3955252,0.1002341,168.4947,0.4606319,0.7935935,0.3975272,0.5776837,False,True,False,-0.1036868,0.5958498,0.1252284,0.6176326,-0.1043298,-0.2334053,-0.3333027,-0.9074947,310.3228,-0.2483666,-0.5556427,-0.7934578,0.0144354,0.5816349,0.1803368,0.6091214,0.01166373,0.548759,0.2138855,0.5890836,-0.03354909,0.5601655,0.1677873,0.5857162,0.05318289,-0.06085113,0.1129686,0.1388999,0.01587044,-0.07328963,0.1435905,0.1619922,0.009023986,-0.05435726,0.0771109,0.09477466,0.05314992,-0.06087943,0.1129531,0.1388871,0.01590902,-0.07330725,0.1435845,0.1619987,0.009008938,-0.05443457,0.07715865,0.09485643,0.02174275,-0.06249217,0.1085899,0.1271605,-0.8960134,-0.1003949,0.4183709,0.1097572,167.3974,-0.9014598,-0.1010052,0.4209139,14.0472,0,0,0,0,0,0,0,0,0,1,0,0,0.3595589,False,True,False,0.0715903,0.9970901,0.2684804,1.035082,0.7083768,0.2604947,0.4492532,0.4780338,122.8859,0.8064936,0.2965757,0.511479,-0.0215903,0.002909899,0.03151959,0.03831571,0.002155635,0.1323087,0.115574,0.9844453,20.2378,0.01226943,0.7530738,0.6578234,0.01860235,1.10209,-0.03957473,1.102957,0.02431003,0.0585616,-0.01499099,0.9978752,7.471508,0.3731112,0.8988056,-0.2300822,False
1773055721743,12.48423,0.1543784,1.002906,0.209052,1.036029,0.06297944,-0.2468209,-0.5206148,0.814907,70.84367,0.1086617,-0.425853,-0.8982439,0.03727636,1.000344,0.2601814,1.034298,0.03020859,1.002575,0.2830359,1.042198,0.08534261,1.000018,0.2436629,1.032808,-0.02106763,-0.08314385,0.1047537,0.1353887,-0.0175106,-0.07949349,0.1296904,0.1531191,-0.00954321,-0.04797028,0.06565011,0.0818667,-0.02107264,-0.08291326,0.1049677,0.1354138,-0.01757894,-0.07934125,0.129684,0.1530425,-0.009399814,-0.04936591,0.06693334,0.0836984,-0.01273303,-0.06080922,0.0881951,0.1078808,-0.4984667,0.7854656,0.2279391,0.2874343,146.5912,-0.5204286,0.8200724,0.2379818,5.278598,-0.008348512,-0.04956629,0.09366322,0.1062982,0.4583121,0.7895969,0.3955252,0.1002341,168.4947,0.4606319,0.7935935,0.3975272,0.5722623,False,True,False,-0.1036357,0.5958432,0.1252119,0.6176143,-0.1043476,-0.2334393,-0.3332846,-0.9074906,310.3217,-0.2484037,-0.5557118,-0.7933977,0.01449571,0.5816526,0.1803126,0.6091326,0.01171856,0.5487532,0.2138849,0.5890791,-0.03351451,0.5601829,0.1677631,0.5857239,0.05320551,-0.06083113,0.1129719,0.1389025,0.0158629,-0.07327571,0.1436126,0.1620047,0.00902961,-0.054326,0.07709825,0.09474697,0.0531615,-0.06086937,0.1129571,0.1388903,0.01589941,-0.07330068,0.1435904,0.1619999,0.009013242,-0.05441196,0.07714608,0.09483363,0.02174456,-0.0624783,0.1085886,0.1271529,-0.8960432,-0.1003741,0.4182909,0.1098382,167.388,-0.9014977,-0.1009851,0.4208372,14.05639,0,0,0,0,0,0,0,0,0,1,0,0,0.3599615,False,True,False,0.0715903,0.9970901,0.2684804,1.035082,0.7083768,0.2604947,0.4492532,0.4780338,122.8859,0.8064936,0.2965757,0.511479,-0.0215903,0.002909899,0.03151959,0.03831571,0.002155635,0.1323087,0.115574,0.9844453,20.2378,0.01226943,0.7530738,0.6578234,0.01836672,1.102097,-0.03980279,1.102969,0.02430697,0.05846671,-0.01537645,0.997875,7.471823,0.3730485,0.8973116,-0.2359884,False
1773055721759,12.49859,0.1535754,1.003105,0.2088221,1.036056,0.06048846,-0.2456646,-0.5156335,0.8186039,70.10947,0.1053148,-0.4277197,-0.8977552,0.03679341,0.9995577,0.2606026,1.033626,0.02983057,1.001833,0.2834828,1.041595,0.08506452,0.999783,0.2438138,1.032592,-0.02107053,-0.08316495,0.1047267,0.1353811,-0.01750334,-0.07952082,0.1296607,0.1531072,-0.009550984,-0.04767278,0.06549803,0.08157149,-0.02107219,-0.08296707,0.1049163,0.1354068,-0.0175628,-0.07937986,0.129679,0.1530564,-0.009432178,-0.04899491,0.06661703,0.08323038,-0.01273678,-0.06054707,0.08789698,0.1074898,-0.499671,0.7842651,0.2293699,0.2874833,146.5853,-0.5216939,0.8188315,0.2394794,5.344035,-0.008348512,-0.04956629,0.09366322,0.1062982,0.4583121,0.7895969,0.3955252,0.1002341,168.4947,0.4606319,0.7935935,0.3975272,0.5408911,False,True,False,-0.1036512,0.5958902,0.1251457,0.6176488,-0.1045738,-0.2334051,-0.3332156,-0.9074987,310.3239,-0.2489525,-0.5556536,-0.7932666,0.01448466,0.5816877,0.1802391,0.6091441,0.01169688,0.5487335,0.2137966,0.5890283,-0.03354742,0.5602132,0.1676713,0.5857285,0.05323026,-0.06079771,0.1129811,0.1389049,0.01585508,-0.07327311,0.1436184,0.162008,0.009034093,-0.05430599,0.07708681,0.09472661,0.05317615,-0.0608541,0.1129622,0.1388934,0.01588996,-0.0732948,0.1435964,0.1620016,0.009017684,-0.05438939,0.07713345,0.09481083,0.02174796,-0.06246348,0.1085879,0.1271456,-0.8960642,-0.1004194,0.4182192,0.1098982,167.3811,-0.9015249,-0.1010314,0.4207679,14.06686,0,0,0,0,0,0,0,0,0,1,0,0,0.3598143,False,True,False,0.0715903,0.9970901,0.2684804,1.035082,0.7083768,0.2604947,0.4492532,0.4780338,122.8859,0.8064936,0.2965757,0.511479,-0.0215903,0.002909899,0.03151959,0.03831571,0.002155635,0.1323087,0.115574,0.9844453,20.2378,0.01226943,0.7530738,0.6578234,0.0180824,1.102092,-0.04000993,1.102966,0.02407957,0.05847837,-0.01535797,0.99788,7.462802,0.370003,0.8985698,-0.2359883,False
1773055721772,12.51205,0.1527811,1.003342,0.2085742,1.036118,0.05788022,-0.2444067,-0.5104287,0.8224219,69.34405,0.1017445,-0.4296293,-0.8972551,0.03635238,0.9987811,0.26105,1.032973,0.02950167,1.001096,0.2839494,1.041005,0.08484755,0.9995817,0.2439436,1.03241,-0.02107823,-0.08318215,0.1047025,0.1353742,-0.01749685,-0.07954951,0.1296251,0.1530913,-0.009562154,-0.04734991,0.06530984,0.08123314,-0.02107342,-0.08301076,0.1048729,0.1354001,-0.01754942,-0.07941451,0.129668,0.1530635,-0.00945862,-0.04865239,0.06634348,0.08281291,-0.01273854,-0.06030232,0.08762945,0.1071334,-0.5006349,0.7832234,0.2306941,0.2875867,146.5729,-0.5227173,0.8177704,0.2408697,5.401208,-0.008348512,-0.04956629,0.09366322,0.1062982,0.4583121,0.7895969,0.3955252,0.1002341,168.4947,0.4606319,0.7935935,0.3975272,0.5281872,False,True,False,-0.1036689,0.5959411,0.1250756,0.6176867,-0.104827,-0.2333631,-0.3331381,-0.9075086,310.3266,-0.2495683,-0.5555823,-0.7931231,0.01447105,0.5817243,0.1801615,0.6091557,0.01167224,0.5487096,0.2137012,0.5889709,-0.03358369,0.5602435,0.1675735,0.5857316,0.05325741,-0.06076067,0.112991,0.1389071,0.01584758,-0.07327104,0.1436242,0.1620114,0.009038754,-0.05428564,0.07707518,0.09470592,0.0531926,-0.06083519,0.112968,0.1388962,0.01588138,-0.07328999,0.143602,0.1620036,0.00902195,-0.05436838,0.07712165,0.09478958,0.02175261,-0.06244883,0.1085878,0.127139,-0.8960756,-0.1005216,0.4181603,0.1099355,167.3768,-0.9015401,-0.1011346,0.4207104,14.07775,0,0,0,0,0,0,0,0,0,1,0,0,0.3600499,False,True,False,0.0715903,0.9970901,0.2684804,1.035082,0.7083768,0.2604947,0.4492532,0.4780338,122.8859,0.8064936,0.2965757,0.511479,-0.0215903,0.002909899,0.03151959,0.03831571,0.002155635,0.1323087,0.115574,0.9844453,20.2378,0.01226943,0.7530738,0.6578234,0.01788455,1.102096,-0.040186,1.102974,0.02400262,0.05832661,-0.01541562,0.9978899,7.44557,0.3696748,0.8983135,-0.2374226,False
1773055721785,12.52595,0.1518322,1.003729,0.2082641,1.036291,0.05398618,-0.2428785,-0.5038912,0.8271573,68.38435,0.09606588,-0.4321909,-0.8966507,0.03589806,0.9980008,0.2616981,1.032366,0.02921033,1.000399,0.2845752,1.040497,0.08448166,0.9994347,0.2441884,1.032296,-0.02107692,-0.08319775,0.1046826,0.1353682,-0.01749345,-0.07958572,0.129544,0.1530411,-0.009567315,-0.04710269,0.06518687,0.0809909,-0.02107415,-0.08304971,0.1048333,0.1353935,-0.01753777,-0.07945035,0.1296421,0.1530588,-0.009481287,-0.04832182,0.06609572,0.08242293,-0.01273799,-0.06006232,0.08737051,0.1067864,-0.5014683,0.7822488,0.2319934,0.287742,146.5544,-0.523613,0.8167926,0.2422381,5.451674,-0.008348512,-0.04956629,0.09366322,0.1062982,0.4583121,0.7895969,0.3955252,0.1002341,168.4947,0.4606319,0.7935935,0.3975272,0.5041903,False,True,False,-0.1036908,0.5960037,0.1250567,0.6177469,-0.1049505,-0.233325,-0.333105,-0.9075164,310.3287,-0.2498721,-0.5555135,-0.7930754,0.01444384,0.5817732,0.1801516,0.6091989,0.01163983,0.5487301,0.2136775,0.5889807,-0.03361847,0.5602974,0.1675376,0.5857749,0.05325907,-0.06074125,0.1130012,0.1389076,0.01583606,-0.07326982,0.1436287,0.1620137,0.009042361,-0.05427491,0.07706319,0.09469036,0.0532064,-0.06081568,0.1129749,0.1388985,0.01587196,-0.0732858,0.1436075,0.1620057,0.009026187,-0.05434898,0.07710951,0.09476898,0.02175587,-0.06243492,0.1085875,0.1271325,-0.8960959,-0.100643,0.4180816,0.1099587,167.3741,-0.9015628,-0.101257,0.4206322,14.08792,0,0,0,0,0,0,0,0,0,1,0,0,0.359706,False,True,False,0.0715903,0.9970901,0.2684804,1.035082,0.7083768,0.2604947,0.4492532,0.4780338,122.8859,0.8064936,0.2965757,0.511479,-0.0215903,0.002909899,0.03151959,0.03831571,0.002155635,0.1323087,0.115574,0.9844453,20.2378,0.01226943,0.7530738,0.6578234,0.0176556,1.10217,-0.04036624,1.103051,0.02406733,0.05830795,-0.01541129,0.9978895,7.446201,0.37064,0.8979499,-0.2373359,False
1773055721799,12.54003,0.150845,1.00416,0.2079249,1.036496,0.050118,-0.2413008,-0.497333,0.8318185,67.428,0.09029494,-0.4347388,-0.8960185,0.03543042,0.9972824,0.262327,1.031815,0.02890711,0.9997575,0.2851673,1.040034,0.08412778,0.9993651,0.244391,1.032248,-0.02107799,-0.08321014,0.1046657,0.1353629,-0.01749117,-0.07962407,0.1294516,0.1529826,-0.009576397,-0.04681602,0.06503785,0.08070545,-0.02107496,-0.08308346,0.1047981,0.135387,-0.01752798,-0.07948706,0.1296018,0.1530427,-0.009501313,-0.04799766,0.06586721,0.08205205,-0.01273558,-0.05982216,0.08711416,0.1064414,-0.5021859,0.7813386,0.2332758,0.2879266,146.5323,-0.5243927,0.8158895,0.2435912,5.496057,-0.008348512,-0.04956629,0.09366322,0.1062982,0.4583121,0.7895969,0.3955252,0.1002341,168.4947,0.4606319,0.7935935,0.3975272,0.4918911,False,True,False,-0.1037148,0.5960703,0.1250383,0.6178116,-0.1050778,-0.2332812,-0.3330711,-0.9075253,310.3311,-0.2501868,-0.5554349,-0.7930312,0.01441292,0.5818238,0.1801442,0.6092442,0.01160427,0.5487525,0.2136544,0.5889925,-0.03365543,0.5603535,0.1675018,0.5858204,0.05325875,-0.06072165,0.1130122,0.1389078,0.01582413,-0.07326922,0.1436331,0.1620162,0.009045881,-0.05426549,0.07705101,0.09467539,0.05321738,-0.06079597,0.1129827,0.1389005,0.01586193,-0.07328232,0.1436129,0.1620079,0.009030317,-0.05433147,0.07709724,0.09474935,0.02175772,-0.06242197,0.1085871,0.1271261,-0.8961245,-0.1007811,0.4179846,0.1099678,167.3731,-0.9015926,-0.1013961,0.4205351,14.0972,0,0,0,0,0,0,0,0,0,1,0,0,0.359448,False,True,False,0.0715903,0.9970901,0.2684804,1.035082,0.7083768,0.2604947,0.4492532,0.4780338,122.8859,0.8064936,0.2965757,0.511479,-0.0215903,0.002909899,0.03151959,0.03831571,0.002155635,0.1323087,0.115574,0.9844453,20.2378,0.01226943,0.7530738,0.6578234,0.01744669,1.102137,-0.04057234,1.103022,0.02399911,0.05837115,-0.01534132,0.9978885,7.447989,0.3695007,0.8987073,-0.2362016,False
1773055721813,12.55374,0.1498466,1.004622,0.2075674,1.036728,0.04638486,-0.2397282,-0.4909476,0.8362711,66.50315,0.08459509,-0.4372079,-0.8953732,0.03495956,0.9966452,0.2629173,1.031334,0.02859741,0.9991885,0.2857057,1.039626,0.08379574,0.9993747,0.2445442,1.032266,-0.02108132,-0.08321936,0.1046515,0.1353582,-0.01748981,-0.07966445,0.1293483,0.152916,-0.009588294,-0.04649526,0.0648655,0.08038207,-0.02107627,-0.08311146,0.1047679,0.1353811,-0.01752013,-0.07952376,0.1295494,0.1530164,-0.009519247,-0.04768101,0.06565551,0.08169909,-0.01273172,-0.05958229,0.08685997,0.1060981,-0.5027906,0.7805052,0.2345242,0.2881175,146.5094,-0.5250555,0.8150682,0.2449096,5.534458,-0.008348512,-0.04956629,0.09366322,0.1062982,0.4583121,0.7895969,0.3955252,0.1002341,168.4947,0.4606319,0.7935935,0.3975272,0.4887778,False,True,False,-0.103741,0.5961406,0.12502,0.6178801,-0.105209,-0.2332319,-0.3330365,-0.9075356,310.334,-0.2505124,-0.5553468,-0.7929907,0.01437835,0.5818759,0.1801389,0.6092916,0.01156566,0.5487764,0.2136316,0.5890058,-0.03369441,0.5604116,0.1674659,0.5858679,0.05325652,-0.06070187,0.1130236,0.1389076,0.01581182,-0.0732692,0.1436373,0.1620187,0.009049358,-0.05425733,0.07703868,0.094661,0.05322542,-0.06077664,0.1129911,0.1389019,0.01585163,-0.07327963,0.1436179,0.1620101,0.009034228,-0.05431624,0.0770852,0.0947312,0.02175821,-0.06241031,0.1085866,0.1271201,-0.8961599,-0.1009308,0.4178739,0.1099638,167.3735,-0.9016275,-0.1015466,0.4204234,14.10538,0,0,0,0,0,0,0,0,0,1,0,0,0.3593044,False,True,False,0.0715903,0.9970901,0.2684804,1.035082,0.7083768,0.2604947,0.4492532,0.4780338,122.8859,0.8064936,0.2965757,0.511479,-0.0215903,0.002909899,0.03151959,0.03831571,0.002155635,0.1323087,0.115574,0.9844453,20.2378,0.01226943,0.7530738,0.6578234,0.01724566,1.102198,-0.04075485,1.103086,0.02355997,0.05835756,-0.01529113,0.9979005,7.426717,0.3637765,0.9010671,-0.236102,False
1773055721827,12.56763,0.1489328,1.004981,0.2074656,1.036923,0.04335037,-0.2371071,-0.4852338,0.8405053,65.61297,0.08001126,-0.4376257,-0.8955902,0.0346497,0.9958886,0.2638702,1.030836,0.02847031,0.9984536,0.2866174,1.039168,0.08350416,0.9992448,0.2450846,1.032245,-0.02108637,-0.083219,0.1046427,0.1353518,-0.01749525,-0.0796956,0.1292517,0.1528511,-0.00959061,-0.0462296,0.06480803,0.08018252,-0.02107837,-0.08313385,0.1047418,0.135375,-0.01751496,-0.07955968,0.1294872,0.1529818,-0.009534116,-0.04737204,0.06547476,0.08137539,-0.01272681,-0.05934543,0.08662233,0.1057699,-0.5032811,0.7797058,0.2357833,0.2883976,146.4759,-0.5256141,0.8143051,0.2462461,5.567232,-0.008348512,-0.04956629,0.09366322,0.1062982,0.4583121,0.7895969,0.3955252,0.1002341,168.4947,0.4606319,0.7935935,0.3975272,0.4737413,False,True,False,-0.1037752,0.5962133,0.1249879,0.6179495,-0.1053042,-0.2332754,-0.3330491,-0.9075086,310.3266,-0.2507042,-0.5553734,-0.7929109,0.01434792,0.5819566,0.1801022,0.6093571,0.01153533,0.5488265,0.2135769,0.5890319,-0.03371657,0.5604693,0.1674093,0.5859083,0.05325834,-0.06068065,0.1130351,0.1389083,0.01579733,-0.07327022,0.1436347,0.1620155,0.00905023,-0.05427055,0.07703429,0.0946651,0.05323225,-0.06075671,0.1130003,0.1389032,0.01584035,-0.07327767,0.1436214,0.1620112,0.00903755,-0.05430675,0.07707463,0.09471747,0.0217584,-0.06240116,0.1085864,0.1271155,-0.8961927,-0.1011135,0.4177715,0.1099165,167.379,-0.9016561,-0.1017299,0.4203183,14.11268,0,0,0,0,0,0,0,0,0,1,0,0,0.3593231,False,True,False,0.0715903,0.9970901,0.2684804,1.035082,0.7083768,0.2604947,0.4492532,0.4780338,122.8859,0.8064936,0.2965757,0.511479,-0.0215903,0.002909899,0.03151959,0.03831571,0.002155635,0.1323087,0.115574,0.9844453,20.2378,0.01226943,0.7530738,0.6578234,0.01699989,1.102368,-0.04088017,1.103257,0.02316551,0.05821059,-0.01536967,0.9979172,7.397235,0.3591099,0.9023762,-0.2382594,False
1773055721841,12.58159,0.1480386,1.005352,0.2073463,1.03713,0.04036973,-0.2346202,-0.4796259,0.8445606,64.75022,0.07539263,-0.4381657,-0.8957269,0.03435961,0.995199,0.2647688,1.03039,0.02835626,0.9977847,0.287461,1.038755,0.08324794,0.9991711,0.2455677,1.032268,-0.02109351,-0.08321488,0.1046368,0.1353459,-0.01750231,-0.0797272,0.1291473,0.1527802,-0.009595032,-0.04594516,0.06473178,0.07995765,-0.02108153,-0.08315077,0.1047199,0.1353689,-0.01751232,-0.07959479,0.1294159,0.1529395,-0.009546845,-0.04706751,0.06531602,0.08107204,-0.01272106,-0.05910837,0.08639397,0.1054492,-0.5036737,0.7789469,0.2370432,0.2887301,146.4361,-0.5260791,0.8135975,0.2475878,5.595073,-0.008348512,-0.04956629,0.09366322,0.1062982,0.4583121,0.7895969,0.3955252,0.1002341,168.4947,0.4606319,0.7935935,0.3975272,0.4656501,False,True,False,-0.1038117,0.5962893,0.1249551,0.6180223,-0.1053981,-0.2333256,-0.3330669,-0.9074783,310.3183,-0.2508887,-0.5554065,-0.7928297,0.01431555,0.5820419,0.1800644,0.6094267,0.01150401,0.5488808,0.2135195,0.5890611,-0.03373775,0.5605284,0.167351,0.5859494,0.05325915,-0.06065914,0.113047,0.1389089,0.01578231,-0.07327194,0.143631,0.1620115,0.009050719,-0.05428765,0.07703076,0.09467208,0.05323785,-0.06073638,0.11301,0.1389044,0.01582826,-0.07327648,0.1436234,0.1620113,0.009040292,-0.05430277,0.07706549,0.09470801,0.02175828,-0.06239445,0.1085865,0.1271123,-0.8962233,-0.1013264,0.4176773,0.1098289,167.3891,-0.901678,-0.1019431,0.4202195,14.11908,0,0,0,0,0,0,0,0,0,1,0,0,0.3593568,False,True,False,0.0715903,0.9970901,0.2684804,1.035082,0.7083768,0.2604947,0.4492532,0.4780338,122.8859,0.8064936,0.2965757,0.511479,-0.0215903,0.002909899,0.03151959,0.03831571,0.002155635,0.1323087,0.115574,0.9844453,20.2378,0.01226943,0.7530738,0.6578234,0.01675525,1.102403,-0.04107084,1.103295,0.02244593,0.05816026,-0.01530392,0.9979376,7.360934,0.3496671,0.9060322,-0.2384075,False
1773055721854,12.59551,0.1473025,1.005593,0.2077062,1.037331,0.03858585,-0.2325481,-0.4774022,0.8464748,64.33941,0.07247138,-0.4367686,-0.89665,0.03403403,0.9950164,0.2658456,1.03048,0.02828881,0.9975005,0.288016,1.038634,0.08304302,0.9993567,0.2463975,1.032629,-0.02108347,-0.08319058,0.1046499,0.1353396,-0.01753015,-0.07982712,0.1285588,0.1523386,-0.009597035,-0.04559338,0.06470531,0.07973479,-0.02108194,-0.08315907,0.1047053,0.1353628,-0.01751603,-0.07964339,0.1292365,0.1528134,-0.009557313,-0.0467536,0.06518595,0.08078644,-0.01270706,-0.05883398,0.08609387,0.1050479,-0.5038648,0.7782592,0.2384375,0.2891029,146.3915,-0.5263406,0.8129749,0.2490735,5.595703,-0.008348512,-0.04956629,0.09366322,0.1062982,0.4583121,0.7895969,0.3955252,0.1002341,168.4947,0.4606319,0.7935935,0.3975272,0.4641904,False,True,False,-0.1038134,0.5963809,0.1249671,0.6181135,-0.1054732,-0.2333981,-0.332974,-0.907485,310.3202,-0.2510761,-0.555598,-0.7926358,0.01431503,0.5821096,0.1800695,0.6094928,0.01150109,0.548944,0.2135281,0.5891231,-0.03371399,0.5605756,0.1673481,0.5859923,0.05324863,-0.06064776,0.113059,0.1389097,0.01576577,-0.0732603,0.1436459,0.1620179,0.009047337,-0.05432484,0.07704495,0.09470463,0.05324009,-0.06071795,0.1130202,0.1389055,0.01581526,-0.07327311,0.1436281,0.1620126,0.009041757,-0.05430736,0.07706122,0.09470731,0.0217568,-0.0623913,0.1085908,0.1271141,-0.8962507,-0.101516,0.4176131,0.1096749,167.4068,-0.9016901,-0.1021321,0.4201476,14.12376,0,0,0,0,0,0,0,0,0,1,0,0,0.3589602,False,True,False,0.0715903,0.9970901,0.2684804,1.035082,0.7083768,0.2604947,0.4492532,0.4780338,122.8859,0.8064936,0.2965757,0.511479,-0.0215903,0.002909899,0.03151959,0.03831571,0.002155635,0.1323087,0.115574,0.9844453,20.2378,0.01226943,0.7530738,0.6578234,0.01656769,1.102444,-0.0412286,1.103339,0.02218129,0.0581471,-0.01532316,0.9979439,7.349541,0.3460806,0.9072323,-0.2390775,False
1773055721869,12.60939,0.1465486,1.005856,0.2080424,1.037547,0.03684886,-0.2306321,-0.4751295,0.8483531,63.93402,0.06960089,-0.4356227,-0.8974344,0.03368094,0.9948614,0.2668672,1.030583,0.02819427,0.9972396,0.2884737,1.038508,0.08279924,0.9995622,0.2471759,1.032994,-0.02107264,-0.08316045,0.1046682,0.1353335,-0.01756093,-0.07992484,0.1279326,0.1518655,-0.009598965,-0.04525566,0.06468051,0.07952222,-0.02108,-0.08315935,0.1046976,0.1353567,-0.01752535,-0.07970212,0.128964,0.1526148,-0.009565978,-0.04643549,0.0650787,0.08051708,-0.01268591,-0.05852774,0.08573145,0.1045768,-0.5038766,0.7776567,0.239916,0.2894802,146.3463,-0.5264156,0.8124422,0.2506477,5.571965,-0.008348512,-0.04956629,0.09366322,0.1062982,0.4583121,0.7895969,0.3955252,0.1002341,168.4947,0.4606319,0.7935935,0.3975272,0.4626428,False,True,False,-0.1038146,0.5964763,0.1249814,0.6182086,-0.1055448,-0.2334788,-0.3328707,-0.9074938,310.3226,-0.251258,-0.5558154,-0.7924259,0.01431471,0.5821776,0.1800764,0.6095598,0.01149871,0.5490111,0.2135406,0.5891901,-0.03368575,0.5606211,0.1673483,0.5860344,0.05323569,-0.06063752,0.1130714,0.1389104,0.01574856,-0.07324717,0.1436626,0.162025,0.009043043,-0.05436797,0.0770624,0.09474316,0.05323918,-0.06070126,0.1130308,0.1389065,0.01580142,-0.07326774,0.1436352,0.1620152,0.009042024,-0.05431994,0.07706147,0.09471475,0.02175403,-0.06239144,0.1085988,0.1271205,-0.8962749,-0.1016845,0.4175767,0.1094591,167.4317,-0.9016929,-0.1022992,0.4201009,14.12685,0,0,0,0,0,0,0,0,0,1,0,0,0.3586992,False,True,False,0.0715903,0.9970901,0.2684804,1.035082,0.7083768,0.2604947,0.4492532,0.4780338,122.8859,0.8064936,0.2965757,0.511479,-0.0215903,0.002909899,0.03151959,0.03831571,0.002155635,0.1323087,0.115574,0.9844453,20.2378,0.01226943,0.7530738,0.6578234,0.01630788,1.102446,-0.04142989,1.103344,0.02208199,0.05816571,-0.01501154,0.9979498,7.339089,0.3450222,0.908816,-0.2345493,False
1773055721883,12.6235,0.1457663,1.006143,0.2083637,1.03778,0.035009,-0.2286757,-0.472641,0.8503484,63.50084,0.06652918,-0.4345628,-0.8981809,0.03332522,0.9947032,0.2679039,1.030688,0.02809034,0.9969835,0.2889603,1.038394,0.08252701,0.9997703,0.2479458,1.033358,-0.02106109,-0.08312453,0.1046914,0.1353275,-0.01759253,-0.08001309,0.1273286,0.1514072,-0.009600792,-0.04493504,0.06465693,0.07932119,-0.02107602,-0.08315202,0.1046963,0.1353506,-0.01753949,-0.07976785,0.1286173,0.152358,-0.009573315,-0.04611279,0.06498815,0.08025894,-0.0126588,-0.05819223,0.08531795,0.1040468,-0.5037434,0.7771312,0.241454,0.2898442,146.3027,-0.5263371,0.8119867,0.2522836,5.528087,-0.008348512,-0.04956629,0.09366322,0.1062982,0.4583121,0.7895969,0.3955252,0.1002341,168.4947,0.4606319,0.7935935,0.3975272,0.4683525,False,True,False,-0.1038155,0.5965751,0.1249981,0.6183074,-0.1056131,-0.2335677,-0.3327574,-0.9075046,310.3255,-0.2514346,-0.5560577,-0.7922002,0.01431474,0.5822459,0.1800849,0.6096276,0.01149692,0.5490816,0.2135566,0.5892615,-0.0336531,0.560665,0.1673515,0.5860753,0.0532205,-0.06062842,0.1130844,0.1389111,0.01573063,-0.07323279,0.1436812,0.1620332,0.00903796,-0.05441682,0.07708307,0.09478753,0.05323526,-0.06068595,0.1130421,0.1389075,0.01578653,-0.07326039,0.1436449,0.162019,0.00904117,-0.0543403,0.07706601,0.09473004,0.02175,-0.06239474,0.1086106,0.1271315,-0.8962968,-0.101836,0.4175656,0.1091809,167.4638,-0.9016872,-0.1024484,0.4200769,14.12848,0,0,0,0,0,0,0,0,0,1,0,0,0.3588439,False,True,False,0.0715903,0.9970901,0.2684804,1.035082,0.7083768,0.2604947,0.4492532,0.4780338,122.8859,0.8064936,0.2965757,0.511479,-0.0215903,0.002909899,0.03151959,0.03831571,0.002155635,0.1323087,0.115574,0.9844453,20.2378,0.01226943,0.7530738,0.6578234,0.01606138,1.102482,-0.04158836,1.103383,0.02192426,0.05814188,-0.01501397,0.9979547,7.330333,0.3429647,0.9095228,-0.234866,False
1773055721897,12.63707,0.1449322,1.006232,0.2088885,1.037855,0.03391387,-0.2276806,-0.4707614,0.8517013,63.2056,0.06471772,-0.4344821,-0.8983525,0.03275086,0.9944803,0.2688464,1.0307,0.02776605,0.9966142,0.2892045,1.038099,0.08200984,0.9997953,0.2487385,1.033531,-0.02106409,-0.08307945,0.1047201,0.1353225,-0.01762891,-0.08011004,0.1265716,0.1508269,-0.009603882,-0.04471517,0.06465358,0.07919448,-0.02107359,-0.08313721,0.1047012,0.1353448,-0.01755771,-0.07983792,0.1281965,0.1520418,-0.009579555,-0.04582164,0.06491864,0.08003637,-0.01262658,-0.05785247,0.08486367,0.1034803,-0.5033145,0.7768638,0.2429105,0.2900894,146.2734,-0.5259297,0.8117703,0.2538251,5.460768,-0.008348512,-0.04956629,0.09366322,0.1062982,0.4583121,0.7895969,0.3955252,0.1002341,168.4947,0.4606319,0.7935935,0.3975272,0.5184136,False,True,False,-0.103856,0.5965814,0.1249586,0.6183123,-0.1056946,-0.2336175,-0.332686,-0.9075084,310.3266,-0.2516334,-0.5561873,-0.7920456,0.01427607,0.582234,0.1800399,0.609602,0.01145422,0.549065,0.2135268,0.5892345,-0.03366861,0.5606281,0.1673003,0.5860263,0.05321546,-0.06061643,0.113095,0.1389126,0.01571462,-0.07321393,0.1437057,0.162045,0.009034413,-0.05445302,0.07709895,0.09482089,0.05323122,-0.06067178,0.1130529,0.1389085,0.01577188,-0.07325093,0.1436573,0.1620243,0.009039794,-0.05436325,0.07707272,0.09474853,0.02174595,-0.06239885,0.1086248,0.127145,-0.8963141,-0.1019549,0.4175786,0.1088785,167.4987,-0.9016745,-0.1025647,0.4200759,14.13,0,0,0,0,0,0,0,0,0,1,0,0,0.359641,False,True,False,0.0715903,0.9970901,0.2684804,1.035082,0.7083768,0.2604947,0.4492532,0.4780338,122.8859,0.8064936,0.2965757,0.511479,-0.0215903,0.002909899,0.03151959,0.03831571,0.002155635,0.1323087,0.115574,0.9844453,20.2378,0.01226943,0.7530738,0.6578234,0.01583077,1.102568,-0.0416612,1.103469,0.02179412,0.05800993,-0.01475774,0.997969,7.304646,0.3421261,0.9106454,-0.2316684,False
1773055721911,12.65098,0.1440724,1.006345,0.2093997,1.037947,0.03273776,-0.2266324,-0.4687431,0.8531389,62.89054,0.06275402,-0.4344248,-0.8985195,0.03217053,0.9942651,0.2698038,1.030724,0.02744601,0.996246,0.289434,1.037801,0.08148102,0.9998372,0.2495296,1.033721,-0.02106831,-0.08302858,0.1047536,0.1353179,-0.01766595,-0.08020563,0.1257858,0.1502235,-0.009607051,-0.04449086,0.06464958,0.07906517,-0.02107249,-0.0831146,0.1047121,0.1353392,-0.01758023,-0.07991477,0.1276896,0.1516578,-0.009585284,-0.04553884,0.06486167,0.07982919,-0.01258771,-0.05748573,0.08434821,0.1028479,-0.5025841,0.7768182,0.2443923,0.290233,146.2562,-0.5251904,0.8117595,0.255385,5.369674,-0.008348512,-0.04956629,0.09366322,0.1062982,0.4583121,0.7895969,0.3955252,0.1002341,168.4947,0.4606319,0.7935935,0.3975272,0.5678082,False,True,False,-0.1038985,0.5965853,0.1249179,0.618315,-0.1057748,-0.2336695,-0.3326112,-0.9075132,310.3279,-0.2518307,-0.5563247,-0.7918869,0.01423561,0.5822186,0.1799935,0.6095726,0.01140965,0.5490468,0.2134981,0.5892063,-0.03368387,0.560586,0.1672486,0.5859721,0.05320992,-0.06060494,0.1131057,0.1389142,0.01569824,-0.07319345,0.1437326,0.162058,0.009030351,-0.0544924,0.07711675,0.09485759,0.0532268,-0.06065788,0.1130638,0.1389097,0.01575657,-0.07323898,0.143673,0.1620313,0.009037832,-0.0543901,0.07708187,0.09477119,0.02174161,-0.06240403,0.1086423,0.1271618,-0.896328,-0.102051,0.4176146,0.1085348,167.5383,-0.9016544,-0.1026574,0.4200963,14.13146,0,0,0,0,0,0,0,0,0,1,0,0,0.36042,False,True,False,0.0715903,0.9970901,0.2684804,1.035082,0.7083768,0.2604947,0.4492532,0.4780338,122.8859,0.8064936,0.2965757,0.511479,-0.0215903,0.002909899,0.03151959,0.03831571,0.002155635,0.1323087,0.115574,0.9844453,20.2378,0.01226943,0.7530738,0.6578234,0.01556531,1.102614,-0.04170142,1.103512,0.02141018,0.05791868,-0.01439664,0.9979879,7.270577,0.3376726,0.9134696,-0.2270579,False
1773055721924,12.66483,0.1434234,1.006324,0.2098187,1.037922,0.03119173,-0.2254451,-0.4678297,0.8540123,62.69843,0.05995494,-0.4333375,-0.8992352,0.03179985,0.9942176,0.270721,1.030907,0.02756977,0.9958124,0.2888027,1.037212,0.08114004,0.9998987,0.2502542,1.033929,-0.02107862,-0.08296528,0.1047957,0.1353133,-0.01769961,-0.08047527,0.124089,0.1489551,-0.009612354,-0.04429071,0.06465691,0.07895936,-0.02107376,-0.08308364,0.1047294,0.1353338,-0.01760496,-0.08003148,0.1269335,0.1510863,-0.009590901,-0.04527476,0.06481853,0.0796444,-0.01252805,-0.05704973,0.08364002,0.1020161,-0.5008658,0.7774628,0.2460992,0.2900347,146.2799,-0.5233619,0.8123822,0.2571526,5.215727,-0.008348512,-0.04956629,0.09366322,0.1062982,0.4583121,0.7895969,0.3955252,0.1002341,168.4947,0.4606319,0.7935935,0.3975272,0.7781394,False,True,False,-0.1039308,0.5965846,0.1248923,0.6183145,-0.105834,-0.2337672,-0.332518,-0.9075152,310.3284,-0.2519741,-0.5565631,-0.7916732,0.01420583,0.5821913,0.1799591,0.6095357,0.01138163,0.5490246,0.2134707,0.5891751,-0.03369626,0.5605516,0.1672038,0.5859272,0.05319323,-0.06059786,0.1131193,0.1389158,0.01568227,-0.07318024,0.1437515,0.1620672,0.009028316,-0.05451996,0.07712355,0.09487875,0.05321985,-0.06064545,0.1130753,0.1389109,0.01574117,-0.07322681,0.1436892,0.1620387,0.009035862,-0.05441699,0.07709049,0.09479346,0.02173587,-0.06240945,0.1086594,0.1271781,-0.8963522,-0.1021297,0.4176317,0.1081945,167.5775,-0.9016451,-0.1027327,0.4200978,14.13222,0,0,0,0,0,0,0,0,0,1,0,0,0.3604244,False,True,False,0.0715903,0.9970901,0.2684804,1.035082,0.7083768,0.2604947,0.4492532,0.4780338,122.8859,0.8064936,0.2965757,0.511479,-0.0215903,0.002909899,0.03151959,0.03831571,0.002155635,0.1323087,0.115574,0.9844453,20.2378,0.01226943,0.7530738,0.6578234,0.01526045,1.1027,-0.04173813,1.103595,0.02124028,0.05775243,-0.01401569,0.9980066,7.236673,0.3365609,0.9151108,-0.2220843,False
1773055721939,12.67904,0.1427911,1.006322,0.2102062,1.037912,0.02952039,-0.2241647,-0.4667662,0.8549901,62.48272,0.05691838,-0.4322128,-0.8999737,0.031473,0.9941738,0.2716478,1.031099,0.02769633,0.9954492,0.2883893,1.036752,0.08083887,0.9999737,0.2509663,1.03415,-0.02109075,-0.08289558,0.1048426,0.1353088,-0.01773299,-0.08066935,0.1226228,0.1478457,-0.009617741,-0.04408177,0.06466204,0.07884721,-0.02107735,-0.08304388,0.1047533,0.1353285,-0.01763201,-0.08016698,0.1260072,0.1503844,-0.009596581,-0.04501745,0.06478494,0.07947172,-0.01245278,-0.05654981,0.08280054,0.101039,-0.4983519,0.7786472,0.2480084,0.2895614,146.3366,-0.5206571,0.8134978,0.2591087,5.018954,-0.008348512,-0.04956629,0.09366322,0.1062982,0.4583121,0.7895969,0.3955252,0.1002341,168.4947,0.4606319,0.7935935,0.3975272,0.9093983,False,True,False,-0.103964,0.5965815,0.1248666,0.6183119,-0.1058895,-0.2338725,-0.3324198,-0.9075176,310.329,-0.2521094,-0.5568206,-0.7914492,0.01417512,0.5821597,0.179924,0.6094944,0.01135352,0.5490007,0.2134431,0.5891423,-0.03370895,0.5605145,0.1671582,0.5858793,0.05317457,-0.06059182,0.1131331,0.1389173,0.01566608,-0.07316676,0.1437712,0.162077,0.009026157,-0.05454838,0.07713033,0.0949004,0.05321029,-0.06063412,0.1130875,0.1389123,0.0157253,-0.07321412,0.1437065,0.1620468,0.009033812,-0.05444475,0.07709891,0.09481604,0.02172863,-0.06241529,0.1086767,0.1271945,-0.8963868,-0.1021936,0.4176315,0.1078477,167.6175,-0.9016457,-0.1027932,0.4200817,14.1323,0,0,0,0,0,0,0,0,0,1,0,0,0.3604338,False,True,False,0.0715903,0.9970901,0.2684804,1.035082,0.7083768,0.2604947,0.4492532,0.4780338,122.8859,0.8064936,0.2965757,0.511479,-0.0215903,0.002909899,0.03151959,0.03831571,0.002155635,0.1323087,0.115574,0.9844453,20.2378,0.01226943,0.7530738,0.6578234,0.01495632,1.102766,-0.04177763,1.103658,0.02098197,0.0575416,-0.01383327,0.9980268,7.199891,0.3341624,0.9164175,-0.220311,False
1773055721956,12.69613,0.1424109,1.00623,0.2109204,1.037915,0.02739382,-0.2227614,-0.4641364,0.8568573,62.06894,0.05313476,-0.4320818,-0.9002678,0.03150523,0.9937588,0.2730243,1.031063,0.02785634,0.9949658,0.2894252,1.036581,0.08084534,0.9998229,0.2520936,1.034279,-0.02109691,-0.08282277,0.1048889,0.1353011,-0.01775512,-0.08071598,0.1222912,0.1475989,-0.009624163,-0.04386568,0.06469388,0.07875355,-0.02108213,-0.08298995,0.1047864,0.1353218,-0.01766202,-0.08030153,0.1250848,0.1496879,-0.009603315,-0.04473128,0.06476244,0.07929239,-0.01237508,-0.05600765,0.08196651,0.1000425,-0.4954993,0.7799929,0.2501176,0.28902,146.4014,-0.5175884,0.8147646,0.2612677,4.818207,-0.008348512,-0.04956629,0.09366322,0.1062982,0.4583121,0.7895969,0.3955252,0.1002341,168.4947,0.4606319,0.7935935,0.3975272,0.7692805,False,True,False,-0.1039664,0.5965744,0.1248403,0.6183002,-0.1059155,-0.2340011,-0.3324413,-0.9074736,310.317,-0.2521143,-0.5570008,-0.7913212,0.01418109,0.5821776,0.1798906,0.6095019,0.011374,0.5490009,0.2133979,0.5891265,-0.03367863,0.5604894,0.1671084,0.5858394,0.05316987,-0.06056719,0.113151,0.1389192,0.01565574,-0.07316326,0.143779,0.1620814,0.009024167,-0.05458101,0.07713597,0.09492355,0.05320043,-0.0606178,0.113103,0.138914,0.01570834,-0.07320172,0.1437242,0.1620552,0.009031462,-0.05447797,0.07710794,0.09484224,0.02172131,-0.06242226,0.1086951,0.1272123,-0.8964235,-0.1023359,0.4176246,0.107434,167.6652,-0.901642,-0.1029317,0.4200558,14.13243,0,0,0,0,0,0,0,0,0,1,0,0,0.3603519,False,True,False,0.0715903,0.9970901,0.2684804,1.035082,0.7083768,0.2604947,0.4492532,0.4780338,122.8859,0.8064936,0.2965757,0.511479,-0.0215903,0.002909899,0.03151959,0.03831571,0.002155635,0.1323087,0.115574,0.9844453,20.2378,0.01226943,0.7530738,0.6578234,0.01476799,1.102832,-0.0419089,1.103727,0.02068119,0.05706376,-0.01353448,0.9980646,7.130592,0.3325702,0.9176314,-0.2176454,False
1773055721966,12.70643,0.1419998,1.006148,0.2116513,1.037928,0.02498127,-0.2211669,-0.461089,0.8589866,61.59401,0.04879175,-0.4319685,-0.9005682,0.03156789,0.9933025,0.274503,1.031018,0.02807909,0.9944363,0.2905034,1.03638,0.08085915,0.9996578,0.2532791,1.03441,-0.02110355,-0.08274446,0.1049389,0.1352929,-0.01778121,-0.08075788,0.1218924,0.1472948,-0.009630352,-0.04364762,0.06472398,0.07865781,-0.02108561,-0.08295003,0.1048112,0.135317,-0.01768139,-0.08037618,0.124554,0.1492872,-0.009607718,-0.04455135,0.0647561,0.07918638,-0.01232914,-0.05567242,0.08148808,0.09945719,-0.4936836,0.780853,0.2514261,0.2886693,146.4434,-0.5156348,0.8155729,0.2626055,4.70009,-0.008348512,-0.04956629,0.09366322,0.1062982,0.4583121,0.7895969,0.3955252,0.1002341,168.4947,0.4606319,0.7935935,0.3975272,0.7386738,False,True,False,-0.1039675,0.5965652,0.1248138,0.6182862,-0.1059346,-0.234139,-0.332475,-0.9074234,310.3034,-0.2520946,-0.5571851,-0.7911973,0.01418927,0.5821995,0.179857,0.609513,0.01139894,0.5490031,0.2133499,0.5891117,-0.03364476,0.5604639,0.1670574,0.5857986,0.05316567,-0.06054062,0.1131697,0.1389213,0.01564615,-0.073161,0.1437855,0.1620852,0.009022135,-0.05461489,0.07714146,0.0949473,0.05319478,-0.06060524,0.1131139,0.1389152,0.01569822,-0.0731951,0.1437342,0.1620601,0.009029945,-0.05450024,0.07711338,0.09485932,0.02171721,-0.06242693,0.108706,0.1272232,-0.8964452,-0.1024704,0.417616,0.1071578,167.697,-0.9016367,-0.1030638,0.4200346,14.13253,0,0,0,0,0,0,0,0,0,1,0,0,0.3609572,False,True,False,0.0715903,0.9970901,0.2684804,1.035082,0.7083768,0.2604947,0.4492532,0.4780338,122.8859,0.8064936,0.2965757,0.511479,-0.0215903,0.002909899,0.03151959,0.03831571,0.002155635,0.1323087,0.115574,0.9844453,20.2378,0.01226943,0.7530738,0.6578234,0.01446734,1.102928,-0.04183266,1.103815,0.02044238,0.05649968,-0.01319371,0.9981061,7.053622,0.3323117,0.9184597,-0.2144772,False
1773055721980,12.72044,0.1415659,1.006078,0.2123871,1.037951,0.02243581,-0.2194813,-0.4578154,0.8612373,61.08842,0.04414735,-0.4318771,-0.9008514,0.0316433,0.9928344,0.2760276,1.030977,0.02835996,0.9938729,0.2915081,1.03613,0.08087091,0.9994931,0.2544864,1.034548,-0.02111063,-0.08266076,0.1049923,0.1352843,-0.0178112,-0.08080206,0.1213601,0.1468826,-0.009636275,-0.04342858,0.06475257,0.07856077,-0.02109084,-0.08288961,0.104849,0.1353101,-0.0177085,-0.08046565,0.1238717,0.14877,-0.009613693,-0.04431223,0.06475535,0.07905222,-0.01226874,-0.05522224,0.08087654,0.09869667,-0.4911594,0.7820704,0.2531684,0.2881563,146.5048,-0.5129156,0.8167126,0.2643827,4.54538,-0.008348512,-0.04956629,0.09366322,0.1062982,0.4583121,0.7895969,0.3955252,0.1002341,168.4947,0.4606319,0.7935935,0.3975272,0.7033541,False,True,False,-0.1039673,0.5965541,0.1247872,0.61827,-0.1059469,-0.2342857,-0.3325207,-0.9073673,310.2881,-0.2520513,-0.5573739,-0.7910783,0.0141996,0.5822252,0.1798234,0.6095279,0.01142816,0.5490075,0.2132995,0.5890981,-0.03360749,0.5604382,0.1670054,0.585757,0.053162,-0.06051215,0.1131894,0.1389236,0.01563722,-0.07315995,0.143791,0.1620887,0.009019996,-0.05465005,0.07714681,0.09497167,0.05318794,-0.06058579,0.1131296,0.1389169,0.01568547,-0.07318775,0.143746,0.1620661,0.009027868,-0.05453155,0.07712036,0.09488279,0.0217124,-0.06243352,0.1087196,0.1272373,-0.896472,-0.1027041,0.4175999,0.1067712,167.7415,-0.9016261,-0.1032945,0.4200008,14.13267,0,0,0,0,0,0,0,0,0,1,0,0,0.36114,False,True,False,0.0715903,0.9970901,0.2684804,1.035082,0.7083768,0.2604947,0.4492532,0.4780338,122.8859,0.8064936,0.2965757,0.511479,-0.0215903,0.002909899,0.03151959,0.03831571,0.002155635,0.1323087,0.115574,0.9844453,20.2378,0.01226943,0.7530738,0.6578234,0.01417786,1.103016,-0.04175274,1.103897,0.01986042,0.05591291,-0.0129575,0.998154,6.963781,0.3270113,0.9206327,-0.2133513,False
1773055721993,12.73438,0.1411477,1.006082,0.2128935,1.038002,0.02089143,-0.2182363,-0.456941,0.8620565,60.90345,0.04122124,-0.4306059,-0.9015983,0.0315315,0.9928477,0.2770444,1.031259,0.0284845,0.9936181,0.2916495,1.035928,0.08070648,0.999531,0.2552454,1.034759,-0.02112389,-0.08257569,0.1050443,0.1352748,-0.01782067,-0.08097153,0.1204385,0.146217,-0.009636589,-0.04333062,0.06473273,0.07849034,-0.02109773,-0.08282427,0.1048897,0.1353027,-0.01773185,-0.08057155,0.1231397,0.1482214,-0.009618465,-0.04410404,0.06475059,0.07893237,-0.01219999,-0.05476624,0.08022468,0.09789883,-0.4878461,0.7838837,0.2549675,0.2872698,146.6108,-0.5093139,0.8183787,0.2661874,4.373149,-0.008348512,-0.04956629,0.09366322,0.1062982,0.4583121,0.7895969,0.3955252,0.1002341,168.4947,0.4606319,0.7935935,0.3975272,0.7509367,False,True,False,-0.1040004,0.5965468,0.124791,0.6182693,-0.1060239,-0.2343423,-0.3325727,-0.9073247,310.2765,-0.2521793,-0.5573863,-0.7910286,0.01416371,0.5822164,0.1798357,0.6095223,0.01141349,0.5489992,0.2132901,0.5890867,-0.03360716,0.5604025,0.1669906,0.5857185,0.05313762,-0.06049804,0.11321,0.1389249,0.01563204,-0.07315543,0.1438016,0.1620956,0.009016694,-0.0546881,0.07715794,0.09500229,0.05317746,-0.06056751,0.1131464,0.1389186,0.01567435,-0.07318103,0.1437576,0.1620722,0.009025542,-0.05456415,0.07712819,0.09490766,0.02170624,-0.06244096,0.1087327,0.1272511,-0.8965068,-0.1029395,0.4175661,0.1063838,167.7862,-0.9016234,-0.103527,0.4199493,14.13103,0,0,0,0,0,0,0,0,0,1,0,0,0.3614719,False,True,False,0.0715903,0.9970901,0.2684804,1.035082,0.7083768,0.2604947,0.4492532,0.4780338,122.8859,0.8064936,0.2965757,0.511479,-0.0215903,0.002909899,0.03151959,0.03831571,0.002155635,0.1323087,0.115574,0.9844453,20.2378,0.01226943,0.7530738,0.6578234,0.01390939,1.10312,-0.0416415,1.103993,0.01959738,0.05513433,-0.01298703,0.9982021,6.872426,0.3269641,0.9198653,-0.2166765,False
1773055722008,12.74843,0.1407369,1.006093,0.2133767,1.038056,0.0194874,-0.2171099,-0.4560923,0.8628229,60.72994,0.03855025,-0.4294901,-0.9022484,0.0314078,0.9928675,0.2779985,1.031531,0.02860432,0.9933853,0.2917351,1.035733,0.08053498,0.9995733,0.2559586,1.034963,-0.0211382,-0.08248609,0.1050987,0.1352646,-0.01783562,-0.08110725,0.1195233,0.1455414,-0.009637085,-0.04323196,0.06471418,0.07842066,-0.02110622,-0.0827534,0.1049335,0.1352946,-0.01775359,-0.08068443,0.1223624,0.1476405,-0.009622371,-0.04391801,0.06474288,0.07882272,-0.01212381,-0.05429659,0.07953618,0.0970624,-0.4837837,0.7862305,0.2568518,0.2860458,146.7573,-0.5048795,0.8205149,0.2680521,4.186601,-0.008348512,-0.04956629,0.09366322,0.1062982,0.4583121,0.7895969,0.3955252,0.1002341,168.4947,0.4606319,0.7935935,0.3975272,0.7859712,False,True,False,-0.1040344,0.5965381,0.1247966,0.6182678,-0.1061033,-0.2343953,-0.332635,-0.9072789,310.264,-0.2523088,-0.5573814,-0.7909909,0.01412609,0.5822061,0.1798517,0.6095163,0.01139919,0.548991,0.2132817,0.5890757,-0.03360642,0.5603651,0.1669776,0.5856791,0.05311093,-0.06048429,0.1132316,0.1389263,0.01562795,-0.07315142,0.1438121,0.1621027,0.009013196,-0.05472747,0.07716973,0.09503421,0.05316352,-0.06055007,0.1131643,0.1389202,0.01566462,-0.07317482,0.143769,0.1620786,0.009022956,-0.05459839,0.07713689,0.09493417,0.02169879,-0.06244928,0.1087456,0.1272649,-0.8965495,-0.1031805,0.4175152,0.1059905,167.8315,-0.9016283,-0.103765,0.4198804,14.12773,0,0,0,0,0,0,0,0,0,1,0,0,0.3617873,False,True,False,0.0715903,0.9970901,0.2684804,1.035082,0.7083768,0.2604947,0.4492532,0.4780338,122.8859,0.8064936,0.2965757,0.511479,-0.0215903,0.002909899,0.03151959,0.03831571,0.002155635,0.1323087,0.115574,0.9844453,20.2378,0.01226943,0.7530738,0.6578234,0.01364877,1.103197,-0.04153023,1.104063,0.01941404,0.05470987,-0.01308183,0.9982278,6.823134,0.326244,0.9193741,-0.2198342,False
1773055722021,12.76209,0.1403472,1.006102,0.2139274,1.038125,0.01901919,-0.2166614,-0.4553179,0.8633549,60.60923,0.03769183,-0.4293749,-0.9023395,0.03116197,0.992806,0.278753,1.031668,0.02837565,0.9932525,0.2923176,1.035763,0.08028682,0.9995597,0.256599,1.035089,-0.02115658,-0.08241353,0.105135,0.1352514,-0.01785616,-0.08112624,0.1193783,0.1454355,-0.009636775,-0.04314626,0.06469274,0.07835571,-0.02111654,-0.08268379,0.1049747,0.1352857,-0.01777459,-0.0807754,0.121735,0.1471734,-0.009625323,-0.04375723,0.06473251,0.07872509,-0.01206009,-0.05389446,0.0789728,0.09636785,-0.4800098,0.7884362,0.2584783,0.2848649,146.8985,-0.5007573,0.8225149,0.2696505,4.032501,-0.008348512,-0.04956629,0.09366322,0.1062982,0.4583121,0.7895969,0.3955252,0.1002341,168.4947,0.4606319,0.7935935,0.3975272,0.6711572,False,True,False,-0.1040164,0.5966047,0.1247742,0.6183245,-0.1061271,-0.2344061,-0.332655,-0.907266,310.2605,-0.2523488,-0.5573702,-0.7909861,0.01413081,0.5822664,0.1798589,0.6095762,0.01142099,0.5490596,0.2132666,0.5891345,-0.033572,0.5604143,0.1669463,0.5857152,0.05308128,-0.06046851,0.1132554,0.1389275,0.01562331,-0.073144,0.1438241,0.1621095,0.009012088,-0.05475149,0.07717335,0.09505088,0.05314669,-0.06053336,0.1131829,0.1389217,0.01565616,-0.07316851,0.1437803,0.1620849,0.009020732,-0.05462976,0.07714435,0.09495807,0.02168998,-0.06245634,0.1087569,0.1272765,-0.8966056,-0.1034101,0.4174311,0.1056223,167.874,-0.9016491,-0.1039918,0.4197792,14.1234,0,0,0,0,0,0,0,0,0,1,0,0,0.3613467,False,True,False,0.0715903,0.9970901,0.2684804,1.035082,0.7083768,0.2604947,0.4492532,0.4780338,122.8859,0.8064936,0.2965757,0.511479,-0.0215903,0.002909899,0.03151959,0.03831571,0.002155635,0.1323087,0.115574,0.9844453,20.2378,0.01226943,0.7530738,0.6578234,0.01341977,1.103238,-0.0414047,1.104096,0.01945317,0.05440227,-0.01306233,0.9982441,6.791728,0.3284113,0.9184271,-0.2205201,False
1773055722038,12.77893,0.1399411,1.006116,0.2144878,1.038199,0.01857644,-0.2162405,-0.4545661,0.8638661,60.49305,0.0368784,-0.4292858,-0.9024155,0.03089452,0.9927552,0.2795073,1.031815,0.02812676,0.9931276,0.2928929,1.035799,0.08001739,0.999553,0.2572441,1.035221,-0.02117637,-0.08233992,0.1051708,0.1352375,-0.01787718,-0.08114513,0.1192247,0.1453226,-0.009636506,-0.0430618,0.06467198,0.07829206,-0.02113097,-0.08260083,0.105022,0.1352739,-0.01779932,-0.080865,0.1211145,0.1467129,-0.009628021,-0.04358694,0.0647178,0.07861879,-0.01199493,-0.05347331,0.07840709,0.09566057,-0.4757166,0.7909662,0.2602004,0.283482,147.0637,-0.4960665,0.8248016,0.2713311,3.876293,-0.008348512,-0.04956629,0.09366322,0.1062982,0.4583121,0.7895969,0.3955252,0.1002341,168.4947,0.4606319,0.7935935,0.3975272,0.5715488,False,True,False,-0.1039958,0.5966751,0.1247515,0.6183844,-0.1061455,-0.2344084,-0.3326777,-0.9072548,310.2574,-0.2523782,-0.5573439,-0.7909952,0.0141362,0.5823299,0.1798698,0.6096402,0.01144426,0.5491332,0.2132535,0.5891989,-0.03353643,0.5604686,0.166916,0.5857565,0.0530494,-0.06045268,0.1132803,0.1389287,0.01561942,-0.07313643,0.1438361,0.1621164,0.009011081,-0.05477445,0.07717635,0.09506645,0.05312323,-0.0605139,0.1132064,0.1389234,0.0156473,-0.07316078,0.1437938,0.1620925,0.009018406,-0.05466466,0.07715207,0.0949842,0.02167789,-0.06246354,0.108769,0.1272883,-0.8966882,-0.1036767,0.4172933,0.1052034,167.9222,-0.9016919,-0.1042553,0.4196219,14.11707,0,0,0,0,0,0,0,0,0,1,0,0,0.3611082,False,True,False,0.0715903,0.9970901,0.2684804,1.035082,0.7083768,0.2604947,0.4492532,0.4780338,122.8859,0.8064936,0.2965757,0.511479,-0.0215903,0.002909899,0.03151959,0.03831571,0.002155635,0.1323087,0.115574,0.9844453,20.2378,0.01226943,0.7530738,0.6578234,0.01318836,1.103238,-0.04127911,1.104089,0.01978228,0.05430672,-0.01296308,0.9982442,6.791612,0.333973,0.9168296,-0.2188483,False
1773055722050,12.7902,0.1395206,1.006135,0.2150562,1.038279,0.01809987,-0.21579,-0.4537404,0.8644228,60.36628,0.03600062,-0.429206,-0.902489,0.03062524,0.9926955,0.280282,1.031959,0.02788611,0.9929926,0.2934598,1.035824,0.07973774,0.9995449,0.2579037,1.035356,-0.02119215,-0.08226427,0.1052056,0.1352211,-0.01789947,-0.08116234,0.1190383,0.1451821,-0.009636256,-0.04297857,0.06465186,0.07822965,-0.0211417,-0.08254179,0.1050542,0.1352645,-0.01781688,-0.0809174,0.1207404,0.1464354,-0.009629466,-0.04347855,0.06470615,0.07854933,-0.01195452,-0.05320694,0.0780611,0.09522303,-0.4728272,0.792681,0.2612877,0.2825244,147.1781,-0.4929083,0.8263463,0.2723846,3.779891,-0.008348512,-0.04956629,0.09366322,0.1062982,0.4583121,0.7895969,0.3955252,0.1002341,168.4947,0.4606319,0.7935935,0.3975272,0.5366395,False,True,False,-0.1039727,0.596749,0.1247284,0.6184471,-0.1061587,-0.2344024,-0.3327032,-0.9072455,310.2549,-0.2523974,-0.557303,-0.7910178,0.01414206,0.5823962,0.1798842,0.6097078,0.01146892,0.5492117,0.2132421,0.5892684,-0.03349982,0.5605277,0.1668865,0.5858026,0.05301528,-0.06043687,0.1133061,0.1389299,0.01561628,-0.07312883,0.1438482,0.1621234,0.00901032,-0.0547963,0.07717863,0.09508082,0.05310431,-0.06050039,0.1132239,0.1389245,0.01564186,-0.07315518,0.1438033,0.1620979,0.00901699,-0.05468775,0.07715672,0.09500114,0.02166826,-0.06246782,0.1087765,0.1272952,-0.8967572,-0.1038615,0.4171704,0.1049198,167.9549,-0.9017342,-0.104438,0.4194857,14.11179,0,0,0,0,0,0,0,0,0,1,0,0,0.3619659,False,True,False,0.0715903,0.9970901,0.2684804,1.035082,0.7083768,0.2604947,0.4492532,0.4780338,122.8859,0.8064936,0.2965757,0.511479,-0.0215903,0.002909899,0.03151959,0.03831571,0.002155635,0.1323087,0.115574,0.9844453,20.2378,0.01226943,0.7530738,0.6578234,0.01297813,1.103168,-0.04112168,1.10401,0.02021853,0.05448901,-0.01279476,0.9982277,6.823478,0.3397458,0.9156162,-0.2149991,False
1773055722064,12.8041,0.1394021,1.006091,0.2152546,1.038261,0.01791936,-0.2154715,-0.4535827,0.8645887,60.32845,0.03566183,-0.4288161,-0.9026879,0.030583,0.9926745,0.2805832,1.03202,0.02784108,0.9929265,0.2937045,1.035828,0.07970385,0.9995081,0.2581367,1.035376,-0.02122214,-0.08220854,0.1052227,0.1352052,-0.01792031,-0.08115964,0.1189965,0.1451489,-0.009636264,-0.04292597,0.06462396,0.0781777,-0.02115842,-0.08247247,0.1050892,0.1352521,-0.01783837,-0.08096798,0.1203685,0.1461595,-0.009630879,-0.04336201,0.06468894,0.07847087,-0.01191402,-0.05292829,0.07770994,0.09477437,-0.4695561,0.7946315,0.26243,0.2814396,147.3077,-0.4893356,0.8281044,0.2734846,3.682269,-0.008348512,-0.04956629,0.09366322,0.1062982,0.4583121,0.7895969,0.3955252,0.1002341,168.4947,0.4606319,0.7935935,0.3975272,0.4829143,False,True,False,-0.1040058,0.5968071,0.1247424,0.6185116,-0.1061917,-0.234446,-0.3327992,-0.9071952,310.2411,-0.2524107,-0.5572628,-0.791042,0.01409613,0.5824522,0.1799257,0.6097725,0.01144913,0.5492821,0.2132434,0.5893341,-0.03351852,0.56059,0.1668811,0.5858617,0.05297,-0.06042605,0.1133333,0.1389301,0.01560876,-0.07312705,0.1438486,0.1621222,0.009011106,-0.05480631,0.07717209,0.09508135,0.0530764,-0.06048494,0.1132466,0.1389256,0.01563498,-0.07314934,0.1438127,0.162103,0.009015768,-0.0547124,0.07715991,0.0950178,0.02165399,-0.06247186,0.1087826,0.1273,-0.896864,-0.1040869,0.4169625,0.1046096,167.9906,-0.9018119,-0.1046612,0.4192628,14.10378,0,0,0,0,0,0,0,0,0,1,0,0,0.3626537,False,True,False,0.0715903,0.9970901,0.2684804,1.035082,0.7083768,0.2604947,0.4492532,0.4780338,122.8859,0.8064936,0.2965757,0.511479,-0.0215903,0.002909899,0.03151959,0.03831571,0.002155635,0.1323087,0.115574,0.9844453,20.2378,0.01226943,0.7530738,0.6578234,0.01277922,1.103105,-0.04094873,1.103939,0.02060337,0.05455304,-0.01237076,0.9982216,6.835061,0.3456256,0.9151379,-0.2075219,False
1773055722078,12.81753,0.1393066,1.006059,0.2154084,1.03825,0.01777059,-0.2152083,-0.4534492,0.8647274,60.29682,0.03538255,-0.4284956,-0.9028507,0.03055701,0.9926675,0.2808233,1.032078,0.02780636,0.9928813,0.2938966,1.035839,0.07968346,0.9994841,0.2583153,1.035396,-0.02124793,-0.08215329,0.1052368,0.1351866,-0.01794162,-0.08115435,0.1189631,0.1451212,-0.009636302,-0.04287821,0.06459549,0.07812795,-0.02117652,-0.0824079,0.105119,0.1352388,-0.01785923,-0.08100581,0.1200772,0.1459433,-0.009631976,-0.04326285,0.06466993,0.07840057,-0.01188212,-0.05269807,0.07742802,0.09441064,-0.466666,0.7963632,0.2633669,0.2804753,147.4229,-0.4861807,0.8296649,0.2743802,3.604079,-0.008348512,-0.04956629,0.09366322,0.1062982,0.4583121,0.7895969,0.3955252,0.1002341,168.4947,0.4606319,0.7935935,0.3975272,0.4478968,False,True,False,-0.10404,0.5968673,0.1247582,0.6185786,-0.1062227,-0.2344885,-0.3329057,-0.9071416,310.2266,-0.2524151,-0.5572106,-0.7910777,0.01404796,0.5825102,0.179971,0.6098402,0.0114286,0.5493564,0.2132453,0.5894036,-0.03353951,0.5606576,0.166877,0.5859265,0.05292153,-0.06041585,0.1133615,0.1389302,0.01560128,-0.0731259,0.1438475,0.16212,0.009012203,-0.05481401,0.07716391,0.09507925,0.0530451,-0.06047098,0.1132699,0.1389265,0.01562817,-0.0731446,0.1438197,0.1621064,0.009015048,-0.05473294,0.07716072,0.09503022,0.02163795,-0.06247465,0.1087856,0.1273011,-0.8969874,-0.1043044,0.4167094,0.1043434,168.0213,-0.9019106,-0.1048769,0.4189966,14.09462,0,0,0,0,0,0,0,0,0,1,0,0,0.3634387,False,True,False,0.0715903,0.9970901,0.2684804,1.035082,0.7083768,0.2604947,0.4492532,0.4780338,122.8859,0.8064936,0.2965757,0.511479,-0.0215903,0.002909899,0.03151959,0.03831571,0.002155635,0.1323087,0.115574,0.9844453,20.2378,0.01226943,0.7530738,0.6578234,0.01256386,1.103055,-0.04074984,1.103879,0.0210394,0.05474874,-0.01168802,0.9982101,6.857253,0.3518001,0.9154544,-0.1954356,False
1773055722091,12.83163,0.1392608,1.006094,0.2154413,1.038284,0.01765339,-0.2150896,-0.4533157,0.8648294,60.27355,0.0351615,-0.428409,-0.9029008,0.0305351,0.9927835,0.2808897,1.032207,0.02777183,0.9929376,0.2940309,1.03593,0.07969242,0.999523,0.2583515,1.035443,-0.02133714,-0.08209381,0.1052492,0.1351742,-0.01796341,-0.08113099,0.1190363,0.1451708,-0.009635423,-0.04284254,0.06456448,0.07808263,-0.02121028,-0.08234182,0.1051464,0.1352251,-0.01788112,-0.08103222,0.1198532,0.1457763,-0.0096327,-0.04317335,0.06464763,0.0783329,-0.01185872,-0.05250516,0.07720231,0.09411492,-0.4635808,0.7982128,0.2642154,0.2795342,147.5352,-0.4828285,0.8313541,0.2751855,3.542963,-0.008348512,-0.04956629,0.09366322,0.1062982,0.4583121,0.7895969,0.3955252,0.1002341,168.4947,0.4606319,0.7935935,0.3975272,0.4146819,False,True,False,-0.1040135,0.5969616,0.1248253,0.6186787,-0.1061866,-0.2345673,-0.3328917,-0.9071305,310.2236,-0.2523151,-0.5573664,-0.7909998,0.01406137,0.5825765,0.1800596,0.6099299,0.01146173,0.5494606,0.2133143,0.5895264,-0.03350224,0.5607524,0.1669352,0.5860316,0.05286872,-0.06042046,0.1133842,0.1389306,0.01559164,-0.07312095,0.1438546,0.1621231,0.009013316,-0.05482312,0.07716268,0.09508361,0.05300803,-0.06046036,0.1132939,0.1389274,0.0156205,-0.07313963,0.1438271,0.1621099,0.009014684,-0.0547519,0.07716113,0.09504143,0.02161889,-0.06247743,0.1087879,0.1273013,-0.8971317,-0.1044825,0.4164142,0.1041028,168.049,-0.9020329,-0.1050534,0.4186891,14.08361,0,0,0,0,0,0,0,0,0,1,0,0,0.3638486,False,True,False,0.0715903,0.9970901,0.2684804,1.035082,0.7083768,0.2604947,0.4492532,0.4780338,122.8859,0.8064936,0.2965757,0.511479,-0.0215903,0.002909899,0.03151959,0.03831571,0.002155635,0.1323087,0.115574,0.9844453,20.2378,0.01226943,0.7530738,0.6578234,0.01234947,1.102953,-0.04054064,1.103767,0.02146646,0.05485716,-0.01111407,0.9982016,6.873451,0.3580946,0.9151043,-0.1854004,False
1773055722106,12.84555,0.1392089,1.006132,0.215477,1.038321,0.01752765,-0.2149666,-0.4531687,0.8649395,60.2484,0.03492426,-0.428326,-0.9029493,0.03049301,0.9929371,0.2809459,1.032368,0.02772827,0.9930025,0.2941895,1.036036,0.07969259,0.9995617,0.2583897,1.03549,-0.02146992,-0.08202884,0.1052594,0.1351637,-0.01798575,-0.08110314,0.1191308,0.1452355,-0.009634462,-0.04281242,0.06453254,0.07803957,-0.02126434,-0.08227661,0.1051699,0.1352121,-0.01790289,-0.08104704,0.1196994,0.1456608,-0.009633067,-0.04309731,0.06462354,0.07827117,-0.01184497,-0.05235705,0.07703859,0.09389627,-0.4601936,0.8002311,0.2649898,0.2786258,147.6436,-0.4791689,0.8332272,0.2759162,3.501008,-0.008348512,-0.04956629,0.09366322,0.1062982,0.4583121,0.7895969,0.3955252,0.1002341,168.4947,0.4606319,0.7935935,0.3975272,0.3922104,False,True,False,-0.1039842,0.5970598,0.1248972,0.6187831,-0.1061405,-0.23465,-0.3328711,-0.9071221,310.2213,-0.2521944,-0.5575386,-0.7909163,0.01407696,0.5826432,0.1801536,0.6100218,0.01149721,0.5495699,0.2133893,0.5896561,-0.0334632,0.5608529,0.1669993,0.5861438,0.05281271,-0.0604276,0.113407,0.138931,0.01558172,-0.07311594,0.1438618,0.1621263,0.009014676,-0.05483058,0.07716116,0.09508681,0.05296738,-0.06045354,0.1133174,0.1389281,0.01561243,-0.07313471,0.1438343,0.1621133,0.009014682,-0.05476828,0.07716113,0.09505088,0.02159795,-0.06248006,0.1087896,0.1273004,-0.8972886,-0.1046131,0.4160938,0.1039,168.0724,-0.9021715,-0.1051824,0.4183581,14.07137,0,0,0,0,0,0,0,0,0,1,0,0,0.3644079,False,True,False,0.0715903,0.9970901,0.2684804,1.035082,0.7083768,0.2604947,0.4492532,0.4780338,122.8859,0.8064936,0.2965757,0.511479,-0.0215903,0.002909899,0.03151959,0.03831571,0.002155635,0.1323087,0.115574,0.9844453,20.2378,0.01226943,0.7530738,0.6578234,0.01201118,1.102705,-0.04020784,1.103503,0.02208849,0.05518705,-0.01067715,0.9981746,6.924873,0.3657393,0.9137823,-0.1767913,False
1773055722119,12.8593,0.1392302,1.006294,0.2153461,1.038454,0.01698442,-0.2148302,-0.4521698,0.8655068,60.11876,0.03390799,-0.4288909,-0.9027198,0.03055657,0.9931219,0.2808746,1.032529,0.02724102,0.9940184,0.2968462,1.037753,0.07978832,0.9996595,0.2583026,1.03557,-0.02164938,-0.08198108,0.1052493,0.1351555,-0.01811951,-0.08035923,0.122114,0.1473015,-0.009632315,-0.04279914,0.06450471,0.07800901,-0.02134368,-0.08221567,0.1051863,0.1352003,-0.01794749,-0.08090503,0.1202059,0.1460041,-0.009632912,-0.0430352,0.06459894,0.07821665,-0.01191038,-0.05250266,0.0774169,0.09429614,-0.4623764,0.7990193,0.2636492,0.2797594,147.5083,-0.4816068,0.832251,0.2746145,3.619489,-0.008348512,-0.04956629,0.09366322,0.1062982,0.4583121,0.7895969,0.3955252,0.1002341,168.4947,0.4606319,0.7935935,0.3975272,0.5831857,False,True,False,-0.103997,0.5971797,0.1249399,0.6189094,-0.1061508,-0.2346101,-0.3328392,-0.9071429,310.2269,-0.252246,-0.5575035,-0.790925,0.01403867,0.5827086,0.1802366,0.6101079,0.01147373,0.5496799,0.2134502,0.5897801,-0.03347261,0.5609555,0.167046,0.5862557,0.0527562,-0.06043794,0.1134278,0.1389311,0.01557854,-0.07310952,0.143872,0.1621322,0.009014239,-0.05484416,0.07716662,0.09509903,0.05292389,-0.06045033,0.1133402,0.1389287,0.01560545,-0.07312952,0.143842,0.1621172,0.009014591,-0.05478391,0.07716227,0.0950608,0.02157586,-0.06248317,0.1087914,0.1272998,-0.8974503,-0.1046989,0.4157683,0.1037204,168.0931,-0.9023169,-0.1052666,0.4180229,14.05776,0,0,0,0,0,0,0,0,0,1,0,0,0.3649242,False,True,False,0.0715903,0.9970901,0.2684804,1.035082,0.7083768,0.2604947,0.4492532,0.4780338,122.8859,0.8064936,0.2965757,0.511479,-0.0215903,0.002909899,0.03151959,0.03831571,0.002155635,0.1323087,0.115574,0.9844453,20.2378,0.01226943,0.7530738,0.6578234,0.01169644,1.10247,-0.03999723,1.103257,0.02283086,0.05543152,-0.01013141,0.9981501,6.9712,0.3755207,0.9117345,-0.1666409,False
1773055722133,12.87306,0.1392515,1.006467,0.2152061,1.038596,0.01610139,-0.2146414,-0.4505145,0.8664333,59.90646,0.03224839,-0.4298907,-0.9023049,0.03066491,0.993239,0.2808527,1.032639,0.02694637,0.9948152,0.299109,1.039158,0.07991105,0.9997229,0.258242,1.035626,-0.02184383,-0.08193588,0.1052341,0.1351475,-0.01822338,-0.07971297,0.1245805,0.1490187,-0.009629924,-0.04279282,0.06447672,0.0779821,-0.02144695,-0.08215788,0.1051961,0.1351892,-0.01800441,-0.08065888,0.1211196,0.1466287,-0.009632296,-0.04298466,0.06457361,0.07816785,-0.01202464,-0.05282221,0.07813382,0.09507719,-0.4672145,0.7962342,0.261205,0.2819463,147.2472,-0.4869708,0.8299032,0.2722502,3.840773,-0.008348512,-0.04956629,0.09366322,0.1062982,0.4583121,0.7895969,0.3955252,0.1002341,168.4947,0.4606319,0.7935935,0.3975272,0.9434257,False,True,False,-0.1040103,0.5973042,0.1249843,0.6190408,-0.1061608,-0.2345566,-0.3328004,-0.9071698,310.2343,-0.2523045,-0.5574533,-0.7909418,0.01399755,0.5827728,0.1803243,0.6101941,0.01144708,0.5497926,0.2135159,0.5899085,-0.03348432,0.5610615,0.167097,0.5863724,0.05269706,-0.06045074,0.1134484,0.138931,0.01557624,-0.07310289,0.1438827,0.1621384,0.009013745,-0.05485725,0.07717277,0.09511153,0.05287709,-0.06045042,0.1133625,0.1389291,0.01559943,-0.07312403,0.1438504,0.1621216,0.009014416,-0.05479904,0.07716443,0.09507126,0.02155237,-0.06248672,0.1087935,0.1272993,-0.8976188,-0.1047445,0.4154327,0.1035599,168.1116,-0.9024712,-0.1053107,0.4176785,14.04264,0,0,0,0,0,0,0,0,0,1,0,0,0.3654916,False,True,False,0.0715903,0.9970901,0.2684804,1.035082,0.7083768,0.2604947,0.4492532,0.4780338,122.8859,0.8064936,0.2965757,0.511479,-0.0215903,0.002909899,0.03151959,0.03831571,0.002155635,0.1323087,0.115574,0.9844453,20.2378,0.01226943,0.7530738,0.6578234,0.01128766,1.102279,-0.03981706,1.103056,0.02384794,0.05582998,-0.009919059,0.9981062,7.053511,0.3876787,0.9075873,-0.1612469,False
1773055722146,12.88701,0.139273,1.006652,0.2150577,1.038747,0.01501593,-0.2144431,-0.4484451,0.8675746,59.644,0.03019448,-0.4312085,-0.9017469,0.0307983,0.9933144,0.2808519,1.032715,0.02679714,0.9954761,0.3010503,1.040347,0.08004724,0.9997677,0.2581916,1.035667,-0.02204473,-0.08189438,0.1052139,0.1351393,-0.01831188,-0.07912445,0.1266485,0.1504522,-0.009627278,-0.04279315,0.06444865,0.07795876,-0.02157164,-0.08210292,0.1051998,0.1351785,-0.01806847,-0.08033945,0.1222782,0.1474207,-0.009631251,-0.04294437,0.06454746,0.07812397,-0.01216772,-0.05323281,0.07905887,0.09608377,-0.4727921,0.7929557,0.2583289,0.2845261,146.9389,-0.493176,0.827143,0.2694665,4.12826,-0.008348512,-0.04956629,0.09366322,0.1062982,0.4583121,0.7895969,0.3955252,0.1002341,168.4947,0.4606319,0.7935935,0.3975272,1.111931,False,True,False,-0.1040242,0.597433,0.1250306,0.6191767,-0.1061705,-0.2344898,-0.3327549,-0.9072026,310.2432,-0.2523699,-0.5573882,-0.7909667,0.01395376,0.5828357,0.1804164,0.6102805,0.01141731,0.5499079,0.2135863,0.5900408,-0.03349818,0.5611706,0.1671522,0.5864933,0.05263544,-0.06046592,0.1134686,0.1389307,0.0155747,-0.07309596,0.1438938,0.162145,0.009013212,-0.05486995,0.0771797,0.09512442,0.05282674,-0.06045364,0.1133846,0.1389294,0.01559428,-0.07311819,0.1438594,0.1621265,0.009014166,-0.05481381,0.07716761,0.09508233,0.02152734,-0.06249075,0.1087957,0.127299,-0.8977956,-0.1047519,0.4150847,0.1034164,168.1281,-0.9026353,-0.1053166,0.4173223,14.02597,0,0,0,0,0,0,0,0,0,1,0,0,0.3660617,False,True,False,0.0715903,0.9970901,0.2684804,1.035082,0.7083768,0.2604947,0.4492532,0.4780338,122.8859,0.8064936,0.2965757,0.511479,-0.0215903,0.002909899,0.03151959,0.03831571,0.002155635,0.1323087,0.115574,0.9844453,20.2378,0.01226943,0.7530738,0.6578234,0.01082673,1.102032,-0.03964098,1.102798,0.02525483,0.05669944,-0.009952887,0.9980222,7.208262,0.4017484,0.9019626,-0.1583284,False
1773055722161,12.90098,0.1397102,1.006987,0.2145556,1.039026,0.01335655,-0.2143556,-0.4460606,0.8688517,59.34905,0.02697899,-0.4329782,-0.9010007,0.03125341,0.9937991,0.2804418,1.033083,0.02657214,0.9979633,0.3065492,1.044322,0.08059184,0.9999768,0.2578305,1.035821,-0.02253909,-0.08183783,0.1051758,0.1351569,-0.0185413,-0.07706825,0.1329289,0.1547688,-0.009621413,-0.04282287,0.06444043,0.07796755,-0.021774,-0.08204751,0.1051948,0.1351734,-0.01816722,-0.07965538,0.1245085,0.1489207,-0.009629198,-0.04291878,0.06452503,0.07809111,-0.01243535,-0.05400734,0.08088721,0.09805188,-0.4830145,0.786732,0.253233,0.2891761,146.3827,-0.5045719,0.8218446,0.2645351,4.705129,-0.008348512,-0.04956629,0.09366322,0.1062982,0.4583121,0.7895969,0.3955252,0.1002341,168.4947,0.4606319,0.7935935,0.3975272,1.2959,False,True,False,-0.1040156,0.597386,0.1250841,0.6191408,-0.1062282,-0.2344303,-0.3326364,-0.9072547,310.2574,-0.2525744,-0.5573955,-0.790896,0.01393675,0.5826955,0.1804993,0.6101707,0.01140958,0.5498229,0.2136489,0.5899841,-0.03349563,0.5610949,0.1672139,0.5864384,0.05257672,-0.06049118,0.1134821,0.1389305,0.01557701,-0.07309441,0.1438999,0.16215,0.009012621,-0.05487594,0.07718946,0.09513574,0.05277453,-0.06046147,0.1134049,0.1389296,0.01559068,-0.07311323,0.1438679,0.1621314,0.009013844,-0.05482678,0.07717217,0.09509347,0.02150182,-0.06249541,0.1087978,0.1272987,-0.8979709,-0.1047106,0.4147406,0.103316,168.1397,-0.9028023,-0.1052739,0.416972,14.00799,0,0,0,0,0,0,0,0,0,1,0,0,0.3663599,False,True,False,0.0715903,0.9970901,0.2684804,1.035082,0.7083768,0.2604947,0.4492532,0.4780338,122.8859,0.8064936,0.2965757,0.511479,-0.0215903,0.002909899,0.03151959,0.03831571,0.002155635,0.1323087,0.115574,0.9844453,20.2378,0.01226943,0.7530738,0.6578234,0.01034885,1.101886,-0.03933256,1.102636,0.02646165,0.05722538,-0.009198031,0.9979682,7.306039,0.4153182,0.8981581,-0.144364,False
1773055722174,12.91501,0.1403,1.007437,0.2138791,1.039403,0.01162314,-0.2142987,-0.4435568,0.8701714,59.04287,0.02358836,-0.4349043,-0.9001676,0.03187381,0.994353,0.2798646,1.033479,0.02704294,0.9999882,0.3099445,1.047269,0.08128534,1.000293,0.2572991,1.036048,-0.0229972,-0.08179444,0.1051303,0.1351725,-0.01871338,-0.07539798,0.1370357,0.157524,-0.00961492,-0.04286189,0.06443479,0.07798353,-0.02203086,-0.08199445,0.1051813,0.1351723,-0.01828167,-0.07875886,0.1271713,0.1506974,-0.009626211,-0.04290676,0.06450607,0.07806848,-0.01274798,-0.05483443,0.08309855,0.1003728,-0.4921955,0.7809293,0.2480742,0.2938579,145.8219,-0.51493,0.8170004,0.2595328,5.418842,-0.008348512,-0.04956629,0.09366322,0.1062982,0.4583121,0.7895969,0.3955252,0.1002341,168.4947,0.4606319,0.7935935,0.3975272,1.299223,False,True,False,-0.1040061,0.5973322,0.1251395,0.6190984,-0.1062913,-0.2343609,-0.3325035,-0.907314,310.2735,-0.2528015,-0.5574,-0.7908208,0.01391937,0.5825406,0.1805842,0.6100475,0.01140063,0.5497267,0.2137136,0.5899177,-0.0334943,0.5610105,0.1672795,0.5863762,0.05251634,-0.06051969,0.1134943,0.13893,0.01558051,-0.07309342,0.1439056,0.162155,0.009012048,-0.05488069,0.07720014,0.09514709,0.05272045,-0.06047365,0.1134237,0.1389296,0.01558855,-0.07310908,0.1438758,0.1621363,0.009013468,-0.05483806,0.07717802,0.09510469,0.02147577,-0.06250069,0.1087996,0.1272985,-0.8981457,-0.1046231,0.4143989,0.1032561,168.1466,-0.9029723,-0.1051853,0.4166259,13.98873,0,0,0,0,0,0,0,0,0,1,0,0,0.3667391,False,True,False,0.0715903,0.9970901,0.2684804,1.035082,0.7083768,0.2604947,0.4492532,0.4780338,122.8859,0.8064936,0.2965757,0.511479,-0.0215903,0.002909899,0.03151959,0.03831571,0.002155635,0.1323087,0.115574,0.9844453,20.2378,0.01226943,0.7530738,0.6578234,0.009782339,1.101869,-0.03895922,1.102601,0.02711657,0.05731298,-0.007434274,0.9979603,7.320283,0.4247717,0.897788,-0.1164553,False
1773055722188,12.92889,0.1425903,1.008613,0.2119522,1.04046,0.00633651,-0.2121634,-0.4412456,0.8719225,58.63436,0.01294106,-0.4333013,-0.9011562,0.03451231,0.9962839,0.278735,1.035116,0.03050315,1.006455,0.3177758,1.055871,0.08385248,1.001575,0.2560881,1.037191,-0.02373821,-0.08173638,0.1050709,0.1352192,-0.01919842,-0.07021423,0.1461957,0.1633151,-0.009598159,-0.04299312,0.06459852,0.07818889,-0.02238681,-0.08194081,0.1051584,0.1351805,-0.01847229,-0.07696071,0.1312503,0.1532671,-0.009620392,-0.04292483,0.06452532,0.0780936,-0.0132231,-0.05585378,0.0865836,0.1038808,-0.5055043,0.7721419,0.2405887,0.3006316,145.0089,-0.5300229,0.8095934,0.2522581,6.594387,-0.008348512,-0.04956629,0.09366322,0.1062982,0.4583121,0.7895969,0.3955252,0.1002341,168.4947,0.4606319,0.7935935,0.3975272,1.299998,False,True,False,-0.1040792,0.5973231,0.1251688,0.6191078,-0.1063428,-0.2343844,-0.3324333,-0.9073275,310.2772,-0.2529414,-0.5574948,-0.7907089,0.01383507,0.5824796,0.1806245,0.6099993,0.01132847,0.5496887,0.21371,0.5898796,-0.03357043,0.5609909,0.1672994,0.5863675,0.05247688,-0.06052871,0.1135085,0.1389306,0.01558402,-0.07310746,0.143887,0.1621451,0.009013646,-0.05487897,0.07719791,0.09514444,0.05266986,-0.06048507,0.1134413,0.1389298,0.01558761,-0.07310875,0.1438781,0.1621381,0.009013506,-0.05484655,0.07718214,0.09511293,0.02145194,-0.06250562,0.1087977,0.1272952,-0.8983092,-0.1045803,0.4140604,0.1032356,168.149,-0.9031348,-0.1051421,0.4162846,13.97001,0,0,0,0,0,0,0,0,0,1,0,0,0.3660467,False,True,False,0.0715903,0.9970901,0.2684804,1.035082,0.7083768,0.2604947,0.4492532,0.4780338,122.8859,0.8064936,0.2965757,0.511479,-0.0215903,0.002909899,0.03151959,0.03831571,0.002155635,0.1323087,0.115574,0.9844453,20.2378,0.01226943,0.7530738,0.6578234,0.009252607,1.101941,-0.03853449,1.102654,0.02722757,0.05671445,-0.005191138,0.9980056,7.238405,0.4313288,0.8984485,-0.08223602,False
1773055722202,12.94261,0.1448187,1.009751,0.2100812,1.041492,0.0006527602,-0.2098689,-0.438807,0.8737293,58.21009,0.00134199,-0.431463,-0.9021298,0.03714951,0.9981242,0.2777187,1.036706,0.03443088,1.011258,0.3218261,1.061791,0.08624232,1.002785,0.25511,1.038315,-0.02440279,-0.08172438,0.1049808,0.1352603,-0.01948304,-0.06671762,0.1511946,0.166405,-0.009562884,-0.04326248,0.06494132,0.07861593,-0.02280411,-0.08189621,0.1051219,0.1351948,-0.01868078,-0.07480473,0.1355595,0.1559522,-0.009608568,-0.04299475,0.06461113,0.07820148,-0.01371558,-0.0566484,0.09037457,0.1075394,-0.5149093,0.7654758,0.2340382,0.3068248,144.264,-0.541004,0.8042689,0.2458989,7.894178,-0.008348512,-0.04956629,0.09366322,0.1062982,0.4583121,0.7895969,0.3955252,0.1002341,168.4947,0.4606319,0.7935935,0.3975272,1.3,False,True,False,-0.104157,0.5973113,0.1251978,0.6191154,-0.1063971,-0.2344122,-0.3323599,-0.9073409,310.2809,-0.2530881,-0.5575992,-0.7905884,0.01374727,0.5824163,0.1806625,0.6099481,0.01125252,0.5496461,0.2137007,0.5898352,-0.03365228,0.5609698,0.167318,0.5863574,0.0524391,-0.0605375,0.1135221,0.1389313,0.01558851,-0.07312404,0.1438647,0.1621332,0.009015593,-0.05487533,0.07719461,0.09513985,0.05262234,-0.06049585,0.1134579,0.13893,0.0155878,-0.07311189,0.1438754,0.1621371,0.009013935,-0.05485247,0.07718471,0.09511847,0.0214301,-0.06251022,0.1087923,0.1272892,-0.8984627,-0.1045783,0.4137237,0.1032516,168.1471,-0.9032906,-0.1051403,0.4159468,13.95174,0,0,0,0,0,0,0,0,0,1,0,0,0.3654452,False,True,False,0.0715903,0.9970901,0.2684804,1.035082,0.7083768,0.2604947,0.4492532,0.4780338,122.8859,0.8064936,0.2965757,0.511479,-0.0215903,0.002909899,0.03151959,0.03831571,0.002155635,0.1323087,0.115574,0.9844453,20.2378,0.01226943,0.7530738,0.6578234,0.008847934,1.101917,-0.03816513,1.102613,0.02711416,0.0557912,-0.003084117,0.9980695,7.12158,0.4365698,0.8983037,-0.0496579,False
1773055722216,12.95653,0.1467161,1.010716,0.2084913,1.042373,-0.00487791,-0.2076364,-0.4364716,0.8754176,57.81113,-0.01009152,-0.4295623,-0.9029812,0.03943043,0.9996789,0.2768862,1.038065,0.03818715,1.015453,0.3249109,1.06685,0.08825487,1.003818,0.254439,1.039317,-0.02498989,-0.08180607,0.1048175,0.1352902,-0.01971589,-0.06368577,0.1549482,0.1686818,-0.009522311,-0.04356874,0.06533905,0.07910816,-0.02326244,-0.08187743,0.1050586,0.1352123,-0.01889689,-0.07241686,0.1398557,0.1586219,-0.009590633,-0.04311483,0.06476283,0.07839064,-0.01420205,-0.05716281,0.09426421,0.1111532,-0.5211576,0.7605426,0.2284517,0.3126974,143.5563,-0.548672,0.8006952,0.2405128,9.245662,-0.008348512,-0.04956629,0.09366322,0.1062982,0.4583121,0.7895969,0.3955252,0.1002341,168.4947,0.4606319,0.7935935,0.3975272,1.3,False,True,False,-0.1042392,0.5972968,0.1252268,0.6191212,-0.1064543,-0.2344441,-0.3322831,-0.9073541,310.2845,-0.2532412,-0.5577129,-0.7904595,0.0136563,0.5823508,0.1806982,0.6098941,0.01117297,0.549599,0.213686,0.5897844,-0.03373957,0.5609471,0.1673353,0.5863456,0.05240303,-0.06054612,0.1135351,0.1389321,0.01559386,-0.07314318,0.1438388,0.1621194,0.009017798,-0.05486988,0.07719025,0.09513337,0.05257667,-0.0605063,0.1134739,0.1389304,0.01558906,-0.0731184,0.1438678,0.1621334,0.009014738,-0.05485609,0.07718586,0.09512157,0.02140964,-0.06251463,0.1087836,0.1272805,-0.8986102,-0.1046142,0.4133814,0.1033025,168.1413,-0.9034437,-0.1051769,0.4156049,13.93347,0,0,0,0,0,0,0,0,0,1,0,0,0.3648592,False,True,False,0.0715903,0.9970901,0.2684804,1.035082,0.7083768,0.2604947,0.4492532,0.4780338,122.8859,0.8064936,0.2965757,0.511479,-0.0215903,0.002909899,0.03151959,0.03831571,0.002155635,0.1323087,0.115574,0.9844453,20.2378,0.01226943,0.7530738,0.6578234,0.00843735,1.101782,-0.03786907,1.102465,0.02742203,0.05537217,-0.001219518,0.9980884,7.086522,0.4437056,0.8959563,-0.01973256,False
1773055722230,12.9705,0.1543675,1.011706,0.2026847,1.043293,-0.01875096,-0.2030084,-0.4344355,0.8773265,57.35695,-0.03907315,-0.4230277,-0.9052741,0.04642037,1.005738,0.2719023,1.042878,0.05139223,1.025541,0.3285443,1.078108,0.09494416,1.005104,0.2519788,1.040549,-0.02967819,-0.08145095,0.1047781,0.1359909,-0.02031382,-0.05574114,0.1623943,0.172892,-0.00926985,-0.04532138,0.06781299,0.08208873,-0.02461867,-0.08178832,0.1050002,0.135353,-0.01919376,-0.06877902,0.1449398,0.161575,-0.009523783,-0.04357633,0.06539889,0.07916195,-0.01490653,-0.05746742,0.09935281,0.1157398,-0.5149649,0.76276,0.2211062,0.3226771,142.3502,-0.5440676,0.8058665,0.2336017,10.99536,-0.008348512,-0.04956629,0.09366322,0.1062982,0.4583121,0.7895969,0.3955252,0.1002341,168.4947,0.4606319,0.7935935,0.3975272,1.3,False,True,False,-0.1043157,0.597271,0.1252144,0.6191066,-0.1064919,-0.234584,-0.3321664,-0.9073563,310.2851,-0.2533336,-0.5580518,-0.7901905,0.01358555,0.5822983,0.180668,0.6098334,0.01111358,0.5495485,0.2136188,0.5897118,-0.03381358,0.5609163,0.1673019,0.5863109,0.05238598,-0.06054114,0.1135465,0.1389328,0.01559687,-0.07315868,0.1438174,0.1621076,0.009020738,-0.05486439,0.07718612,0.09512714,0.05253686,-0.06051356,0.1134891,0.1389308,0.01559069,-0.07312679,0.1438573,0.1621281,0.009015989,-0.05485782,0.07718591,0.09512273,0.02139229,-0.0625181,0.1087734,0.1272706,-0.8987399,-0.1046998,0.4130622,0.1033644,168.1341,-0.9035798,-0.1052636,0.4152867,13.91707,0,0,0,0,0,0,0,0,0,1,0,0,0.3634678,False,True,False,0.0715903,0.9970901,0.2684804,1.035082,0.7083768,0.2604947,0.4492532,0.4780338,122.8859,0.8064936,0.2965757,0.511479,-0.0215903,0.002909899,0.03151959,0.03831571,0.002155635,0.1323087,0.115574,0.9844453,20.2378,0.01226943,0.7530738,0.6578234,0.008193925,1.101512,-0.03763949,1.102185,0.02788766,0.05489744,0.0004728897,0.9981024,7.060614,0.4528932,0.8915296,0.007679686,False
1773055722244,12.98419,0.1601436,1.012505,0.1982927,1.044094,-0.03160386,-0.1986746,-0.4324645,0.8789221,56.97478,-0.06626029,-0.4165389,-0.9067001,0.05214153,1.010481,0.2684656,1.046836,0.06192358,1.032816,0.3296387,1.085912,0.1006258,1.00657,0.2500911,1.042043,-0.03298738,-0.0811071,0.1046631,0.1364584,-0.02060529,-0.05080048,0.1662661,0.1750706,-0.009124148,-0.04626541,0.06929766,0.08382067,-0.0263734,-0.08164807,0.1049309,0.1355451,-0.01948529,-0.06486416,0.149741,0.1643454,-0.009441733,-0.04412856,0.06620266,0.08012033,-0.01566059,-0.05730863,0.1043512,0.1200779,-0.503346,0.7676342,0.212909,0.3347391,140.8867,-0.5341613,0.8146294,0.2259435,12.73484,-0.008348512,-0.04956629,0.09366322,0.1062982,0.4583121,0.7895969,0.3955252,0.1002341,168.4947,0.4606319,0.7935935,0.3975272,1.3,False,True,False,-0.1043955,0.5972424,0.1251995,0.6190895,-0.1065296,-0.2347399,-0.3320423,-0.9073569,310.2852,-0.253424,-0.5584245,-0.7898977,0.01351407,0.5822464,0.1806306,0.6097712,0.01105311,0.5494946,0.2135435,0.5896332,-0.03389092,0.560884,0.1672641,0.5862736,0.05237266,-0.06053425,0.1135571,0.1389334,0.01560026,-0.0731758,0.1437934,0.1620944,0.009023986,-0.05485738,0.07718115,0.09511936,0.05250309,-0.06051781,0.113503,0.1389313,0.01559265,-0.07313685,0.1438441,0.1621211,0.00901763,-0.05485773,0.07718494,0.09512205,0.02137811,-0.06252062,0.108762,0.1272597,-0.8988509,-0.1048298,0.4127696,0.1034362,168.1259,-0.9036982,-0.1053952,0.4149955,13.90262,0,0,0,0,0,0,0,0,0,1,0,0,0.3622673,False,True,False,0.0715903,0.9970901,0.2684804,1.035082,0.7083768,0.2604947,0.4492532,0.4780338,122.8859,0.8064936,0.2965757,0.511479,-0.0215903,0.002909899,0.03151959,0.03831571,0.002155635,0.1323087,0.115574,0.9844453,20.2378,0.01226943,0.7530738,0.6578234,0.008024065,1.101297,-0.03745886,1.101964,0.02853061,0.0544008,0.002355688,0.9981087,7.048735,0.4641159,0.8849539,0.03832066,False
1773055722258,12.99823,0.1675116,1.011782,0.1908156,1.043156,-0.03642409,-0.2021009,-0.4324308,0.8779705,57.20298,-0.07608725,-0.4221741,-0.9033163,0.05488487,1.021813,0.2556586,1.05474,0.07247925,1.03896,0.3254999,1.091166,0.1055449,1.005897,0.2453926,1.040762,-0.04631476,-0.07811528,0.1040174,0.1380822,-0.02110825,-0.04416486,0.1700733,0.1769775,-0.008750489,-0.04829013,0.07267935,0.08769719,-0.03070966,-0.08090436,0.1047396,0.1358638,-0.01982731,-0.06020554,0.1544542,0.1669549,-0.009296986,-0.04500209,0.06757184,0.08171643,-0.01689208,-0.05670183,0.1097018,0.1246392,-0.4599467,0.7878321,0.1980171,0.3585512,137.9775,-0.4927067,0.843946,0.212121,14.73485,-0.008348512,-0.04956629,0.09366322,0.1062982,0.4583121,0.7895969,0.3955252,0.1002341,168.4947,0.4606319,0.7935935,0.3975272,1.3,False,True,False,-0.1044262,0.5972711,0.125205,0.6191235,-0.1064614,-0.2349223,-0.3319691,-0.9073445,310.2819,-0.2532456,-0.5588229,-0.7896735,0.0134948,0.5822851,0.1806176,0.6098039,0.01105104,0.5495393,0.2135116,0.5896633,-0.03391476,0.5609281,0.1672573,0.5863152,0.05236479,-0.06052567,0.1135671,0.1389349,0.01560726,-0.0731856,0.1437819,0.1620893,0.009026543,-0.05484922,0.07717811,0.09511244,0.05247411,-0.06051945,0.1135165,0.1389321,0.01559571,-0.07314705,0.1438311,0.1621145,0.009019494,-0.05485595,0.07718351,0.09512004,0.02136636,-0.06252187,0.1087507,0.1272486,-0.8989484,-0.1049831,0.4124996,0.1035106,168.1173,-0.9038033,-0.1055501,0.4147274,13.88988,0,0,0,0,0,0,0,0,0,1,0,0,0.3610947,False,True,False,0.0715903,0.9970901,0.2684804,1.035082,0.7083768,0.2604947,0.4492532,0.4780338,122.8859,0.8064936,0.2965757,0.511479,-0.0215903,0.002909899,0.03151959,0.03831571,0.002155635,0.1323087,0.115574,0.9844453,20.2378,0.01226943,0.7530738,0.6578234,0.007963719,1.101115,-0.03726091,1.101774,0.02903185,0.05348438,0.004303633,0.9981373,6.995312,0.4758712,0.876681,0.07054234,False
1773055722272,13.01208,0.1734412,1.01135,0.1849123,1.042642,-0.0407473,-0.2047584,-0.4323304,0.8772138,57.38385,-0.08487255,-0.4264913,-0.9005011,0.05934081,1.02876,0.2468088,1.059614,0.0806058,1.043221,0.3213579,1.094568,0.1100205,1.005754,0.2412077,1.040109,-0.05336855,-0.075289,0.1036009,0.1387436,-0.02136355,-0.03994773,0.1721991,0.1780583,-0.008514473,-0.04947732,0.07473274,0.09003046,-0.03567703,-0.07972829,0.1045032,0.1361998,-0.02014807,-0.05563471,0.158558,0.1692389,-0.009134679,-0.04593583,0.06907968,0.08345984,-0.01828931,-0.05567633,0.1144201,0.1285547,-0.4134695,0.80442,0.1778998,0.3876895,134.3784,-0.4485506,0.8726717,0.1929938,16.68516,-0.008348512,-0.04956629,0.09366322,0.1062982,0.4583121,0.7895969,0.3955252,0.1002341,168.4947,0.4606319,0.7935935,0.3975272,1.3,False,True,False,-0.1044567,0.5973011,0.1252096,0.6191585,-0.1063798,-0.2351209,-0.3318965,-0.9073291,310.2776,-0.2530317,-0.5592511,-0.7894385,0.01347841,0.5823321,0.1806007,0.6098434,0.01105231,0.5495901,0.2134775,0.5896983,-0.03393769,0.5609769,0.1672494,0.586361,0.0523607,-0.06051529,0.1135766,0.1389366,0.01561509,-0.07319561,0.1437701,0.1620841,0.009029247,-0.05483975,0.0771747,0.09510446,0.05245058,-0.06051859,0.1135289,0.138933,0.01559972,-0.0731571,0.1438185,0.1621082,0.009021513,-0.0548526,0.07718168,0.09511681,0.02135732,-0.0625219,0.1087397,0.1272377,-0.8990299,-0.1051537,0.4122597,0.1035857,168.1086,-0.9038923,-0.1057225,0.4144894,13.87915,0,0,0,0,0,0,0,0,0,1,0,0,0.3600816,False,True,False,0.0715903,0.9970901,0.2684804,1.035082,0.7083768,0.2604947,0.4492532,0.4780338,122.8859,0.8064936,0.2965757,0.511479,-0.0215903,0.002909899,0.03151959,0.03831571,0.002155635,0.1323087,0.115574,0.9844453,20.2378,0.01226943,0.7530738,0.6578234,0.007912716,1.10083,-0.03712096,1.101484,0.0293134,0.05250841,0.005684311,0.998174,6.926004,0.4852894,0.8692876,0.09410494,False
1773055722286,13.0259,0.1810794,1.010588,0.1734246,1.041228,-0.05288514,-0.2166722,-0.4302753,0.8747112,57.97838,-0.1091215,-0.4470743,-0.8878161,0.06536955,1.03914,0.2290329,1.066087,0.0888053,1.04986,0.3091167,1.098019,0.1021817,1.000721,0.2422727,1.034688,-0.06274498,-0.07066574,0.1023708,0.139321,-0.021711,-0.03635193,0.1736548,0.1787423,-0.00619082,-0.06450232,0.09063956,0.11142,-0.04172357,-0.07781787,0.1040604,0.1364736,-0.0204742,-0.05124451,0.1620605,0.1711981,-0.008523289,-0.04987263,0.07370211,0.08939758,-0.02010146,-0.05553302,0.1207,0.1343744,-0.3449927,0.8170633,0.1365738,0.4412882,127.6278,-0.3844506,0.9105134,0.1521942,17.7375,-0.008348512,-0.04956629,0.09366322,0.1062982,0.4583121,0.7895969,0.3955252,0.1002341,168.4947,0.4606319,0.7935935,0.3975272,1.3,False,True,False,-0.1045062,0.5972964,0.1252193,0.6191642,-0.1061492,-0.2352952,-0.3318645,-0.9073227,310.2759,-0.2524749,-0.5596473,-0.7893363,0.01343097,0.5823538,0.1806145,0.6098672,0.01102886,0.5496444,0.2134822,0.5897502,-0.03398113,0.5610093,0.1672666,0.5863994,0.05233807,-0.06051585,0.1135875,0.1389372,0.01562393,-0.07320344,0.1437631,0.1620823,0.00903148,-0.05483098,0.07717177,0.09509724,0.05242728,-0.06051802,0.113541,0.1389339,0.01560473,-0.07316668,0.143807,0.1621028,0.009023573,-0.05484813,0.07717963,0.09511276,0.02134838,-0.06252138,0.1087289,0.1272268,-0.8991116,-0.1053113,0.4120204,0.1036683,168.0991,-0.9039823,-0.1058818,0.4142525,13.8686,0,0,0,0,0,0,0,0,0,1,0,0,0.3600177,False,True,False,0.0715903,0.9970901,0.2684804,1.035082,0.7083768,0.2604947,0.4492532,0.4780338,122.8859,0.8064936,0.2965757,0.511479,-0.0215903,0.002909899,0.03151959,0.03831571,0.002155635,0.1323087,0.115574,0.9844453,20.2378,0.01226943,0.7530738,0.6578234,0.007917271,1.100615,-0.03703642,1.101267,0.02993044,0.05188382,0.006325967,0.9981844,6.906074,0.4969314,0.8614207,0.1050292,False
1773055722300,13.03993,0.1875045,1.010069,0.1642057,1.040365,-0.06510926,-0.2280298,-0.4280871,0.8720692,58.60001,-0.1330437,-0.4659541,-0.8747495,0.07147779,1.047016,0.2143573,1.071121,0.09565195,1.056222,0.2985951,1.101778,0.1035627,1.001746,0.2382793,1.03489,-0.06905109,-0.06662003,0.1012717,0.1395071,-0.02201796,-0.03335499,0.1747265,0.1792392,-0.00518042,-0.06813615,0.09733139,0.1189234,-0.0480105,-0.07540786,0.1034732,0.1367409,-0.02080029,-0.04709185,0.1650382,0.1728812,-0.007818933,-0.05385068,0.07892605,0.09586632,-0.02226732,-0.05493443,0.1257314,0.1390036,-0.2777286,0.8123025,0.08316077,0.5060788,119.194,-0.322009,0.9418141,0.09641972,18.8864,-0.008348512,-0.04956629,0.09366322,0.1062982,0.4583121,0.7895969,0.3955252,0.1002341,168.4947,0.4606319,0.7935935,0.3975272,1.3,False,True,False,-0.1045568,0.5972903,0.1252288,0.6191688,-0.1058876,-0.2354794,-0.3318384,-0.907315,310.2738,-0.2518425,-0.5600631,-0.789243,0.01338282,0.5823808,0.180629,0.6098962,0.01100603,0.5497065,0.21349,0.5898104,-0.03402533,0.5610458,0.1672859,0.5864424,0.0523157,-0.0605166,0.113598,0.1389378,0.01563356,-0.07321104,0.1437567,0.162081,0.009033789,-0.05482124,0.07716857,0.09508925,0.0524039,-0.06051772,0.113553,0.1389347,0.01561076,-0.07317596,0.1437965,0.1620983,0.00902571,-0.0548425,0.07717732,0.09510784,0.02133944,-0.06252034,0.1087182,0.1272156,-0.8991945,-0.1054586,0.4117787,0.1037595,168.0886,-0.9040744,-0.1060309,0.4140133,13.85806,0,0,0,0,0,0,0,0,0,1,0,0,0.359936,False,True,False,0.0715903,0.9970901,0.2684804,1.035082,0.7083768,0.2604947,0.4492532,0.4780338,122.8859,0.8064936,0.2965757,0.511479,-0.0215903,0.002909899,0.03151959,0.03831571,0.002155635,0.1323087,0.115574,0.9844453,20.2378,0.01226943,0.7530738,0.6578234,0.008079607,1.100375,-0.03692063,1.101023,0.03062914,0.05136977,0.006293389,0.9981901,6.895406,0.5093189,0.8542061,0.1046501,False
1773055722314,13.05386,0.1931764,1.009699,0.1563953,1.03984,-0.07610068,-0.2377436,-0.4260238,0.8695921,59.17746,-0.1541215,-0.4814857,-0.8627965,0.07749921,1.053689,0.2014613,1.075572,0.1019474,1.062068,0.2894174,1.105507,0.1061383,1.003562,0.2338142,1.035891,-0.07421518,-0.06273231,0.1001222,0.1395267,-0.02233213,-0.03051155,0.1756298,0.1796539,-0.004501036,-0.06996062,0.1017614,0.1235723,-0.05410204,-0.0726668,0.1027693,0.1370001,-0.02112244,-0.04323774,0.1675165,0.1742913,-0.007121542,-0.05738376,0.08403292,0.1020056,-0.02469903,-0.05399644,0.1289727,0.1419846,-0.2225489,0.792322,0.02310393,0.5675948,110.8346,-0.2703107,0.9623641,0.02806231,20.33488,-0.008348512,-0.04956629,0.09366322,0.1062982,0.4583121,0.7895969,0.3955252,0.1002341,168.4947,0.4606319,0.7935935,0.3975272,1.3,False,True,False,-0.1046083,0.5972829,0.125238,0.6191723,-0.1055958,-0.2356728,-0.3318181,-0.9073063,310.2714,-0.2511373,-0.5604978,-0.7891591,0.01333395,0.5824129,0.1806441,0.6099302,0.01098384,0.5497761,0.2135009,0.5898789,-0.03407031,0.5610861,0.1673075,0.5864897,0.05229341,-0.06051767,0.1136083,0.1389382,0.01564393,-0.07321858,0.1437509,0.1620803,0.009036114,-0.05481048,0.07716519,0.09508052,0.05238087,-0.06051771,0.1135645,0.1389354,0.01561766,-0.07318483,0.143787,0.1620945,0.009027874,-0.05483584,0.07717479,0.09510215,0.02133067,-0.06251881,0.1087076,0.1272043,-0.8992772,-0.1055936,0.4115386,0.1038579,168.0773,-0.9041669,-0.1061677,0.4137762,13.84774,0,0,0,0,0,0,0,0,0,1,0,0,0.3598702,False,True,False,0.0715903,0.9970901,0.2684804,1.035082,0.7083768,0.2604947,0.4492532,0.4780338,122.8859,0.8064936,0.2965757,0.511479,-0.0215903,0.002909899,0.03151959,0.03831571,0.002155635,0.1323087,0.115574,0.9844453,20.2378,0.01226943,0.7530738,0.6578234,0.007760159,1.100203,-0.03668276,1.100842,0.03139076,0.05143951,0.005991574,0.9981647,6.943734,0.5183569,0.8494226,0.09893911,False
1773055722327,13.06777,0.1963326,1.007289,0.1520916,1.037453,-0.07178628,-0.252437,-0.4428685,0.8573155,61.96702,-0.1394473,-0.4903676,-0.8602874,0.08091211,1.056709,0.1914631,1.076958,0.1015666,1.06366,0.2811646,1.104872,0.100074,1.006841,0.2405531,1.040004,-0.07587752,-0.06180946,0.09926143,0.1393938,-0.02352135,-0.0304512,0.1756703,0.1798349,-0.002111867,-0.07199363,0.1182914,0.1384933,-0.05920753,-0.07030571,0.1020316,0.1373276,-0.02162687,-0.04026241,0.169418,0.1754743,-0.006065933,-0.06061293,0.09187456,0.1102346,-0.02763502,-0.05354735,0.1313693,0.14453,-0.1826688,0.7476818,-0.0377783,0.63732,100.8155,-0.2370478,0.9702602,-0.04902457,21.2956,-0.008348512,-0.04956629,0.09366322,0.1062982,0.4583121,0.7895969,0.3955252,0.1002341,168.4947,0.4606319,0.7935935,0.3975272,1.3,False,True,False,-0.1046019,0.5971773,0.1252636,0.6190745,-0.1054131,-0.2358307,-0.3317974,-0.9072941,310.2681,-0.2506872,-0.5608385,-0.7890607,0.01334029,0.5823077,0.18067,0.6098376,0.01101914,0.5497181,0.2135082,0.5898281,-0.03405432,0.5610086,0.1673402,0.5864239,0.0522561,-0.06053374,0.1136169,0.1389382,0.01565635,-0.07323248,0.1437382,0.1620765,0.009036295,-0.05480608,0.07716758,0.09507994,0.05235491,-0.06052104,0.1135754,0.138936,0.0156257,-0.07319473,0.1437769,0.1620908,0.009029623,-0.05482965,0.07717329,0.09509754,0.02132075,-0.06251853,0.1086966,0.1271931,-0.899363,-0.1057042,0.411293,0.1039747,168.0638,-0.9042642,-0.1062803,0.4135344,13.83589,0,0,0,0,0,0,0,0,0,1,0,0,0.3604092,False,True,False,0.0715903,0.9970901,0.2684804,1.035082,0.7083768,0.2604947,0.4492532,0.4780338,122.8859,0.8064936,0.2965757,0.511479,-0.0215903,0.002909899,0.03151959,0.03831571,0.002155635,0.1323087,0.115574,0.9844453,20.2378,0.01226943,0.7530738,0.6578234,0.00800609,1.099976,-0.03669629,1.100617,0.03244886,0.05190983,0.006156357,0.9981055,7.054733,0.5274061,0.8437142,0.1000621,False
1773055722342,13.08166,0.1997355,1.005496,0.1476407,1.035719,-0.06923433,-0.2662882,-0.4574184,0.8456155,64.52412,-0.1297027,-0.4988608,-0.8569217,0.08526673,1.060603,0.1813694,1.079372,0.1024308,1.066339,0.2730225,1.105492,0.09851364,1.010237,0.2392701,1.042849,-0.07797532,-0.06037052,0.0983084,0.1392454,-0.0245809,-0.0298742,0.1758558,0.180061,-0.0009882135,-0.07175298,0.1256827,0.1447259,-0.06363338,-0.06813485,0.1012474,0.1376321,-0.02224862,-0.03784648,0.1709132,0.1764615,-0.004992921,-0.06308613,0.09977494,0.1181517,-0.03081186,-0.05327671,0.1322562,0.1458749,-0.1582841,0.6981766,-0.09539559,0.6916612,92.47649,-0.2191627,0.9667063,-0.1320862,22.25077,-0.008348512,-0.04956629,0.09366322,0.1062982,0.4583121,0.7895969,0.3955252,0.1002341,168.4947,0.4606319,0.7935935,0.3975272,1.3,False,True,False,-0.1045929,0.5970647,0.1252901,0.6189697,-0.1052191,-0.235992,-0.3317813,-0.9072806,310.2644,-0.2502084,-0.5611831,-0.7889677,0.01334912,0.5821959,0.1806969,0.609739,0.01105828,0.5496569,0.2135164,0.5897748,-0.03403514,0.560926,0.1673751,0.5863538,0.05221695,-0.0605519,0.1136251,0.1389381,0.0156697,-0.07324706,0.143725,0.1620726,0.009036189,-0.0548017,0.07717057,0.09507983,0.05232624,-0.06052744,0.1135857,0.1389364,0.01563483,-0.07320559,0.1437661,0.162087,0.009030986,-0.05482385,0.07717273,0.09509386,0.02130977,-0.06251939,0.1086852,0.1271819,-0.8994519,-0.1057925,0.4110421,0.104109,168.0483,-0.9043664,-0.1063705,0.413288,13.8226,0,0,0,0,0,0,0,0,0,1,0,0,0.3609885,False,True,False,0.0715903,0.9970901,0.2684804,1.035082,0.7083768,0.2604947,0.4492532,0.4780338,122.8859,0.8064936,0.2965757,0.511479,-0.0215903,0.002909899,0.03151959,0.03831571,0.002155635,0.1323087,0.115574,0.9844453,20.2378,0.01226943,0.7530738,0.6578234,0.008299249,1.099774,-0.03675677,1.10042,0.03342821,0.05221003,0.006191822,0.9980573,7.143979,0.5365447,0.8380051,0.0993828,False
1773055722355,13.09536,0.1999089,1.001587,0.1485937,1.032095,-0.07057854,-0.2784391,-0.4708533,0.8341388,66.94746,-0.1279629,-0.5048262,-0.8536841,0.08691838,1.061514,0.1786646,1.079948,0.1013617,1.067934,0.270682,1.106357,0.09239336,1.016944,0.2556499,1.052648,-0.0785206,-0.05942369,0.09836512,0.1391846,-0.02569288,-0.02900358,0.1762519,0.1804608,0.002344373,-0.06866741,0.1462135,0.1615521,-0.06711852,-0.06624374,0.1006457,0.1379228,-0.02296743,-0.035813,0.1721357,0.1773154,-0.003450143,-0.06431213,0.1108375,0.1281909,-0.03465276,-0.05334806,0.1322189,0.1467265,-0.1478927,0.6317686,-0.15089,0.7458072,83.54305,-0.2220072,0.948371,-0.2265065,22.51885,-0.008348512,-0.04956629,0.09366322,0.1062982,0.4583121,0.7895969,0.3955252,0.1002341,168.4947,0.4606319,0.7935935,0.3975272,1.3,False,True,False,-0.1045358,0.5969727,0.1252971,0.6188728,-0.1050664,-0.2361728,-0.3316998,-0.9072809,310.2645,-0.2498459,-0.561614,-0.7887754,0.0134091,0.5820742,0.1806898,0.6096221,0.01114399,0.5495988,0.2135056,0.5897182,-0.03395773,0.5608394,0.1673913,0.586271,0.05217267,-0.06058258,0.1136292,0.1389382,0.01567984,-0.07325621,0.1437202,0.1620736,0.00903317,-0.05481265,0.07718682,0.09509905,0.05229466,-0.06053876,0.1135946,0.1389367,0.01564407,-0.07321598,0.1437567,0.1620843,0.009031434,-0.05482155,0.07717562,0.09509493,0.02129758,-0.0625229,0.108676,0.1271738,-0.8995376,-0.1058249,0.4108134,0.1042389,168.0334,-0.9044648,-0.1064046,0.4130636,13.80776,0,0,0,0,0,0,0,0,0,1,0,0,0.3618259,False,True,False,0.0715903,0.9970901,0.2684804,1.035082,0.7083768,0.2604947,0.4492532,0.4780338,122.8859,0.8064936,0.2965757,0.511479,-0.0215903,0.002909899,0.03151959,0.03831571,0.002155635,0.1323087,0.115574,0.9844453,20.2378,0.01226943,0.7530738,0.6578234,0.008627855,1.099646,-0.03686777,1.100298,0.03426113,0.05253234,0.006412882,0.9980107,7.229094,0.5434472,0.8332636,0.1017206,False
1773055722369,13.10917,0.2008124,0.9985501,0.1483731,1.029292,-0.07233571,-0.2888915,-0.4815015,0.824297,68.96543,-0.127766,-0.5102669,-0.8504726,0.08965036,1.063156,0.1749352,1.081175,0.101562,1.069807,0.2675679,1.107427,0.09173839,1.021386,0.2598348,1.057904,-0.079606,-0.0579377,0.09823116,0.13908,-0.02667106,-0.02809076,0.1766249,0.1808225,0.003586158,-0.06506166,0.1537301,0.1669695,-0.07006168,-0.06442338,0.1001381,0.1381544,-0.02374695,-0.03402971,0.1731655,0.178068,-0.001954169,-0.06447704,0.1213577,0.1374366,-0.0384565,-0.05339251,0.1312745,0.1468423,-0.1458645,0.5744515,-0.1988408,0.7805071,77.38593,-0.2333284,0.9189065,-0.3180705,22.71778,-0.008348512,-0.04956629,0.09366322,0.1062982,0.4583121,0.7895969,0.3955252,0.1002341,168.4947,0.4606319,0.7935935,0.3975272,1.3,False,True,False,-0.1044734,0.5968764,0.1253034,0.6187706,-0.1049101,-0.2363589,-0.3316134,-0.9072821,310.2649,-0.2494757,-0.5620602,-0.7885751,0.01347471,0.5819442,0.1806803,0.6094965,0.01123583,0.5495369,0.2134945,0.5896583,-0.03387302,0.5607465,0.1674083,0.5861822,0.05212615,-0.06061686,0.1136323,0.1389382,0.01569021,-0.07326519,0.1437164,0.1620752,0.009029547,-0.05482584,0.07720547,0.09512145,0.05225979,-0.06055489,0.1136024,0.138937,0.0156536,-0.07322615,0.1437484,0.1620824,0.009031044,-0.05482244,0.07718179,0.09510041,0.02128403,-0.06252896,0.1086687,0.1271683,-0.8996219,-0.1058053,0.410601,0.1043676,168.0185,-0.9045619,-0.1063863,0.4128557,13.79119,0,0,0,0,0,0,0,0,0,1,0,0,0.3627146,False,True,False,0.0715903,0.9970901,0.2684804,1.035082,0.7083768,0.2604947,0.4492532,0.4780338,122.8859,0.8064936,0.2965757,0.511479,-0.0215903,0.002909899,0.03151959,0.03831571,0.002155635,0.1323087,0.115574,0.9844453,20.2378,0.01226943,0.7530738,0.6578234,0.008930709,1.099588,-0.03696323,1.100246,0.03427493,0.05241577,0.006878166,0.9980133,7.224433,0.544017,0.8319512,0.1091713,False
1773055722383,13.1239,0.2022499,0.9958488,0.1473847,1.026812,-0.07430303,-0.2982134,-0.4903881,0.8155167,70.72303,-0.128389,-0.5152861,-0.8473469,0.09323877,1.065058,0.17051,1.082643,0.1027629,1.071705,0.2639756,1.10851,0.09243289,1.024976,0.2611506,1.061753,-0.08109096,-0.05604329,0.09795307,0.1389655,-0.02759348,-0.02698932,0.1770028,0.1811624,0.004399215,-0.06188657,0.158623,0.1703249,-0.07278785,-0.06248767,0.09965467,0.1383251,-0.02460015,-0.03232688,0.1740855,0.1787623,-0.0005287148,-0.06388248,0.1310957,0.1458332,-0.04208549,-0.05321725,0.1299741,0.146617,-0.1471739,0.528091,-0.2400294,0.8011527,73.51936,-0.2459211,0.8824165,-0.4010785,22.95582,-0.008348512,-0.04956629,0.09366322,0.1062982,0.4583121,0.7895969,0.3955252,0.1002341,168.4947,0.4606319,0.7935935,0.3975272,1.3,False,True,False,-0.1044061,0.5967759,0.1253092,0.6186635,-0.1047502,-0.23655,-0.3315224,-0.9072841,310.2654,-0.249098,-0.5625204,-0.7883666,0.01354555,0.5818063,0.1806683,0.6093628,0.01133351,0.5494714,0.213483,0.589595,-0.03378138,0.5606475,0.1674259,0.5860873,0.05207747,-0.06065452,0.1136344,0.1389381,0.01570087,-0.07327402,0.1437133,0.1620775,0.00902536,-0.05484125,0.07722637,0.09514689,0.05222011,-0.06057654,0.1136094,0.1389372,0.01566387,-0.07323655,0.1437408,0.1620813,0.009029809,-0.05482652,0.07719147,0.09511051,0.02126853,-0.0625378,0.108663,0.1271652,-0.8997087,-0.105733,0.4103954,0.1045011,168.0032,-0.9046619,-0.1063151,0.4126548,13.77215,0,0,0,0,0,0,0,0,0,1,0,0,0.3635046,False,True,False,0.0715903,0.9970901,0.2684804,1.035082,0.7083768,0.2604947,0.4492532,0.4780338,122.8859,0.8064936,0.2965757,0.511479,-0.0215903,0.002909899,0.03151959,0.03831571,0.002155635,0.1323087,0.115574,0.9844453,20.2378,0.01226943,0.7530738,0.6578234,0.009252429,1.099643,-0.03704331,1.100306,0.03358148,0.05180995,0.007134886,0.9980667,7.126747,0.540309,0.8335957,0.1147967,False
1773055722397,13.13696,0.2021357,0.986788,0.1481605,1.018116,-0.1089856,-0.3125276,-0.5040441,0.7977395,74.17044,-0.1807383,-0.5182859,-0.8358908,0.09882628,1.065605,0.1654783,1.082896,0.107672,1.076215,0.2594184,1.112263,0.09627838,1.03519,0.2676216,1.07355,-0.08274803,-0.05379095,0.09769708,0.138872,-0.02768678,-0.02630673,0.1772608,0.1813285,0.006011295,-0.05595315,0.1674901,0.1766913,-0.07503256,-0.06065162,0.09926046,0.1384238,-0.02522394,-0.03100238,0.1747766,0.1792882,0.0008118672,-0.06224449,0.1399204,0.1531429,-0.04534129,-0.05286678,0.1285495,0.1462043,-0.1506206,0.4910319,-0.268789,0.8148335,70.85821,-0.2598272,0.847052,-0.463673,22.84976,-0.008348512,-0.04956629,0.09366322,0.1062982,0.4583121,0.7895969,0.3955252,0.1002341,168.4947,0.4606319,0.7935935,0.3975272,1.3,False,True,False,-0.1043889,0.596716,0.1253748,0.6186161,-0.1046767,-0.2366454,-0.3314174,-0.9073061,310.2714,-0.2489511,-0.5628106,-0.7882057,0.01356681,0.5817181,0.1807208,0.6092947,0.01135937,0.5494089,0.2135272,0.5895532,-0.03375886,0.5605868,0.1674997,0.5860489,0.05205999,-0.06067382,0.1136338,0.1389395,0.01570507,-0.07328868,0.1436995,0.1620723,0.009024922,-0.05484167,0.07723709,0.0951558,0.05218842,-0.06059576,0.1136142,0.1389376,0.01567201,-0.07324685,0.1437326,0.1620795,0.009028844,-0.05482952,0.07720049,0.09511945,0.02125648,-0.06254587,0.1086582,0.127163,-0.8997719,-0.1056733,0.4102391,0.1046313,167.9882,-0.9047379,-0.1062565,0.4125033,13.75641,0,0,0,0,0,0,0,0,0,1,0,0,0.3627845,False,True,False,0.0715903,0.9970901,0.2684804,1.035082,0.7083768,0.2604947,0.4492532,0.4780338,122.8859,0.8064936,0.2965757,0.511479,-0.0215903,0.002909899,0.03151959,0.03831571,0.002155635,0.1323087,0.115574,0.9844453,20.2378,0.01226943,0.7530738,0.6578234,0.009607048,1.09987,-0.03706734,1.100537,0.03240111,0.05126491,0.006124984,0.9981406,6.989151,0.5315662,0.841042,0.1004853,False
1773055722411,13.15093,0.2028155,0.9797875,0.147878,1.011428,-0.1354822,-0.3249241,-0.5151514,0.7814653,77.21014,-0.2171368,-0.5207545,-0.8256311,0.1050419,1.066173,0.1593461,1.08312,0.1128122,1.079775,0.2539706,1.114963,0.1014837,1.043085,0.2683976,1.081833,-0.08449024,-0.05143748,0.09729251,0.1387453,-0.02780118,-0.02552079,0.1775315,0.1814984,0.006868756,-0.05117121,0.1722037,0.1797771,-0.07727387,-0.05859369,0.09884217,0.1384711,-0.02577384,-0.02973567,0.1754055,0.1797654,0.002125277,-0.05986543,0.1482351,0.1598813,-0.04847642,-0.05214535,0.1271214,0.1457016,-0.1542371,0.4605721,-0.2908142,0.8243248,68.95981,-0.2724474,0.8135633,-0.5136997,22.56756,-0.008348512,-0.04956629,0.09366322,0.1062982,0.4583121,0.7895969,0.3955252,0.1002341,168.4947,0.4606319,0.7935935,0.3975272,1.3,False,True,False,-0.1043703,0.5966551,0.1254432,0.6185681,-0.1046102,-0.2367338,-0.331307,-0.907331,310.2782,-0.2488249,-0.5630928,-0.7880437,0.01358978,0.5816271,0.180775,0.6092244,0.01138466,0.5493412,0.2135739,0.5895076,-0.03373575,0.5605232,0.1675769,0.5860088,0.05204469,-0.06069358,0.1136322,0.1389411,0.01570867,-0.07330392,0.143685,0.1620667,0.009024472,-0.05484198,0.07724844,0.09516515,0.0521584,-0.06061616,0.1136179,0.1389383,0.01567965,-0.07325876,0.1437227,0.1620769,0.009027932,-0.05483212,0.07721049,0.09512898,0.0212454,-0.06255463,0.1086534,0.1271614,-0.8998247,-0.1056133,0.4101007,0.10478,167.971,-0.9048053,-0.1061978,0.4123706,13.74091,0,0,0,0,0,0,0,0,0,1,0,0,0.3620515,False,True,False,0.0715903,0.9970901,0.2684804,1.035082,0.7083768,0.2604947,0.4492532,0.4780338,122.8859,0.8064936,0.2965757,0.511479,-0.0215903,0.002909899,0.03151959,0.03831571,0.002155635,0.1323087,0.115574,0.9844453,20.2378,0.01226943,0.7530738,0.6578234,0.009926237,1.099999,-0.03710891,1.10067,0.03165802,0.0509516,0.005584779,0.9981836,6.907774,0.5254846,0.8457345,0.09270053,False
1773055722425,13.16495,0.1984482,0.9718226,0.1549367,1.003906,-0.1673647,-0.3365191,-0.5206867,0.7665699,79.90627,-0.2606274,-0.5240417,-0.8108353,0.1052817,1.063592,0.1600105,1.080701,0.1137399,1.082264,0.2550189,1.117706,0.1016969,1.04855,0.273688,1.088441,-0.08577202,-0.05034443,0.09658866,0.138639,-0.02779349,-0.02478966,0.1777486,0.1816082,0.007394337,-0.04890356,0.1746166,0.1814861,-0.07928843,-0.05674215,0.09836151,0.1384966,-0.02620604,-0.02859353,0.1759393,0.1801637,0.003273224,-0.05753425,0.1550779,0.165439,-0.05103385,-0.05127601,0.1260018,0.1452933,-0.1575283,0.4382706,-0.3073,0.8298617,67.83093,-0.2823245,0.7854746,-0.5507473,22.28691,-0.008348512,-0.04956629,0.09366322,0.1062982,0.4583121,0.7895969,0.3955252,0.1002341,168.4947,0.4606319,0.7935935,0.3975272,1.3,False,True,False,-0.1043679,0.5965588,0.1254179,0.6184697,-0.1045752,-0.2368081,-0.3312873,-0.9073228,310.2759,-0.248731,-0.5632459,-0.7879638,0.01360387,0.5815145,0.1807252,0.6091024,0.01139852,0.5492473,0.2135216,0.5894014,-0.0337345,0.560446,0.1675554,0.5859288,0.05203695,-0.06071962,0.1136244,0.1389432,0.01571067,-0.07331809,0.1436683,0.1620585,0.00902665,-0.05482418,0.07725187,0.09515788,0.05213296,-0.0606378,0.1136193,0.1389393,0.01568614,-0.07327117,0.1437113,0.162073,0.009027664,-0.05483046,0.07721914,0.09513503,0.02123623,-0.06256218,0.1086478,0.1271587,-0.8998666,-0.1055256,0.4099824,0.104971,167.949,-0.9048657,-0.1061118,0.4122601,13.72722,0,0,0,0,0,0,0,0,0,1,0,0,0.3613931,False,True,False,0.0715903,0.9970901,0.2684804,1.035082,0.7083768,0.2604947,0.4492532,0.4780338,122.8859,0.8064936,0.2965757,0.511479,-0.0215903,0.002909899,0.03151959,0.03831571,0.002155635,0.1323087,0.115574,0.9844453,20.2378,0.01226943,0.7530738,0.6578234,0.01047371,1.100109,-0.03744487,1.100796,0.03174078,0.05083175,0.005042949,0.99819,6.895633,0.5277865,0.8452317,0.0838543,False
1773055722439,13.17885,0.1958226,0.9652303,0.1595151,0.997728,-0.1909136,-0.3461376,-0.5256415,0.7532873,82.24812,-0.2902782,-0.5262917,-0.7992218,0.1069556,1.061133,0.1586518,1.078245,0.1157571,1.083642,0.2543904,1.119105,0.1030625,1.052384,0.2760744,1.092864,-0.0872487,-0.04901639,0.09576019,0.1385098,-0.02779865,-0.02373543,0.17803,0.1817438,0.007843366,-0.04681208,0.176562,0.1828306,-0.08115724,-0.05501792,0.09781019,0.138493,-0.02654426,-0.02748331,0.17641,0.1805004,0.004262752,-0.05529771,0.1606157,0.1699218,-0.05312496,-0.05025493,0.1251559,0.1449545,-0.1602531,0.4220602,-0.3194644,0.8331426,67.15414,-0.2897581,0.7631389,-0.5776325,22.05435,-0.008348512,-0.04956629,0.09366322,0.1062982,0.4583121,0.7895969,0.3955252,0.1002341,168.4947,0.4606319,0.7935935,0.3975272,1.3,False,True,False,-0.1043654,0.5964594,0.1253891,0.6183676,-0.1045498,-0.236875,-0.3312747,-0.9073129,310.2733,-0.248658,-0.5633764,-0.7878937,0.01361933,0.5813992,0.1806696,0.6089762,0.01141143,0.5491483,0.2134648,0.5892888,-0.03373467,0.5603674,0.1675302,0.5858464,0.05203202,-0.06074687,0.1136149,0.1389455,0.0157119,-0.07333256,0.1436508,0.1620497,0.009029152,-0.05480374,0.07725462,0.09514858,0.05211198,-0.06066045,0.1136184,0.1389406,0.01569149,-0.07328392,0.1436988,0.1620682,0.009027973,-0.05482491,0.0772265,0.09513783,0.02122889,-0.06256855,0.1086415,0.1271553,-0.8998978,-0.1054122,0.4098845,0.1051992,167.9227,-0.9049191,-0.1060004,0.4121716,13.71534,0,0,0,0,0,0,0,0,0,1,0,0,0.3609345,False,True,False,0.0715903,0.9970901,0.2684804,1.035082,0.7083768,0.2604947,0.4492532,0.4780338,122.8859,0.8064936,0.2965757,0.511479,-0.0215903,0.002909899,0.03151959,0.03831571,0.002155635,0.1323087,0.115574,0.9844453,20.2378,0.01226943,0.7530738,0.6578234,0.01072548,1.099974,-0.03765881,1.100671,0.03222475,0.05103665,0.004289256,0.9981676,6.938093,0.5325573,0.8434492,0.07088571,False
1773055722451,13.19254,0.1922297,0.9576263,0.1665069,0.9908203,-0.2262743,-0.3548522,-0.5211655,0.7424732,84.11495,-0.3377855,-0.5297284,-0.7780033,0.1057948,1.055528,0.1604146,1.072877,0.1170909,1.084294,0.2544649,1.119891,0.1038479,1.054978,0.2782655,1.09599,-0.08729583,-0.0490325,0.09569363,0.1384992,-0.02753503,-0.0236764,0.1780599,0.1817253,0.007869574,-0.0469379,0.1765033,0.1828073,-0.08257734,-0.05369688,0.09736644,0.1385012,-0.02675214,-0.0266261,0.1767756,0.1807602,0.005035146,-0.05357588,0.1646551,0.1732253,-0.05456297,-0.04938864,0.1246607,0.1447641,-0.1622944,0.4112245,-0.32813,0.8347968,66.81063,-0.2947816,0.7469229,-0.5959951,21.86415,-0.008348512,-0.04956629,0.09366322,0.1062982,0.4583121,0.7895969,0.3955252,0.1002341,168.4947,0.4606319,0.7935935,0.3975272,1.299998,False,True,False,-0.1043479,0.5964117,0.1253579,0.6183122,-0.1044354,-0.2369442,-0.3313079,-0.9072959,310.2686,-0.2483644,-0.5634919,-0.787904,0.01365284,0.5813877,0.1806187,0.6089509,0.01144249,0.5491343,0.2134211,0.5892605,-0.03371725,0.5603525,0.1675111,0.5858257,0.0520511,-0.06075424,0.1136048,0.1389476,0.01571823,-0.07334304,0.1436361,0.1620419,0.009030273,-0.05478634,0.07725698,0.09514058,0.05209946,-0.0606797,0.1136156,0.138942,0.01569697,-0.07329606,0.1436859,0.1620628,0.009028445,-0.05481699,0.07723276,0.09513839,0.02122546,-0.06257303,0.1086354,0.1271517,-0.8999052,-0.1053168,0.4098341,0.1054282,167.8963,-0.9049486,-0.105907,0.412131,13.70668,0,0,0,0,0,0,0,0,0,1,0,0,0.3594259,False,True,False,0.0715903,0.9970901,0.2684804,1.035082,0.7083768,0.2604947,0.4492532,0.4780338,122.8859,0.8064936,0.2965757,0.511479,-0.0215903,0.002909899,0.03151959,0.03831571,0.002155635,0.1323087,0.115574,0.9844453,20.2378,0.01226943,0.7530738,0.6578234,0.01094316,1.099833,-0.03793064,1.100541,0.03254832,0.05130781,0.003739891,0.9981453,6.980182,0.5346679,0.8428282,0.0614348,False
1773055722466,13.20666,0.1898281,0.9510255,0.1715395,0.9848402,-0.2528336,-0.3622433,-0.5189433,0.7318147,85.92249,-0.3709938,-0.5315356,-0.7614682,0.1056393,1.050459,0.1608737,1.067943,0.1187443,1.08374,0.2536888,1.119353,0.104964,1.056312,0.2788584,1.097532,-0.08741079,-0.04900944,0.09557482,0.1384815,-0.0270378,-0.02358081,0.1781088,0.1816861,0.007938005,-0.04687645,0.1765988,0.1828867,-0.08371612,-0.05263926,0.09698176,0.138509,-0.02681343,-0.02592729,0.1770767,0.1809622,0.005671256,-0.05215369,0.1677414,0.1757537,-0.05564672,-0.04863762,0.1243116,0.144622,-0.1640465,0.4034284,-0.3345472,0.8357108,66.62016,-0.2987173,0.734615,-0.6091871,21.68704,-0.008348512,-0.04956629,0.09366322,0.1062982,0.4583121,0.7895969,0.3955252,0.1002341,168.4947,0.4606319,0.7935935,0.3975272,1.299915,False,True,False,-0.1043294,0.5963649,0.1253236,0.6182569,-0.1043166,-0.2370078,-0.3313529,-0.9072765,310.2633,-0.2480572,-0.5635869,-0.7879326,0.01368893,0.581385,0.180564,0.6089329,0.01147439,0.5491241,0.213376,0.5892353,-0.03369953,0.5603414,0.1674899,0.585808,0.05207608,-0.06075953,0.1135933,0.1389499,0.01572478,-0.07335313,0.1436212,0.1620339,0.009031492,-0.05476731,0.0772588,0.09513122,0.05209454,-0.06069649,0.1136109,0.1389437,0.01570282,-0.07330806,0.1436723,0.1620567,0.009029086,-0.05480655,0.07723823,0.09513689,0.02122563,-0.06257592,0.1086291,0.1271477,-0.8998899,-0.1052345,0.4098273,0.1056667,167.8688,-0.9049562,-0.105827,0.4121346,13.70076,0,0,0,0,0,0,0,0,0,1,0,0,0.3584881,False,True,False,0.0715903,0.9970901,0.2684804,1.035082,0.7083768,0.2604947,0.4492532,0.4780338,122.8859,0.8064936,0.2965757,0.511479,-0.0215903,0.002909899,0.03151959,0.03831571,0.002155635,0.1323087,0.115574,0.9844453,20.2378,0.01226943,0.7530738,0.6578234,0.01123365,1.100104,-0.03800861,1.100818,0.03264385,0.05109932,0.003514562,0.9981537,6.964344,0.5374532,0.8413066,0.05786426,False
1773055722480,13.22027,0.1881662,0.9450483,0.1753555,0.9794245,-0.2744839,-0.3688166,-0.5178655,0.7214209,87.65616,-0.3963685,-0.5325897,-0.7478238,0.1061533,1.045707,0.1604271,1.063254,0.1206775,1.08258,0.2523654,1.118137,0.1067757,1.057391,0.2788104,1.098732,-0.08764227,-0.04891494,0.09536858,0.1384522,-0.02645548,-0.02344666,0.1781686,0.1816416,0.008130495,-0.04617624,0.1772301,0.1833272,-0.08461106,-0.05182409,0.09664527,0.1385102,-0.02673896,-0.02537633,0.1773153,0.1811067,0.006194473,-0.05091454,0.1701107,0.1776747,-0.05650858,-0.04801419,0.1239984,0.144479,-0.1657298,0.3975642,-0.3388875,0.8364398,66.46787,-0.3023942,0.7254044,-0.6183416,21.48293,-0.008348512,-0.04956629,0.09366322,0.1062982,0.4583121,0.7895969,0.3955252,0.1002341,168.4947,0.4606319,0.7935935,0.3975272,1.299212,False,True,False,-0.1043098,0.596319,0.1252865,0.6182019,-0.1041936,-0.2370659,-0.3314095,-0.9072548,310.2574,-0.2477371,-0.5636622,-0.7879792,0.01372749,0.5813906,0.1805057,0.6089218,0.01150693,0.5491177,0.2133293,0.5892131,-0.03368154,0.5603339,0.1674669,0.5857932,0.05210659,-0.06076293,0.1135803,0.1389522,0.01573141,-0.07336293,0.143606,0.1620255,0.009032787,-0.05474674,0.07726008,0.09512053,0.052097,-0.06071006,0.1136046,0.1389454,0.01570866,-0.07331926,0.1436587,0.1620503,0.009029841,-0.05479434,0.07724269,0.09513355,0.02122916,-0.06257717,0.1086231,0.1271438,-0.8998541,-0.1051687,0.4098623,0.1059008,167.8419,-0.9049429,-0.1057635,0.4121801,13.69773,0,0,0,0,0,0,0,0,0,1,0,0,0.3585178,False,True,False,0.0715903,0.9970901,0.2684804,1.035082,0.7083768,0.2604947,0.4492532,0.4780338,122.8859,0.8064936,0.2965757,0.511479,-0.0215903,0.002909899,0.03151959,0.03831571,0.002155635,0.1323087,0.115574,0.9844453,20.2378,0.01226943,0.7530738,0.6578234,0.01160709,1.100441,-0.03800935,1.101158,0.03182432,0.05049595,0.003601019,0.9982106,6.856225,0.5322148,0.8444701,0.06022172,False
1773055722493,13.23416,0.1838927,0.9385022,0.1800505,0.9731501,-0.3150248,-0.371005,-0.5088023,0.710095,89.5147,-0.4474112,-0.5269164,-0.7226219,0.1020226,1.038666,0.161144,1.056031,0.1223471,1.082724,0.2491168,1.117729,0.1091582,1.060268,0.2776064,1.10143,-0.08679287,-0.05143489,0.09488714,0.1384995,-0.0261738,-0.02411055,0.1779884,0.181511,0.008140964,-0.046331,0.1771287,0.1832687,-0.08511323,-0.05173794,0.09627249,0.1385261,-0.02661969,-0.02509212,0.1774641,0.1811952,0.006614821,-0.04994548,0.1718751,0.1791071,-0.05708542,-0.04788352,0.1236495,0.1443633,-0.1685167,0.3919562,-0.340925,0.8377008,66.20375,-0.3085655,0.7176985,-0.624257,21.28248,-0.008348512,-0.04956629,0.09366322,0.1062982,0.4583121,0.7895969,0.3955252,0.1002341,168.4947,0.4606319,0.7935935,0.3975272,1.289448,False,True,False,-0.1042257,0.5961232,0.1252969,0.618001,-0.103984,-0.2372266,-0.3313984,-0.9072409,310.2536,-0.2472211,-0.5640041,-0.7878966,0.01383591,0.5812525,0.1804836,0.6087858,0.01161612,0.5489829,0.2133411,0.5890939,-0.03358597,0.5601735,0.1674962,0.5856427,0.05213531,-0.06076548,0.1135681,0.1389541,0.01573875,-0.07336403,0.143606,0.1620267,0.009032313,-0.05473734,0.07727183,0.09512462,0.05210496,-0.06072157,0.1135971,0.1389472,0.01571491,-0.07332856,0.1436478,0.1620454,0.009030354,-0.05478251,0.07724874,0.0951317,0.02123532,-0.06257776,0.1086199,0.1271424,-0.8997976,-0.1050977,0.4099492,0.1061148,167.8172,-0.9049068,-0.1056945,0.412277,13.69674,0,0,0,0,0,0,0,0,0,1,0,0,0.3579291,False,True,False,0.0715903,0.9970901,0.2684804,1.035082,0.7083768,0.2604947,0.4492532,0.4780338,122.8859,0.8064936,0.2965757,0.511479,-0.0215903,0.002909899,0.03151959,0.03831571,0.002155635,0.1323087,0.115574,0.9844453,20.2378,0.01226943,0.7530738,0.6578234,0.01186143,1.100788,-0.03809362,1.101511,0.03015166,0.04974364,0.003927909,0.9982991,6.684569,0.5171763,0.8532276,0.06737345,False
1773055722507,13.24824,0.1807084,0.9324449,0.1838495,0.9674243,-0.3448445,-0.3735167,-0.5025855,0.6992677,91.26343,-0.4823946,-0.5225034,-0.7030546,0.09884897,1.032042,0.1619173,1.049333,0.1231693,1.081073,0.2462651,1.115588,0.1108761,1.061097,0.2759711,1.101989,-0.08588308,-0.05369645,0.09451287,0.1385348,-0.0258024,-0.02514835,0.1777061,0.181322,0.008157081,-0.04645668,0.1770476,0.1832228,-0.08529095,-0.05217295,0.0958955,0.138537,-0.02644578,-0.0251048,0.1775179,0.1812242,0.006950769,-0.04919874,0.1731758,0.1801629,-0.05745547,-0.04814236,0.1232393,0.1442454,-0.1717012,0.3866717,-0.3408471,0.8395398,65.8169,-0.3160349,0.7117116,-0.6273664,21.03487,-0.008348512,-0.04956629,0.09366322,0.1062982,0.4583121,0.7895969,0.3955252,0.1002341,168.4947,0.4606319,0.7935935,0.3975272,1.23104,False,True,False,-0.104137,0.5959191,0.1253076,0.6177914,-0.1037605,-0.2373952,-0.3313886,-0.907226,310.2495,-0.2466709,-0.5643619,-0.7878132,0.01395072,0.5811128,0.1804598,0.6086481,0.01173128,0.5488448,0.2133558,0.5889727,-0.03348466,0.5600066,0.1675275,0.5854862,0.05216832,-0.06076631,0.1135546,0.1389559,0.01574636,-0.07336377,0.1436076,0.1620288,0.009031639,-0.05472812,0.07728451,0.09512956,0.05211827,-0.06073096,0.1135882,0.138949,0.0157215,-0.07333595,0.1436394,0.162042,0.009030623,-0.0547711,0.07725625,0.09513124,0.02124402,-0.06257769,0.1086194,0.1271434,-0.899721,-0.1050226,0.4100866,0.1063079,167.795,-0.9048486,-0.1056211,0.4124237,13.69777,0,0,0,0,0,0,0,0,0,1,0,0,0.3583997,False,True,False,0.0715903,0.9970901,0.2684804,1.035082,0.7083768,0.2604947,0.4492532,0.4780338,122.8859,0.8064936,0.2965757,0.511479,-0.0215903,0.002909899,0.03151959,0.03831571,0.002155635,0.1323087,0.115574,0.9844453,20.2378,0.01226943,0.7530738,0.6578234,0.01224179,1.100881,-0.03816825,1.10161,0.02871619,0.04916726,0.003346068,0.9983721,6.539482,0.5034658,0.8620237,0.05866485,False
1773055722521,13.26198,0.1785896,0.9270102,0.188528,0.9626967,-0.3829166,-0.3640605,-0.4885955,0.6943409,92.05055,-0.53209,-0.5058882,-0.6789384,0.09008087,1.021779,0.1710405,1.039905,0.1212815,1.076401,0.2460639,1.110809,0.1135763,1.059209,0.2758068,1.100406,-0.0805653,-0.06347908,0.09323661,0.1386125,-0.02526428,-0.03255659,0.175351,0.1801283,0.007632861,-0.05009203,0.1741761,0.1813968,-0.08423221,-0.05460057,0.09533606,0.1384386,-0.02619969,-0.02673347,0.1770482,0.1809618,0.007096225,-0.04938587,0.1734199,0.1804544,-0.05713263,-0.05008271,0.1223886,0.1440534,-0.1752432,0.3803606,-0.3323556,0.8450772,64.6396,-0.3277752,0.7114273,-0.6216387,20.42225,-0.008348512,-0.04956629,0.09366322,0.1062982,0.4583121,0.7895969,0.3955252,0.1002341,168.4947,0.4606319,0.7935935,0.3975272,1.299075,False,True,False,-0.104138,0.5957179,0.1253007,0.617596,-0.1035302,-0.2374159,-0.3314002,-0.9072426,310.2541,-0.2461443,-0.5644592,-0.7879081,0.01395634,0.5809548,0.1804518,0.608495,0.01173047,0.5486934,0.2133593,0.588833,-0.03348868,0.5598404,0.1675568,0.5853359,0.05218849,-0.06077725,0.1135403,0.1389565,0.01575789,-0.07337762,0.1435883,0.1620191,0.009031125,-0.05471582,0.07729408,0.09513021,0.05213273,-0.06074049,0.1135783,0.1389506,0.01572899,-0.07334453,0.1436289,0.1620372,0.009030727,-0.05475973,0.07726403,0.09513102,0.02125363,-0.06257799,0.108618,0.127144,-0.8996362,-0.1049597,0.4102363,0.1065099,167.7717,-0.9047829,-0.1055602,0.4125832,13.6987,0,0,0,0,0,0,0,0,0,1,0,0,0.3587622,False,True,False,0.0715903,0.9970901,0.2684804,1.035082,0.7083768,0.2604947,0.4492532,0.4780338,122.8859,0.8064936,0.2965757,0.511479,-0.0215903,0.002909899,0.03151959,0.03831571,0.002155635,0.1323087,0.115574,0.9844453,20.2378,0.01226943,0.7530738,0.6578234,0.01267933,1.100914,-0.03838962,1.101657,0.02799718,0.04911924,0.002492601,0.9983974,6.48851,0.4947135,0.8679427,0.04404455,False
1773055722536,13.2761,0.1767917,0.921684,0.1924917,0.9580238,-0.411078,-0.3585579,-0.4786992,0.6879668,93.06126,-0.5664243,-0.4940569,-0.6595996,0.08542536,1.014217,0.1782179,1.033293,0.1207098,1.072155,0.2457189,1.106556,0.115659,1.057147,0.2754716,1.098554,-0.07662208,-0.06895165,0.09263019,0.1385844,-0.02489747,-0.03670745,0.1736398,0.1792153,0.007319478,-0.05205554,0.172485,0.1803176,-0.08251428,-0.05769454,0.09475405,0.1382592,-0.02592325,-0.02892886,0.1762992,0.1805279,0.007144724,-0.04995482,0.1731901,0.1803921,-0.05636286,-0.05261086,0.1214236,0.1438345,-0.178765,0.3735245,-0.320875,0.8517991,63.1842,-0.3412402,0.713012,-0.6125106,19.67011,-0.008348512,-0.04956629,0.09366322,0.1062982,0.4583121,0.7895969,0.3955252,0.1002341,168.4947,0.4606319,0.7935935,0.3975272,1.299946,False,True,False,-0.1041409,0.5955101,0.1252929,0.6173945,-0.1032877,-0.2374237,-0.3314155,-0.9072626,310.2595,-0.2455929,-0.5645357,-0.7880251,0.01395881,0.5807929,0.1804457,0.6083387,0.01172526,0.5485373,0.2133646,0.5886893,-0.03349594,0.559669,0.1675885,0.5851814,0.05221033,-0.06078826,0.1135249,0.1389569,0.01577012,-0.07339246,0.1435673,0.1620084,0.009030522,-0.05470317,0.07730395,0.0951309,0.05214905,-0.06075054,0.1135671,0.1389519,0.01573764,-0.07335461,0.1436159,0.1620312,0.009030684,-0.05474784,0.07727242,0.09513099,0.02126458,-0.06257864,0.1086157,0.1271441,-0.8995394,-0.1049057,0.4104054,0.1067293,167.7464,-0.904707,-0.1055084,0.412763,13.69963,0,0,0,0,0,0,0,0,0,1,0,0,0.3591053,False,True,False,0.0715903,0.9970901,0.2684804,1.035082,0.7083768,0.2604947,0.4492532,0.4780338,122.8859,0.8064936,0.2965757,0.511479,-0.0215903,0.002909899,0.03151959,0.03831571,0.002155635,0.1323087,0.115574,0.9844453,20.2378,0.01226943,0.7530738,0.6578234,0.01311178,1.101032,-0.03853256,1.101784,0.02751724,0.04926353,0.001664116,0.9984053,6.472438,0.4874408,0.872655,0.02947817,False
1773055722550,13.28991,0.1751927,0.9164242,0.1960122,0.9533868,-0.4338979,-0.3550647,-0.4709797,0.6810579,94.14727,-0.5925708,-0.484909,-0.6432131,0.08225638,1.007627,0.1841688,1.027617,0.1203466,1.06786,0.2452729,1.102256,0.1173448,1.054851,0.2749708,1.096399,-0.07335879,-0.07290292,0.09213366,0.1385098,-0.02459461,-0.03971692,0.1721994,0.1784236,0.007106598,-0.05328652,0.1713656,0.1795999,-0.08051051,-0.06086268,0.09419971,0.1380572,-0.02564665,-0.03123071,0.1754202,0.1800148,0.007136605,-0.05064954,0.1727545,0.1801678,-0.0553546,-0.05523154,0.1204693,0.1436228,-0.1820898,0.3665785,-0.3085892,0.8586246,61.67499,-0.3552245,0.7151288,-0.6020021,18.89666,-0.008348512,-0.04956629,0.09366322,0.1062982,0.4583121,0.7895969,0.3955252,0.1002341,168.4947,0.4606319,0.7935935,0.3975272,1.299981,False,True,False,-0.1041457,0.5952959,0.1252845,0.617187,-0.1030335,-0.2374189,-0.3314345,-0.9072858,310.2659,-0.2450176,-0.5645915,-0.7881643,0.01395833,0.580627,0.1804417,0.608179,0.0117158,0.5483765,0.2133718,0.5885419,-0.03350625,0.5594922,0.1676226,0.5850227,0.05223372,-0.06079936,0.1135086,0.1389573,0.01578312,-0.07340807,0.1435448,0.1619968,0.009029767,-0.05469038,0.07731411,0.09513173,0.05216655,-0.06076063,0.113555,0.138953,0.01574703,-0.07336566,0.1436012,0.1620241,0.009030495,-0.05473597,0.07728104,0.09513114,0.0212764,-0.06257958,0.1086125,0.1271439,-0.899435,-0.1048624,0.4105862,0.1069558,167.7203,-0.9046242,-0.1054674,0.4129551,13.70054,0,0,0,0,0,0,0,0,0,1,0,0,0.3594683,False,True,False,0.0715903,0.9970901,0.2684804,1.035082,0.7083768,0.2604947,0.4492532,0.4780338,122.8859,0.8064936,0.2965757,0.511479,-0.0215903,0.002909899,0.03151959,0.03831571,0.002155635,0.1323087,0.115574,0.9844453,20.2378,0.01226943,0.7530738,0.6578234,0.01354219,1.10123,-0.03860355,1.10199,0.0270451,0.04926225,0.0008099431,0.9984193,6.443821,0.4812016,0.8765015,0.01441096,False
1773055722564,13.30372,0.172382,0.9128944,0.1973975,0.9497671,-0.4366583,-0.3506842,-0.4677421,0.6837891,93.71909,-0.5984246,-0.4806001,-0.6410238,0.07429272,0.9988074,0.2018326,1.021701,0.1137878,1.060878,0.2480856,1.095425,0.1140378,1.049502,0.2765881,1.091311,-0.05905775,-0.08307552,0.09334595,0.138213,-0.02422628,-0.04477633,0.1694708,0.1769525,0.006690272,-0.05483361,0.1695554,0.178327,-0.07593021,-0.06551668,0.0940193,0.137468,-0.02535159,-0.03407564,0.1741556,0.1792597,0.007041832,-0.05151764,0.1720008,0.1796884,-0.05245253,-0.05888571,0.1198843,0.1434958,-0.1885783,0.3529457,-0.2913794,0.8688877,59.34073,-0.380959,0.7130081,-0.5886341,17.81698,-0.008348512,-0.04956629,0.09366322,0.1062982,0.4583121,0.7895969,0.3955252,0.1002341,168.4947,0.4606319,0.7935935,0.3975272,1.3,False,True,False,-0.1041461,0.595222,0.1252355,0.6171058,-0.1028336,-0.2374563,-0.3314853,-0.9072802,310.2643,-0.2445353,-0.5646641,-0.7882622,0.01396655,0.5806051,0.1803897,0.6081429,0.01172578,0.5483522,0.2133179,0.5885,-0.03350429,0.5594552,0.1676064,0.5849825,0.05225306,-0.06080424,0.1134979,0.138958,0.0157964,-0.07342771,0.1435211,0.161986,0.009028095,-0.05467804,0.07732645,0.0951345,0.05218443,-0.06076964,0.1135432,0.138954,0.01575723,-0.07337848,0.1435847,0.1620162,0.009029999,-0.054724,0.07729042,0.09513183,0.02128872,-0.06258073,0.1086087,0.1271433,-0.8993239,-0.1048534,0.4107711,0.1071894,167.6934,-0.9045351,-0.105461,0.4131513,13.70116,0,0,0,0,0,0,0,0,0,1,0,0,0.3594196,False,True,False,0.0715903,0.9970901,0.2684804,1.035082,0.7083768,0.2604947,0.4492532,0.4780338,122.8859,0.8064936,0.2965757,0.511479,-0.0215903,0.002909899,0.03151959,0.03831571,0.002155635,0.1323087,0.115574,0.9844453,20.2378,0.01226943,0.7530738,0.6578234,0.0139632,1.101477,-0.03862263,1.102243,0.02646661,0.04948901,-0.0001545152,0.9984239,6.434457,0.4715944,0.8818182,-0.002753223,False
1773055722576,13.31765,0.1701189,0.9091378,0.1990204,0.9460872,-0.4418131,-0.3474427,-0.4645373,0.6843172,93.63615,-0.6059002,-0.4764812,-0.6370641,0.07034297,0.9911051,0.2126329,1.016096,0.1093473,1.054753,0.2499554,1.089467,0.1120134,1.045054,0.2776853,1.087104,-0.05033235,-0.08825861,0.09271955,0.1375494,-0.02395909,-0.04844546,0.1671243,0.1756461,0.006369138,-0.05589201,0.1682268,0.177383,-0.07057676,-0.07041655,0.09374286,0.1368477,-0.02506081,-0.03706785,0.1726642,0.1783676,0.006898398,-0.05242765,0.1711169,0.1791012,-0.0489969,-0.06273218,0.1192224,0.1433527,-0.1959485,0.3360886,-0.2719742,0.8801584,56.67706,-0.4128011,0.7080317,-0.5729631,16.72124,-0.008348512,-0.04956629,0.09366322,0.1062982,0.4583121,0.7895969,0.3955252,0.1002341,168.4947,0.4606319,0.7935935,0.3975272,1.3,False,True,False,-0.1041477,0.5951509,0.1251836,0.617027,-0.1026304,-0.2374882,-0.3315427,-0.9072738,310.2626,-0.2440441,-0.5647215,-0.788373,0.01397304,0.5805886,0.1803362,0.6081115,0.0117342,0.5483319,0.2132608,0.5884604,-0.03350373,0.5594218,0.1675886,0.5849454,0.05227314,-0.0608084,0.1134873,0.1389587,0.0158103,-0.07344847,0.143496,0.1619745,0.009026196,-0.05466557,0.07733926,0.09513757,0.05220289,-0.06077771,0.1135316,0.138955,0.01576827,-0.07339305,0.1435662,0.1620075,0.009029209,-0.05471184,0.07730058,0.09513302,0.02130167,-0.06258205,0.1086043,0.1271424,-0.8992053,-0.1048763,0.4109615,0.1074315,167.6655,-0.9044398,-0.1054868,0.4133538,13.70152,0,0,0,0,0,0,0,0,0,1,0,0,0.359916,False,True,False,0.0715903,0.9970901,0.2684804,1.035082,0.7083768,0.2604947,0.4492532,0.4780338,122.8859,0.8064936,0.2965757,0.511479,-0.0215903,0.002909899,0.03151959,0.03831571,0.002155635,0.1323087,0.115574,0.9844453,20.2378,0.01226943,0.7530738,0.6578234,0.0143722,1.101579,-0.03863624,1.10235,0.0257233,0.04954062,-0.0009909025,0.9984403,6.400901,0.4607495,0.8873596,-0.0177488,False
1773055722592,13.33207,0.1671339,0.9074995,0.1996287,0.9441084,-0.440745,-0.3364085,-0.4570474,0.6954718,91.87035,-0.6133782,-0.4681747,-0.636066,0.06586264,0.9854657,0.2197944,1.011825,0.1055205,1.050964,0.2547223,1.086528,0.1095445,1.041276,0.2820405,1.084345,-0.04759083,-0.09054411,0.09123819,0.1370676,-0.02395378,-0.04924324,0.1666298,0.1753972,0.006244827,-0.05609916,0.1680517,0.177278,-0.06557781,-0.07494209,0.09319537,0.1363897,-0.02482367,-0.0396982,0.1713593,0.1776406,0.006755639,-0.05321516,0.1703886,0.178633,-0.0457941,-0.0662781,0.1184104,0.1432163,-0.2034017,0.3181762,-0.2532218,0.8906573,54.08808,-0.447356,0.6997879,-0.5569288,15.89279,-0.008348512,-0.04956629,0.09366322,0.1062982,0.4583121,0.7895969,0.3955252,0.1002341,168.4947,0.4606319,0.7935935,0.3975272,1.3,False,True,False,-0.104108,0.5951998,0.1251199,0.6170545,-0.1024262,-0.2374403,-0.3316292,-0.9072778,310.2637,-0.2435635,-0.5646193,-0.7885949,0.0140181,0.5806953,0.1802788,0.6081973,0.01177032,0.5484235,0.2131878,0.5885201,-0.03347594,0.5595158,0.167562,0.5850261,0.05230294,-0.06081668,0.1134705,0.1389597,0.01582658,-0.07348017,0.1434526,0.1619521,0.009025912,-0.05464375,0.07734191,0.09512717,0.05222427,-0.06078604,0.1135185,0.138956,0.01578074,-0.07341167,0.1435419,0.1619956,0.009028505,-0.05469729,0.07730941,0.09513176,0.02131653,-0.0625835,0.1085962,0.1271386,-0.8990742,-0.1049372,0.4111581,0.1077169,167.6326,-0.904336,-0.1055513,0.4135644,13.7021,0,0,0,0,0,0,0,0,0,1,0,0,0.3611323,False,True,False,0.0715903,0.9970901,0.2684804,1.035082,0.7083768,0.2604947,0.4492532,0.4780338,122.8859,0.8064936,0.2965757,0.511479,-0.0215903,0.002909899,0.03151959,0.03831571,0.002155635,0.1323087,0.115574,0.9844453,20.2378,0.01226943,0.7530738,0.6578234,0.01483338,1.101759,-0.03869133,1.102538,0.02570607,0.0500783,-0.002159962,0.9984121,6.458509,0.4563361,0.8889936,-0.03834381,False
1773055722605,13.34536,0.1644631,0.905174,0.2006177,0.9416133,-0.4425352,-0.3250907,-0.4485542,0.7051793,90.31193,-0.6241426,-0.4585013,-0.6326317,0.0624457,0.9789373,0.2279645,1.007068,0.1022299,1.046452,0.259281,1.082931,0.1079625,1.03737,0.286055,1.08149,-0.04390773,-0.09300563,0.08970529,0.1364734,-0.02391609,-0.0505194,0.1657808,0.1749499,0.006012127,-0.05634186,0.167856,0.1771615,-0.06106906,-0.07880367,0.09247859,0.1359843,-0.02464158,-0.04191244,0.1702354,0.1770422,0.006603679,-0.05384582,0.1698289,0.178283,-0.04292059,-0.06931734,0.1175234,0.1430344,-0.2099338,0.3004102,-0.2361436,0.8999543,51.69588,-0.4815169,0.6890392,-0.5416334,15.27086,-0.008348512,-0.04956629,0.09366322,0.1062982,0.4583121,0.7895969,0.3955252,0.1002341,168.4947,0.4606319,0.7935935,0.3975272,1.3,False,True,False,-0.1040667,0.5952586,0.125053,0.6170907,-0.1022189,-0.2373779,-0.331725,-0.9072826,310.265,-0.2430767,-0.5644847,-0.788842,0.01406409,0.5808144,0.1802202,0.6082947,0.01180613,0.5485247,0.2131108,0.5885872,-0.03344852,0.5596215,0.1675339,0.5851176,0.05233475,-0.06082501,0.1134527,0.1389609,0.01584363,-0.07351441,0.1434058,0.1619278,0.009025691,-0.05462047,0.07734376,0.09511528,0.05224641,-0.06079385,0.1135053,0.138957,0.01579335,-0.07343227,0.1435146,0.161982,0.009027941,-0.05468189,0.0773163,0.09512845,0.0213318,-0.06258492,0.1085853,0.1271326,-0.8989435,-0.1050267,0.4113426,0.1080154,167.5981,-0.904234,-0.1056448,0.4137634,13.70284,0,0,0,0,0,0,0,0,0,1,0,0,0.3624325,False,True,False,0.0715903,0.9970901,0.2684804,1.035082,0.7083768,0.2604947,0.4492532,0.4780338,122.8859,0.8064936,0.2965757,0.511479,-0.0215903,0.002909899,0.03151959,0.03831571,0.002155635,0.1323087,0.115574,0.9844453,20.2378,0.01226943,0.7530738,0.6578234,0.01536209,1.101837,-0.03875656,1.102625,0.02585453,0.05124208,-0.002909281,0.9983473,6.58911,0.4498861,0.8916463,-0.05062342,False
1773055722618,13.35922,0.1619046,0.902285,0.2019075,0.9386682,-0.4464698,-0.3149415,-0.4402821,0.7124804,89.12583,-0.636276,-0.4488314,-0.6274577,0.0600214,0.9718395,0.2365889,1.002022,0.09907844,1.041425,0.2631789,1.078724,0.1067725,1.033575,0.2893671,1.078616,-0.03924913,-0.09551034,0.08812026,0.1357494,-0.0239248,-0.0522773,0.16451,0.1742666,0.005684647,-0.05660402,0.1676392,0.1770289,-0.05629336,-0.08253227,0.09155121,0.135507,-0.02449303,-0.04412335,0.1690487,0.1764206,0.006409987,-0.05442226,0.1693335,0.1779795,-0.03987093,-0.07228329,0.1164707,0.1427585,-0.216063,0.2803566,-0.2179146,0.909522,49.12124,-0.5198123,0.6744924,-0.524267,14.69734,-0.008348512,-0.04956629,0.09366322,0.1062982,0.4583121,0.7895969,0.3955252,0.1002341,168.4947,0.4606319,0.7935935,0.3975272,1.3,False,True,False,-0.104024,0.5953266,0.1249832,0.617135,-0.1020091,-0.2373016,-0.3318295,-0.9072879,310.2664,-0.2425842,-0.5643184,-0.789112,0.01411077,0.5809451,0.1801607,0.608403,0.01184139,0.5486349,0.2130298,0.5886613,-0.03342164,0.5597381,0.1675041,0.5852191,0.05236836,-0.06083329,0.1134341,0.138962,0.01586148,-0.07355095,0.1433552,0.1619013,0.009025564,-0.05459578,0.07734455,0.09510174,0.05227167,-0.06080202,0.1134906,0.138958,0.01580746,-0.07345687,0.1434816,0.1619653,0.009027448,-0.05466405,0.07732216,0.09512291,0.02134913,-0.06258646,0.1085709,0.1271239,-0.8987986,-0.1051522,0.411537,0.1083584,167.5586,-0.9041222,-0.105775,0.4139745,13.7038,0,0,0,0,0,0,0,0,0,1,0,0,0.3636151,False,True,False,0.0715903,0.9970901,0.2684804,1.035082,0.7083768,0.2604947,0.4492532,0.4780338,122.8859,0.8064936,0.2965757,0.511479,-0.0215903,0.002909899,0.03151959,0.03831571,0.002155635,0.1323087,0.115574,0.9844453,20.2378,0.01226943,0.7530738,0.6578234,0.01582472,1.10197,-0.03877059,1.102765,0.02570106,0.05208113,-0.003875994,0.9983046,6.673665,0.4415542,0.8947738,-0.06659107,False
1773055722633,13.37315,0.1600972,0.9015003,0.2007954,0.9373648,-0.4397623,-0.3170199,-0.4398445,0.7159919,88.5509,-0.6299339,-0.4541126,-0.6300517,0.05731334,0.969628,0.235606,0.9994866,0.09539567,1.039394,0.2629429,1.076373,0.102771,1.031313,0.2889407,1.075944,-0.03919515,-0.09554726,0.08808436,0.1357365,-0.02416448,-0.05232482,0.1644671,0.1742734,0.005217074,-0.05682528,0.167517,0.1769697,-0.05249358,-0.08546542,0.09080978,0.1353009,-0.0244247,-0.04588928,0.1680911,0.175946,0.006158252,-0.05492725,0.1689245,0.1777369,-0.03746609,-0.07464898,0.1156065,0.142622,-0.2212003,0.263527,-0.203305,0.9166739,47.11086,-0.5535044,0.6594176,-0.5087253,14.27804,-0.008348512,-0.04956629,0.09366322,0.1062982,0.4583121,0.7895969,0.3955252,0.1002341,168.4947,0.4606319,0.7935935,0.3975272,1.299999,False,True,False,-0.1039994,0.5952646,0.1249518,0.6170646,-0.101887,-0.2372886,-0.331912,-0.9072748,310.2629,-0.2422776,-0.5642499,-0.7892554,0.01414894,0.58093,0.1801139,0.6083756,0.01187028,0.5486064,0.2129897,0.5886208,-0.03341025,0.5597209,0.1674926,0.5851987,0.05240082,-0.0608447,0.1134138,0.1389626,0.01587185,-0.07356949,0.1433301,0.1618885,0.009027645,-0.05456626,0.07734069,0.09508185,0.05229853,-0.0608109,0.1134746,0.1389589,0.01582086,-0.07348031,0.14345,0.1619493,0.009027489,-0.0546437,0.07732601,0.09511437,0.02136672,-0.06258685,0.1085564,0.1271147,-0.8986562,-0.1052441,0.4117303,0.1087153,167.5175,-0.9040143,-0.1058716,0.4141851,13.70603,0,0,0,0,0,0,0,0,0,1,0,0,0.3631327,False,True,False,0.0715903,0.9970901,0.2684804,1.035082,0.7083768,0.2604947,0.4492532,0.4780338,122.8859,0.8064936,0.2965757,0.511479,-0.0215903,0.002909899,0.03151959,0.03831571,0.002155635,0.1323087,0.115574,0.9844453,20.2378,0.01226943,0.7530738,0.6578234,0.01631711,1.102165,-0.03872691,1.102966,0.02522619,0.05323362,-0.004771448,0.9982521,6.776258,0.4268413,0.9007429,-0.0807356,False
1773055722647,13.38707,0.1582629,0.9001402,0.2002035,0.935618,-0.4351826,-0.3182125,-0.4387534,0.7189245,88.06849,-0.6260826,-0.4578017,-0.6312198,0.05481967,0.9670432,0.2353342,0.9967748,0.09207489,1.037065,0.2629257,1.073831,0.09926984,1.028834,0.2887817,1.073195,-0.03904267,-0.09563471,0.0880125,0.1357075,-0.02448005,-0.05241133,0.1643931,0.1742737,0.004742141,-0.05704254,0.1673938,0.1769096,-0.04948439,-0.08776299,0.09021153,0.1352375,-0.0244362,-0.04729787,0.167316,0.1755815,0.005860317,-0.05537213,0.1685825,0.17754,-0.03558459,-0.07652657,0.1148983,0.142563,-0.2253474,0.2495026,-0.191777,0.9220567,45.54272,-0.5822107,0.6446182,-0.4954778,13.96733,-0.008348512,-0.04956629,0.09366322,0.1062982,0.4583121,0.7895969,0.3955252,0.1002341,168.4947,0.4606319,0.7935935,0.3975272,1.299981,False,True,False,-0.1039746,0.5952032,0.1249201,0.6169948,-0.1017726,-0.2372712,-0.3319994,-0.9072602,310.2589,-0.2419874,-0.5641663,-0.7894039,0.01418785,0.5809157,0.1800655,0.6083486,0.01189912,0.5485775,0.2129491,0.5885798,-0.03339991,0.5597055,0.1674797,0.5851797,0.05243468,-0.06085648,0.1133925,0.1389632,0.01588194,-0.07358775,0.1433052,0.1618758,0.009030111,-0.05453499,0.07733551,0.09505992,0.05232683,-0.06082038,0.1134575,0.1389598,0.01583356,-0.07350266,0.1434199,0.161934,0.009028034,-0.05462109,0.07732799,0.09510303,0.02138455,-0.0625862,0.1085418,0.1271049,-0.8985164,-0.1053057,0.411922,0.1090843,167.4749,-0.9039105,-0.1059379,0.4143949,13.70942,0,0,0,0,0,0,0,0,0,1,0,0,0.3627355,False,True,False,0.0715903,0.9970901,0.2684804,1.035082,0.7083768,0.2604947,0.4492532,0.4780338,122.8859,0.8064936,0.2965757,0.511479,-0.0215903,0.002909899,0.03151959,0.03831571,0.002155635,0.1323087,0.115574,0.9844453,20.2378,0.01226943,0.7530738,0.6578234,0.01668652,1.102414,-0.03865992,1.103218,0.02464446,0.05437911,-0.005442033,0.9982014,6.873907,0.4110813,0.9070695,-0.09077571,False
1773055722661,13.40104,0.1571824,0.89978,0.200764,0.9352094,-0.4344752,-0.3181449,-0.4380322,0.7198215,87.92051,-0.6259013,-0.4583168,-0.6310255,0.05344705,0.9664254,0.2355841,0.9961599,0.09076281,1.036567,0.263657,1.073417,0.09795266,1.028341,0.2895255,1.072803,-0.03954501,-0.09561677,0.08783547,0.1357256,-0.02456129,-0.05233505,0.164454,0.1743196,0.004658738,-0.05700939,0.1674961,0.1769936,-0.04724714,-0.08954351,0.0897019,0.1352655,-0.02446228,-0.04839079,0.1667131,0.1753092,0.005607341,-0.05571768,0.1683406,0.1774105,-0.03419733,-0.07799932,0.1142978,0.1425389,-0.2286544,0.238531,-0.1828474,0.925952,44.37532,-0.6054802,0.6316336,-0.4841826,13.75031,-0.008348512,-0.04956629,0.09366322,0.1062982,0.4583121,0.7895969,0.3955252,0.1002341,168.4947,0.4606319,0.7935935,0.3975272,1.299464,False,True,False,-0.1039836,0.5951661,0.1248703,0.6169505,-0.1017273,-0.2370691,-0.3320265,-0.9073082,310.272,-0.2419394,-0.5638245,-0.7896628,0.01417032,0.5808831,0.1800354,0.6083081,0.01185939,0.5485379,0.2129379,0.5885381,-0.03345406,0.5597004,0.1674584,0.5851718,0.05246202,-0.06086975,0.1133728,0.1389633,0.01589162,-0.07359251,0.1433014,0.1618755,0.009034598,-0.05449117,0.07732084,0.09502328,0.05235502,-0.06083068,0.1134399,0.1389605,0.01584567,-0.07352141,0.1433952,0.1619218,0.009029402,-0.054594,0.0773265,0.09508639,0.02140128,-0.06258286,0.1085279,0.1270942,-0.8983933,-0.1052983,0.4120906,0.109467,167.4308,-0.903825,-0.1059349,0.4145821,13.71434,0,0,0,0,0,0,0,0,0,1,0,0,0.3617076,False,True,False,0.0715903,0.9970901,0.2684804,1.035082,0.7083768,0.2604947,0.4492532,0.4780338,122.8859,0.8064936,0.2965757,0.511479,-0.0215903,0.002909899,0.03151959,0.03831571,0.002155635,0.1323087,0.115574,0.9844453,20.2378,0.01226943,0.7530738,0.6578234,0.01709403,1.102612,-0.0386012,1.10342,0.02428917,0.05535335,-0.006094838,0.9981527,6.966143,0.3997971,0.9111102,-0.1003204,False
1773055722675,13.41503,0.1559344,0.8989769,0.2014822,0.9343822,-0.4343444,-0.3179137,-0.4372887,0.7204544,87.81598,-0.6263056,-0.4584177,-0.6305512,0.05196044,0.965444,0.2360005,0.9952278,0.08940857,1.035725,0.2644551,1.072687,0.09666251,1.027644,0.2903451,1.072239,-0.04003551,-0.09562233,0.08763842,0.135746,-0.02464736,-0.0522674,0.1645095,0.1743639,0.004557249,-0.05689938,0.1677043,0.1771526,-0.04562053,-0.0909223,0.08925877,0.1353337,-0.02450094,-0.04923359,0.1662476,0.1751071,0.005386334,-0.05596751,0.1681996,0.1773484,-0.03320348,-0.07915383,0.1137814,0.1425272,-0.2312498,0.230009,-0.176023,0.9287817,43.50862,-0.6239417,0.620594,-0.4749327,13.59534,-0.008348512,-0.04956629,0.09366322,0.1062982,0.4583121,0.7895969,0.3955252,0.1002341,168.4947,0.4606319,0.7935935,0.3975272,1.292754,False,True,False,-0.1039944,0.5951312,0.124819,0.6169082,-0.1016968,-0.236841,-0.3320503,-0.9073625,310.2867,-0.2419342,-0.563439,-0.7899395,0.01414859,0.5808476,0.1800072,0.6082653,0.01181343,0.5484953,0.2129311,0.588495,-0.03351489,0.5596967,0.1674361,0.5851654,0.05248961,-0.06088354,0.1133526,0.1389632,0.01590093,-0.07359543,0.1433004,0.1618769,0.009039602,-0.05444431,0.0773039,0.09498311,0.05238313,-0.06084172,0.1134216,0.138961,0.01585721,-0.07353687,0.1433754,0.1619124,0.009031531,-0.05456273,0.07732178,0.0950648,0.021417,-0.06257702,0.1085146,0.1270826,-0.8982857,-0.1052275,0.4122379,0.1098626,167.3852,-0.9037563,-0.1058683,0.4147485,13.72068,0,0,0,0,0,0,0,0,0,1,0,0,0.3617884,False,True,False,0.0715903,0.9970901,0.2684804,1.035082,0.7083768,0.2604947,0.4492532,0.4780338,122.8859,0.8064936,0.2965757,0.511479,-0.0215903,0.002909899,0.03151959,0.03831571,0.002155635,0.1323087,0.115574,0.9844453,20.2378,0.01226943,0.7530738,0.6578234,0.0175232,1.10266,-0.0385442,1.103472,0.0240358,0.05622245,-0.006759079,0.998106,7.053733,0.3907202,0.9139387,-0.109874,False
1773055722689,13.42895,0.1553227,0.8991846,0.2029738,0.9348029,-0.4351142,-0.3172704,-0.4359533,0.7210824,87.71217,-0.6280069,-0.4579212,-0.6292181,0.05089881,0.9657216,0.236421,0.995542,0.08896617,1.036152,0.2659983,1.073444,0.09654485,1.028556,0.2920943,1.073577,-0.04150291,-0.09552042,0.08725994,0.135871,-0.02470906,-0.05202696,0.1647263,0.1745053,0.004625742,-0.05640373,0.1684353,0.1776886,-0.04469811,-0.09195814,0.08883166,0.1354448,-0.02454421,-0.04983774,0.1659275,0.1749805,0.005227236,-0.05605925,0.1682514,0.1774218,-0.03266247,-0.08003135,0.1133119,0.1425183,-0.2332363,0.2241718,-0.171092,0.9306317,42.933,-0.6373323,0.6125628,-0.4675191,13.50149,-0.008348512,-0.04956629,0.09366322,0.1062982,0.4583121,0.7895969,0.3955252,0.1002341,168.4947,0.4606319,0.7935935,0.3975272,1.213735,False,True,False,-0.1040429,0.5951133,0.1248019,0.6168957,-0.1015966,-0.2367751,-0.3320822,-0.9073793,310.2913,-0.2417167,-0.5633307,-0.7900833,0.01409974,0.5808333,0.1799904,0.6082455,0.01176047,0.5485079,0.2129499,0.5885124,-0.03360591,0.5597366,0.1674381,0.5852093,0.05249716,-0.06090871,0.1133349,0.1389626,0.01591193,-0.07359052,0.1433114,0.1618855,0.009045553,-0.05438495,0.07728373,0.09493323,0.05240684,-0.06085565,0.1134036,0.1389614,0.01586859,-0.07354803,0.1433621,0.1619068,0.009034445,-0.05452576,0.07731388,0.09503744,0.0214295,-0.06256813,0.108502,0.1270696,-0.8982091,-0.1050563,0.4123352,0.1102875,167.3362,-0.903722,-0.1057011,0.414866,13.72707,0,0,0,0,0,0,0,0,0,1,0,0,0.3623838,False,True,False,0.0715903,0.9970901,0.2684804,1.035082,0.7083768,0.2604947,0.4492532,0.4780338,122.8859,0.8064936,0.2965757,0.511479,-0.0215903,0.002909899,0.03151959,0.03831571,0.002155635,0.1323087,0.115574,0.9844453,20.2378,0.01226943,0.7530738,0.6578234,0.01786919,1.102745,-0.03844372,1.103559,0.02403087,0.05716242,-0.007497652,0.9980475,7.162045,0.3847406,0.9151853,-0.1200394,False
1773055722702,13.44243,0.1544517,0.899023,0.2047488,0.9348902,-0.4366516,-0.316121,-0.4337279,0.7219993,87.5604,-0.6310963,-0.4568924,-0.6268707,0.04978084,0.9655282,0.2377303,0.9956096,0.08835421,1.036267,0.2678452,1.073963,0.0962535,1.029067,0.2941078,1.074589,-0.04249477,-0.09542704,0.08699009,0.135939,-0.02477209,-0.05175343,0.1649748,0.1746676,0.004684334,-0.05596416,0.1690756,0.1781586,-0.04421819,-0.09271853,0.08844794,0.1355545,-0.02459043,-0.05024144,0.165732,0.1749171,0.00511659,-0.05603976,0.1684274,0.1775794,-0.03239997,-0.08067495,0.1129178,0.1425083,-0.2347171,0.2201892,-0.1676569,0.9318346,42.55474,-0.6468118,0.606777,-0.4620135,13.45358,-0.008348512,-0.04956629,0.09366322,0.1062982,0.4583121,0.7895969,0.3955252,0.1002341,168.4947,0.4606319,0.7935935,0.3975272,0.9841691,False,True,False,-0.1040954,0.5950981,0.1247858,0.6168867,-0.1014991,-0.2367095,-0.3321124,-0.9073963,310.296,-0.2415057,-0.5632237,-0.7902242,0.01404629,0.5808179,0.1799743,0.6082249,0.011704,0.5485243,0.2129733,0.588535,-0.03370388,0.5597821,0.1674402,0.5852591,0.05250207,-0.06093586,0.1133169,0.1389618,0.01592296,-0.0735829,0.1433262,0.1618962,0.009052045,-0.05432143,0.07726124,0.09487917,0.05242614,-0.06087191,0.113386,0.1389614,0.01587961,-0.0735551,0.1433548,0.1619046,0.009038012,-0.05448431,0.07730321,0.09500533,0.02143885,-0.06255663,0.1084902,0.1270555,-0.8981615,-0.1047978,0.4123857,0.1107309,167.2851,-0.9037191,-0.1054463,0.4149375,13.73339,0,0,0,0,0,0,0,0,0,1,0,0,0.3637405,False,True,False,0.0715903,0.9970901,0.2684804,1.035082,0.7083768,0.2604947,0.4492532,0.4780338,122.8859,0.8064936,0.2965757,0.511479,-0.0215903,0.002909899,0.03151959,0.03831571,0.002155635,0.1323087,0.115574,0.9844453,20.2378,0.01226943,0.7530738,0.6578234,0.01822712,1.102796,-0.03829092,1.103611,0.02390274,0.05792295,-0.007959708,0.9980031,7.242948,0.3784203,0.9170172,-0.1260155,False
1773055722716,13.45662,0.1533603,0.8984869,0.2067178,0.9346284,-0.4390951,-0.314399,-0.4305436,0.7231743,87.36564,-0.6357565,-0.4552117,-0.6233749,0.04858157,0.964896,0.2396847,0.995406,0.08763137,1.036071,0.2698907,1.074227,0.09586185,1.029202,0.296277,1.075279,-0.04320248,-0.09535012,0.0867828,0.1359756,-0.02483453,-0.05145574,0.1652443,0.1748432,0.004730329,-0.05557683,0.1696321,0.1785671,-0.043989,-0.09331667,0.08808687,0.1356552,-0.024642,-0.05050736,0.1656279,0.1749023,0.005034667,-0.0559411,0.1686945,0.1777993,-0.03229617,-0.08117458,0.1125729,0.1424957,-0.2359135,0.2172049,-0.1651689,0.9326769,42.28799,-0.6540198,0.6021543,-0.4578954,13.43815,-0.008348512,-0.04956629,0.09366322,0.1062982,0.4583121,0.7895969,0.3955252,0.1002341,168.4947,0.4606319,0.7935935,0.3975272,0.7352557,False,True,False,-0.1041517,0.5950857,0.1247707,0.6168811,-0.1014041,-0.2366443,-0.332141,-0.9074134,310.3006,-0.2413009,-0.5631181,-0.7903618,0.01398852,0.5808017,0.1799591,0.6082035,0.01164433,0.5485443,0.2130013,0.5885626,-0.03380847,0.5598333,0.1674424,0.5853147,0.05250434,-0.06096495,0.113299,0.1389607,0.01593398,-0.07357274,0.1433451,0.1619094,0.009059031,-0.05425377,0.07723667,0.0948211,0.05244266,-0.06089156,0.1133676,0.1389613,0.0158911,-0.07355882,0.1433527,0.1619056,0.009042448,-0.05443559,0.07728916,0.09496638,0.0214459,-0.06254182,0.1084783,0.1270392,-0.898138,-0.1044379,0.4123956,0.111224,167.2282,-0.9037454,-0.1050899,0.4149703,13.74011,0,0,0,0,0,0,0,0,0,1,0,0,0.3649439,False,True,False,0.0715903,0.9970901,0.2684804,1.035082,0.7083768,0.2604947,0.4492532,0.4780338,122.8859,0.8064936,0.2965757,0.511479,-0.0215903,0.002909899,0.03151959,0.03831571,0.002155635,0.1323087,0.115574,0.9844453,20.2378,0.01226943,0.7530738,0.6578234,0.01852983,1.102855,-0.03815619,1.10367,0.02381219,0.05874237,-0.008670652,0.9979516,7.335887,0.3722157,0.9182203,-0.1355337,False
1773055722731,13.47043,0.1524841,0.8987789,0.2098568,0.935465,-0.442794,-0.3160915,-0.4271175,0.7222121,87.52516,-0.6401795,-0.4569964,-0.6175149,0.04769407,0.9659388,0.2418149,0.9968886,0.08657536,1.036863,0.2718759,1.075406,0.09457677,1.030145,0.2984463,1.076667,-0.04403838,-0.09478333,0.08722274,0.1361289,-0.02484433,-0.05135302,0.1653328,0.174898,0.004742299,-0.05588287,0.1696801,0.1787085,-0.04399985,-0.09364156,0.08790375,0.1357638,-0.02468383,-0.05068821,0.1655663,0.1749022,0.004974039,-0.05592897,0.1689077,0.1779961,-0.03232973,-0.08146229,0.1124041,0.1425342,-0.2364499,0.2158678,-0.1646232,0.9329479,42.20178,-0.6567845,0.5996138,-0.4572721,13.42213,-0.008348512,-0.04956629,0.09366322,0.1062982,0.4583121,0.7895969,0.3955252,0.1002341,168.4947,0.4606319,0.7935935,0.3975272,0.4828249,False,True,False,-0.1041966,0.5949473,0.1248114,0.6167634,-0.1013121,-0.236615,-0.3322399,-0.9073951,310.2957,-0.2410594,-0.5629956,-0.7905231,0.01395159,0.5806887,0.179992,0.6081045,0.01160845,0.5484501,0.2130681,0.5884983,-0.03388466,0.559756,0.1674919,0.5852594,0.052517,-0.06098611,0.1132832,0.138962,0.01594425,-0.07356843,0.1433563,0.1619184,0.009064543,-0.05420211,0.07721455,0.09477405,0.05245802,-0.0609111,0.1133502,0.1389614,0.01590208,-0.0735608,0.1433535,0.1619083,0.009047012,-0.05438731,0.07727376,0.09492661,0.0214519,-0.0625266,0.1084669,0.127023,-0.8981261,-0.1040599,0.4123886,0.1116992,167.1734,-0.903782,-0.1047152,0.4149855,13.74717,0,0,0,0,0,0,0,0,0,1,0,0,0.3652462,False,True,False,0.0715903,0.9970901,0.2684804,1.035082,0.7083768,0.2604947,0.4492532,0.4780338,122.8859,0.8064936,0.2965757,0.511479,-0.0215903,0.002909899,0.03151959,0.03831571,0.002155635,0.1323087,0.115574,0.9844453,20.2378,0.01226943,0.7530738,0.6578234,0.01878829,1.102909,-0.03798131,1.103723,0.02389019,0.05927341,-0.009347176,0.9979121,7.406229,0.3698938,0.9177352,-0.1447231,False
1773055722744,13.48414,0.1514753,0.8986731,0.2128615,0.9358783,-0.4473403,-0.3178195,-0.4230079,0.7210699,87.71424,-0.6456409,-0.4587052,-0.6105223,0.04669698,0.966318,0.24421,0.9977924,0.08542283,1.037356,0.2735473,1.076213,0.09330741,1.0309,0.3002907,1.077792,-0.04440055,-0.09443427,0.08757353,0.1362291,-0.02484861,-0.05123169,0.1654415,0.1749658,0.004762054,-0.05607513,0.1697917,0.1788751,-0.04408696,-0.0938154,0.08783428,0.135867,-0.02471771,-0.05080354,0.1655404,0.1749159,0.004930348,-0.05595924,0.1690974,0.1781844,-0.03239943,-0.08162586,0.1123516,0.1426022,-0.2366841,0.2151966,-0.1652315,0.9329361,42.20556,-0.657379,0.5976985,-0.4589229,13.40922,-0.008348512,-0.04956629,0.09366322,0.1062982,0.4583121,0.7895969,0.3955252,0.1002341,168.4947,0.4606319,0.7935935,0.3975272,0.4096455,False,True,False,-0.104244,0.5948039,0.1248561,0.6166422,-0.1012226,-0.2365901,-0.3323457,-0.9073728,310.2896,-0.2408188,-0.5628719,-0.7906842,0.01391279,0.5805713,0.1800279,0.6080022,0.01157197,0.548353,0.2131399,0.5884331,-0.03396359,0.5596759,0.1675437,0.5852021,0.05252881,-0.06100781,0.1132676,0.1389632,0.01595442,-0.07356274,0.1433699,0.1619288,0.009070353,-0.05414909,0.07719095,0.09472506,0.05247257,-0.06093097,0.1133332,0.1389618,0.01591283,-0.0735612,0.1433569,0.1619125,0.009051805,-0.05433832,0.07725675,0.09488516,0.02145703,-0.06251064,0.1084558,0.1270065,-0.898125,-0.1036564,0.4123653,0.1121686,167.1193,-0.9038289,-0.1043147,0.4149842,13.75467,0,0,0,0,0,0,0,0,0,1,0,0,0.3655922,False,True,False,0.0715903,0.9970901,0.2684804,1.035082,0.7083768,0.2604947,0.4492532,0.4780338,122.8859,0.8064936,0.2965757,0.511479,-0.0215903,0.002909899,0.03151959,0.03831571,0.002155635,0.1323087,0.115574,0.9844453,20.2378,0.01226943,0.7530738,0.6578234,0.01899577,1.102951,-0.0378386,1.103763,0.02394204,0.05971183,-0.009917111,0.9978793,7.464272,0.3678173,0.9173422,-0.1523548,False
1773055722758,13.49833,0.1511759,0.8991954,0.2151481,0.9368539,-0.4499994,-0.3186351,-0.4203981,0.7205815,87.79498,-0.649003,-0.4595454,-0.6063111,0.04664543,0.9671924,0.2468771,0.9992924,0.08499231,1.038141,0.2751283,1.077337,0.09212326,1.03112,0.3019599,1.078367,-0.04394071,-0.09424053,0.08813976,0.136311,-0.02484156,-0.0512169,0.1654638,0.1749815,0.004688695,-0.05708877,0.1691779,0.1786121,-0.04405444,-0.09391073,0.08790018,0.1359649,-0.02474389,-0.05089348,0.165524,0.1749303,0.004879184,-0.05619974,0.1691151,0.1782754,-0.03238319,-0.08173472,0.1124243,0.1427181,-0.2366986,0.2145311,-0.167686,0.9326476,42.29726,-0.6560591,0.5946173,-0.4647763,13.40678,-0.008348512,-0.04956629,0.09366322,0.1062982,0.4583121,0.7895969,0.3955252,0.1002341,168.4947,0.4606319,0.7935935,0.3975272,0.4214045,False,True,False,-0.1043011,0.5947566,0.1248876,0.6166126,-0.1012517,-0.2366495,-0.3323855,-0.9073395,310.2805,-0.240847,-0.5629169,-0.7906438,0.0138649,0.5804999,0.1800338,0.6079347,0.01154275,0.548323,0.2131591,0.5884115,-0.03402097,0.5596461,0.1675723,0.5851852,0.05250995,-0.06103778,0.1132604,0.1389634,0.01596757,-0.07355969,0.1433805,0.1619381,0.009069543,-0.05413053,0.07719296,0.09471602,0.05248046,-0.06095354,0.1133178,0.1389621,0.0159244,-0.07356088,0.1433619,0.1619179,0.00905555,-0.05429439,0.07724328,0.0948494,0.02145934,-0.06249712,0.1084465,0.1269923,-0.8981342,-0.1032329,0.4123314,0.1126092,167.0685,-0.9038835,-0.1038937,0.4149709,13.75923,0,0,0,0,0,0,0,0,0,1,0,0,0.3639255,False,True,False,0.0715903,0.9970901,0.2684804,1.035082,0.7083768,0.2604947,0.4492532,0.4780338,122.8859,0.8064936,0.2965757,0.511479,-0.0215903,0.002909899,0.03151959,0.03831571,0.002155635,0.1323087,0.115574,0.9844453,20.2378,0.01226943,0.7530738,0.6578234,0.01919852,1.10302,-0.03769398,1.103831,0.0239872,0.06017994,-0.01053597,0.9978437,7.526655,0.3654622,0.9168845,-0.1605231,False
1773055722771,13.51194,0.1507433,0.8993763,0.2172643,0.937446,-0.4527093,-0.3192876,-0.4178174,0.7200961,87.87517,-0.6524371,-0.460152,-0.6021515,0.0464463,0.9675868,0.2494845,1.000312,0.08446392,1.038576,0.2765725,1.078085,0.09113201,1.031276,0.3034932,1.078862,-0.04336826,-0.09416024,0.08858261,0.1363592,-0.02482824,-0.05121468,0.1654781,0.1749925,0.004649318,-0.05777031,0.168811,0.178483,-0.04390728,-0.09396463,0.08804224,0.1360465,-0.02476113,-0.05096095,0.1655146,0.1749434,0.004832141,-0.05652345,0.1690507,0.1783154,-0.03228259,-0.08180681,0.1125708,0.1428521,-0.2366379,0.213706,-0.1708345,0.932281,42.41356,-0.654175,0.5907809,-0.4722644,13.40923,-0.008348512,-0.04956629,0.09366322,0.1062982,0.4583121,0.7895969,0.3955252,0.1002341,168.4947,0.4606319,0.7935935,0.3975272,0.4647741,False,True,False,-0.1043608,0.5947112,0.1249215,0.6165858,-0.1012978,-0.2367232,-0.3324226,-0.9073015,310.2701,-0.2409097,-0.5629824,-0.7905778,0.01381478,0.5804243,0.1800393,0.6078629,0.01151461,0.5482929,0.2131766,0.5883893,-0.03407701,0.5596138,0.1676006,0.5851656,0.0524862,-0.06106932,0.1132544,0.1389634,0.01598101,-0.07355594,0.1433926,0.1619485,0.009067968,-0.05411571,0.07719721,0.09471086,0.05248164,-0.06097719,0.1133049,0.1389623,0.01593596,-0.07355987,0.1433681,0.1619242,0.009058085,-0.05425786,0.07723387,0.09482107,0.02145883,-0.0624867,0.1084395,0.1269811,-0.8981528,-0.1028161,0.4122891,0.1129958,167.0239,-0.9039421,-0.1034788,0.4149466,13.7608,0,0,0,0,0,0,0,0,0,1,0,0,0.3625399,False,True,False,0.0715903,0.9970901,0.2684804,1.035082,0.7083768,0.2604947,0.4492532,0.4780338,122.8859,0.8064936,0.2965757,0.511479,-0.0215903,0.002909899,0.03151959,0.03831571,0.002155635,0.1323087,0.115574,0.9844453,20.2378,0.01226943,0.7530738,0.6578234,0.01932212,1.103008,-0.03759341,1.103817,0.02414161,0.06058736,-0.01126345,0.9978073,7.589869,0.3647566,0.9154171,-0.1701799,False
1773055722786,13.52589,0.1506263,0.8994946,0.2180436,0.9377217,-0.4537995,-0.3206936,-0.4163629,0.7196274,87.95254,-0.6535503,-0.4618546,-0.5996352,0.04649615,0.9679465,0.2505583,1.00093,0.08355568,1.038261,0.2769352,1.077804,0.08864956,1.029429,0.3037551,1.076963,-0.04280833,-0.09400334,0.08912945,0.1364304,-0.02473647,-0.05185589,0.1650737,0.1747863,0.004412767,-0.06027972,0.1668784,0.1774867,-0.04366763,-0.09397312,0.08827244,0.1361243,-0.02475599,-0.05115238,0.165422,0.174911,0.004744657,-0.05731538,0.1685837,0.1781237,-0.0321279,-0.081903,0.1127679,0.1430276,-0.2358286,0.2134475,-0.1763313,0.9315215,42.6535,-0.6484399,0.5869002,-0.4848445,13.40557,-0.008348512,-0.04956629,0.09366322,0.1062982,0.4583121,0.7895969,0.3955252,0.1002341,168.4947,0.4606319,0.7935935,0.3975272,0.9125925,False,True,False,-0.1043678,0.5947144,0.1249578,0.6165974,-0.1012388,-0.2368363,-0.3325418,-0.907235,310.252,-0.2406871,-0.563059,-0.7905912,0.01382078,0.5804538,0.1800567,0.6078964,0.01154814,0.5483567,0.2132146,0.5884632,-0.03406667,0.559646,0.1676377,0.5852064,0.05247397,-0.06108208,0.1132543,0.1389643,0.01599232,-0.07354447,0.1434132,0.1619626,0.009065439,-0.05410992,0.0772049,0.09471358,0.05248004,-0.06099905,0.1132943,0.1389627,0.0159477,-0.07355666,0.1433775,0.1619322,0.009059616,-0.05422701,0.07722784,0.09479865,0.02145718,-0.06247755,0.1084358,0.1269732,-0.8981735,-0.1024147,0.412255,0.1133199,166.9865,-0.9039965,-0.1030787,0.4149277,13.76119,0,0,0,0,0,0,0,0,0,1,0,0,0.3610281,False,True,False,0.0715903,0.9970901,0.2684804,1.035082,0.7083768,0.2604947,0.4492532,0.4780338,122.8859,0.8064936,0.2965757,0.511479,-0.0215903,0.002909899,0.03151959,0.03831571,0.002155635,0.1323087,0.115574,0.9844453,20.2378,0.01226943,0.7530738,0.6578234,0.0196613,1.103028,-0.03753059,1.103841,0.02407735,0.06087594,-0.01200627,0.9977828,7.632268,0.3617658,0.9146701,-0.180396,False
1773055722800,13.53995,0.1504374,0.8994774,0.218819,0.9378554,-0.45495,-0.3219818,-0.4149071,0.7191665,88.02859,-0.6547571,-0.4633914,-0.597128,0.04647084,0.9680997,0.2516866,1.00136,0.0824545,1.037625,0.2773644,1.077216,0.08684432,1.028127,0.3039985,1.07564,-0.04219635,-0.09390168,0.08960526,0.1364813,-0.02461382,-0.05271227,0.1645177,0.1745007,0.00424658,-0.06193135,0.1655323,0.1767893,-0.04334555,-0.09395742,0.08855563,0.1361945,-0.02472618,-0.05148789,0.1652309,0.1748246,0.004640181,-0.05829803,0.1679274,0.1778196,-0.03190738,-0.08201244,0.112995,0.1432201,-0.2345039,0.2136049,-0.1818203,0.9307644,42.89144,-0.6413876,0.5842271,-0.4972937,13.36005,-0.008348512,-0.04956629,0.09366322,0.1062982,0.4583121,0.7895969,0.3955252,0.1002341,168.4947,0.4606319,0.7935935,0.3975272,1.09666,False,True,False,-0.1043734,0.5947224,0.1249963,0.6166138,-0.101179,-0.2369661,-0.3326701,-0.9071607,310.2318,-0.2404534,-0.5631534,-0.7905952,0.01382904,0.5804912,0.1800755,0.6079379,0.01158722,0.54843,0.2132539,0.5885465,-0.0340498,0.5596816,0.1676756,0.5852504,0.05245952,-0.06109334,0.1132562,0.1389654,0.01600359,-0.07353133,0.1434361,0.161978,0.009062211,-0.05410845,0.07721482,0.09472052,0.05247574,-0.06101882,0.1132864,0.1389633,0.01595942,-0.07355135,0.1433898,0.1619418,0.00906016,-0.05420214,0.07722511,0.09478226,0.02145442,-0.06246976,0.1084353,0.1269684,-0.8981964,-0.1020343,0.4122283,0.1135786,166.9567,-0.9040465,-0.1026988,0.4149132,13.76045,0,0,0,0,0,0,0,0,0,1,0,0,0.359682,False,True,False,0.0715903,0.9970901,0.2684804,1.035082,0.7083768,0.2604947,0.4492532,0.4780338,122.8859,0.8064936,0.2965757,0.511479,-0.0215903,0.002909899,0.03151959,0.03831571,0.002155635,0.1323087,0.115574,0.9844453,20.2378,0.01226943,0.7530738,0.6578234,0.01970037,1.102963,-0.03739053,1.103773,0.02448886,0.06126917,-0.01240976,0.9977437,7.699296,0.3647505,0.9125764,-0.1848378,False
1773055722814,13.55362,0.150173,0.8993649,0.2196994,0.937911,-0.4562358,-0.323273,-0.413339,0.7186754,88.10954,-0.656128,-0.4649098,-0.5944368,0.04635865,0.9681031,0.2529308,1.001672,0.08127668,1.036873,0.2778782,1.076535,0.08529351,1.027058,0.3043151,1.074584,-0.04155864,-0.09383439,0.09002494,0.1365156,-0.02448409,-0.05358443,0.163934,0.1741985,0.004114159,-0.06319862,0.1644576,0.1762308,-0.0429635,-0.09393107,0.08886022,0.1362536,-0.02467655,-0.05192899,0.1649626,0.1746946,0.004532329,-0.05932215,0.1672013,0.1774709,-0.03163401,-0.08212805,0.1132304,0.1434115,-0.2328849,0.2139944,-0.1865498,0.9301453,43.08506,-0.6342325,0.5827865,-0.5080447,13.27323,-0.008348512,-0.04956629,0.09366322,0.1062982,0.4583121,0.7895969,0.3955252,0.1002341,168.4947,0.4606319,0.7935935,0.3975272,1.152473,False,True,False,-0.1043776,0.594735,0.1250368,0.6166348,-0.1011184,-0.2371123,-0.3328071,-0.907079,310.2095,-0.2402087,-0.5632649,-0.7905898,0.01383947,0.5805362,0.1800955,0.607987,0.01163159,0.5485125,0.2132945,0.588639,-0.03402666,0.5597203,0.1677144,0.5852972,0.05244312,-0.06110305,0.11326,0.1389665,0.01601479,-0.07351644,0.1434613,0.1619947,0.009058288,-0.05411109,0.07722703,0.09473161,0.05246905,-0.06103609,0.1132809,0.138964,0.01597077,-0.0735442,0.1434044,0.1619526,0.009059777,-0.05418345,0.07722551,0.09477185,0.0214507,-0.06246345,0.1084378,0.1269668,-0.8982207,-0.1016834,0.4122095,0.1137693,166.9347,-0.9040908,-0.1023479,0.4149033,13.75869,0,0,0,0,0,0,0,0,0,1,0,0,0.3587712,False,True,False,0.0715903,0.9970901,0.2684804,1.035082,0.7083768,0.2604947,0.4492532,0.4780338,122.8859,0.8064936,0.2965757,0.511479,-0.0215903,0.002909899,0.03151959,0.03831571,0.002155635,0.1323087,0.115574,0.9844453,20.2378,0.01226943,0.7530738,0.6578234,0.01973393,1.102902,-0.03724567,1.103707,0.02490964,0.06153943,-0.01306216,0.9977083,7.75949,0.3681447,0.9095038,-0.1930483,False
1773055722826,13.56762,0.1501189,0.8994474,0.2197668,0.9379972,-0.4578557,-0.3242571,-0.4126098,0.7176201,88.28332,-0.657428,-0.4655959,-0.5924602,0.04670154,0.9688821,0.2531341,1.002492,0.07774292,1.032783,0.2783233,1.072449,0.08139749,1.022574,0.3035154,1.069769,-0.04112739,-0.09350646,0.09070502,0.1366101,-0.02384231,-0.05840086,0.1603082,0.1722725,0.003593219,-0.06795277,0.1598553,0.173736,-0.04256404,-0.09383874,0.08924898,0.1363187,-0.02450225,-0.05332265,0.1639774,0.1741615,0.004336118,-0.06117315,0.1656482,0.176636,-0.03129829,-0.08244099,0.1133599,0.1436195,-0.2285904,0.217676,-0.1898907,0.9296801,43.22997,-0.6205494,0.5909203,-0.5154923,12.90338,-0.008348512,-0.04956629,0.09366322,0.1062982,0.4583121,0.7895969,0.3955252,0.1002341,168.4947,0.4606319,0.7935935,0.3975272,1.296959,False,True,False,-0.1044682,0.5947411,0.125083,0.6166655,-0.1011948,-0.2372269,-0.3329956,-0.9069713,310.1802,-0.2402579,-0.5632268,-0.790602,0.01377536,0.5805964,0.1801044,0.6080457,0.01159249,0.5485642,0.2133103,0.5886921,-0.03408307,0.5597405,0.1677519,0.5853305,0.0524595,-0.06109444,0.1132601,0.138969,0.01602756,-0.07350694,0.143474,0.1620029,0.009053316,-0.05411563,0.07724684,0.09474988,0.05246706,-0.06104829,0.1132766,0.138965,0.01598264,-0.07353641,0.143419,0.1619631,0.009058427,-0.05416927,0.07722996,0.09476725,0.02144984,-0.06245773,0.1084431,0.1269683,-0.8982188,-0.1013986,0.4122464,0.1139048,166.9191,-0.904103,-0.1020629,0.4149471,13.7578,0,0,0,0,0,0,0,0,0,1,0,0,0.3587633,False,True,False,0.0715903,0.9970901,0.2684804,1.035082,0.7083768,0.2604947,0.4492532,0.4780338,122.8859,0.8064936,0.2965757,0.511479,-0.0215903,0.002909899,0.03151959,0.03831571,0.002155635,0.1323087,0.115574,0.9844453,20.2378,0.01226943,0.7530738,0.6578234,0.01981085,1.102844,-0.03710923,1.103646,0.02520536,0.06168006,-0.01339234,0.9976878,7.794138,0.3708627,0.9075386,-0.1970502,False
1773055722841,13.58153,0.1500461,0.899491,0.2198699,0.9380515,-0.4596453,-0.3252716,-0.4117941,0.7164847,88.46999,-0.6588925,-0.4662704,-0.5902988,0.0470112,0.9695312,0.2534149,1.003205,0.07572282,1.030256,0.2782637,1.069856,0.07908899,1.019731,0.302654,1.066633,-0.0406162,-0.09325121,0.09130374,0.1366815,-0.02344161,-0.06116492,0.1578755,0.1709249,0.003230193,-0.07074817,0.1566848,0.1719473,-0.04214323,-0.09371218,0.08967832,0.1363826,-0.02428168,-0.05501042,0.1626868,0.1734438,0.004106128,-0.06322963,0.1637826,0.175612,-0.03092281,-0.08280279,0.1134491,0.1438166,-0.2234575,0.2226708,-0.1926354,0.9291804,43.38518,-0.6045492,0.6024209,-0.5211622,12.42848,-0.008348512,-0.04956629,0.09366322,0.1062982,0.4583121,0.7895969,0.3955252,0.1002341,168.4947,0.4606319,0.7935935,0.3975272,1.299219,False,True,False,-0.1045628,0.5947506,0.1251312,0.6167005,-0.1012872,-0.2373508,-0.3331975,-0.9068544,310.1484,-0.2403337,-0.5631846,-0.7906092,0.01370932,0.5806655,0.1801124,0.6081126,0.01155293,0.54862,0.2133235,0.5887481,-0.03413862,0.5597614,0.1677896,0.5853645,0.05247855,-0.06108215,0.1132612,0.1389717,0.01604057,-0.07349676,0.1434868,0.1620109,0.009047668,-0.05412376,0.07726943,0.0947724,0.05246944,-0.06105532,0.1132734,0.1389664,0.01599468,-0.07352818,0.1434331,0.161973,0.009056193,-0.05415981,0.07723816,0.09476831,0.02145166,-0.06245277,0.108451,0.126973,-0.8981924,-0.1011842,0.4123348,0.1139833,166.91,-0.9040846,-0.101848,0.4150397,13.75773,0,0,0,0,0,0,0,0,0,1,0,0,0.3587868,False,True,False,0.0715903,0.9970901,0.2684804,1.035082,0.7083768,0.2604947,0.4492532,0.4780338,122.8859,0.8064936,0.2965757,0.511479,-0.0215903,0.002909899,0.03151959,0.03831571,0.002155635,0.1323087,0.115574,0.9844453,20.2378,0.01226943,0.7530738,0.6578234,0.01988328,1.102792,-0.03697351,1.10359,0.0254248,0.0621694,-0.01357964,0.9976493,7.858691,0.3710234,0.9072361,-0.1981673,False
1773055722855,13.59534,0.1499255,0.8997424,0.2197254,0.9382394,-0.4613481,-0.3252201,-0.413309,0.7145387,88.78919,-0.6594493,-0.4648685,-0.5907825,0.04746346,0.9709291,0.252909,1.00445,0.07350115,1.026534,0.2781228,1.06608,0.07643101,1.015211,0.301064,1.061666,-0.04066745,-0.09286322,0.09179848,0.136764,-0.02285893,-0.06501831,0.1538601,0.1685907,0.002576595,-0.07453415,0.1512845,0.1686682,-0.04182667,-0.09353097,0.09011774,0.1364504,-0.02398705,-0.05716706,0.1608167,0.1723527,0.003789339,-0.06566413,0.1611742,0.1740783,-0.03059599,-0.0832538,0.1133685,0.1439434,-0.2170932,0.2308863,-0.1942083,0.9283562,43.63997,-0.5840681,0.6211771,-0.5224984,11.78711,-0.008348512,-0.04956629,0.09366322,0.1062982,0.4583121,0.7895969,0.3955252,0.1002341,168.4947,0.4606319,0.7935935,0.3975272,1.299959,False,True,False,-0.1045688,0.5946605,0.1252236,0.6166334,-0.1013093,-0.2374181,-0.3333952,-0.9067617,310.1232,-0.2402725,-0.5630779,-0.7907042,0.01371822,0.5806302,0.1801897,0.608102,0.0115825,0.5485805,0.2134002,0.5887397,-0.03412712,0.5597041,0.1678833,0.5853359,0.05248561,-0.06107321,0.1132644,0.138973,0.01604851,-0.07348809,0.1434937,0.1620139,0.009044784,-0.05411032,0.07728134,0.09477416,0.05247278,-0.06105902,0.1132715,0.1389678,0.0160058,-0.0735199,0.1434456,0.1619815,0.009053837,-0.05414957,0.07724708,0.0947695,0.02145398,-0.06244659,0.1084588,0.126977,-0.8981614,-0.1010124,0.4124244,0.1140558,166.9017,-0.904061,-0.1016759,0.4151334,13.75784,0,0,0,0,0,0,0,0,0,1,0,0,0.3584971,False,True,False,0.0715903,0.9970901,0.2684804,1.035082,0.7083768,0.2604947,0.4492532,0.4780338,122.8859,0.8064936,0.2965757,0.511479,-0.0215903,0.002909899,0.03151959,0.03831571,0.002155635,0.1323087,0.115574,0.9844453,20.2378,0.01226943,0.7530738,0.6578234,0.01990844,1.102768,-0.03681429,1.103562,0.02537498,0.06229836,-0.01342437,0.9976446,7.866462,0.3699303,0.9082194,-0.1957078,False
1773055722869,13.60938,0.1497354,0.9000586,0.219569,0.9384757,-0.4635079,-0.325101,-0.4152077,0.7120902,89.18954,-0.6601849,-0.4630487,-0.5913898,0.04794045,0.9725096,0.2523384,1.005857,0.07222591,1.024136,0.2776212,1.063553,0.07479058,1.01215,0.2994226,1.058157,-0.04068051,-0.09250085,0.09226758,0.1368379,-0.02241036,-0.06764978,0.1507387,0.166736,0.002059649,-0.0770985,0.1470074,0.1660108,-0.04157803,-0.09330897,0.09056816,0.1365207,-0.02365573,-0.05947082,0.1586366,0.1710612,0.003425763,-0.0681778,0.1581389,0.1722436,-0.03029867,-0.08371728,0.1131912,0.1440099,-0.210206,0.241404,-0.1948396,0.9271328,44.01562,-0.5609487,0.6442028,-0.5199426,11.08238,-0.008348512,-0.04956629,0.09366322,0.1062982,0.4583121,0.7895969,0.3955252,0.1002341,168.4947,0.4606319,0.7935935,0.3975272,1.299987,False,True,False,-0.1045724,0.5945667,0.1253205,0.6165632,-0.1013351,-0.2374855,-0.3336032,-0.9066646,310.0969,-0.2402147,-0.5629591,-0.7908059,0.01372944,0.5805948,0.1802727,0.608093,0.01161474,0.5485383,0.2134804,0.58873,-0.03411228,0.559644,0.1679817,0.5853058,0.05249303,-0.06106183,0.1132688,0.1389744,0.01605582,-0.07347916,0.1434999,0.162016,0.009041788,-0.0540966,0.07729395,0.09477632,0.05247702,-0.06105961,0.113271,0.1389692,0.01601628,-0.07351137,0.143457,0.1619887,0.009051315,-0.05413847,0.07725689,0.09477092,0.0214568,-0.06243917,0.1084669,0.1269808,-0.8981257,-0.1008773,0.4125166,0.1141232,166.8939,-0.9040321,-0.1015407,0.4152294,13.75813,0,0,0,0,0,0,0,0,0,1,0,0,0.3582335,False,True,False,0.0715903,0.9970901,0.2684804,1.035082,0.7083768,0.2604947,0.4492532,0.4780338,122.8859,0.8064936,0.2965757,0.511479,-0.0215903,0.002909899,0.03151959,0.03831571,0.002155635,0.1323087,0.115574,0.9844453,20.2378,0.01226943,0.7530738,0.6578234,0.01984589,1.102747,-0.03665022,1.103535,0.02543814,0.06234435,-0.01306476,0.9976449,7.865964,0.3708746,0.9089474,-0.1904772,False
1773055722884,13.62344,0.1494431,0.9004629,0.2194018,0.9387778,-0.4659765,-0.3249122,-0.4173559,0.709304,89.64337,-0.6610508,-0.460932,-0.5920758,0.04841211,0.9742267,0.2518409,1.007415,0.07128762,1.022344,0.2769465,1.061588,0.07354206,1.009794,0.2977362,1.055339,-0.04054259,-0.09218677,0.0927354,0.1369013,-0.02200947,-0.06978953,0.1479416,0.1650507,0.001605568,-0.07912753,0.1431856,0.1636028,-0.04135352,-0.09306762,0.0910229,0.1365901,-0.02330887,-0.0617547,0.1563023,0.1696683,0.003042082,-0.07060345,0.1548904,0.1702502,-0.03000211,-0.08416187,0.1129579,0.1440237,-0.2032104,0.2535179,-0.1946114,0.9255056,44.51055,-0.5365519,0.6693829,-0.5138475,10.37023,-0.008348512,-0.04956629,0.09366322,0.1062982,0.4583121,0.7895969,0.3955252,0.1002341,168.4947,0.4606319,0.7935935,0.3975272,1.299991,False,True,False,-0.1045737,0.5944694,0.1254218,0.6164902,-0.1013644,-0.2375531,-0.333821,-0.9065635,310.0694,-0.2401605,-0.5628294,-0.7909149,0.01374286,0.5805595,0.1803611,0.6080858,0.01164951,0.5484938,0.2135638,0.5887195,-0.03409427,0.5595813,0.1680845,0.5852744,0.05250085,-0.06104812,0.1132742,0.1389758,0.01606257,-0.07346988,0.1435053,0.1620173,0.009038623,-0.05408268,0.0773072,0.09477888,0.05248202,-0.0610572,0.1132716,0.1389705,0.01602598,-0.07350267,0.1434671,0.1619947,0.009048655,-0.05412676,0.07726743,0.09477257,0.02146002,-0.06243066,0.1084751,0.1269841,-0.8980862,-0.1007793,0.4126098,0.1141839,166.8869,-0.9039987,-0.1014428,0.4153262,13.75855,0,0,0,0,0,0,0,0,0,1,0,0,0.3580061,False,True,False,0.0715903,0.9970901,0.2684804,1.035082,0.7083768,0.2604947,0.4492532,0.4780338,122.8859,0.8064936,0.2965757,0.511479,-0.0215903,0.002909899,0.03151959,0.03831571,0.002155635,0.1323087,0.115574,0.9844453,20.2378,0.01226943,0.7530738,0.6578234,0.01976202,1.102716,-0.03649744,1.103497,0.02571993,0.06232198,-0.0128536,0.9976419,7.871141,0.374736,0.9080231,-0.1872752,False
1773055722896,13.63706,0.1490865,0.9012759,0.2187256,0.9393433,-0.471829,-0.3237111,-0.4208286,0.7039118,90.5166,-0.664279,-0.4557466,-0.5924765,0.04946194,0.9771854,0.2507507,1.010056,0.07102256,1.020681,0.2751227,1.059493,0.07270177,1.005712,0.2936577,1.050227,-0.04018248,-0.09192882,0.09322119,0.1369516,-0.02142278,-0.07229434,0.1439552,0.1625069,0.0006497467,-0.08157046,0.1357746,0.1583948,-0.04110646,-0.09282971,0.09147324,0.1366545,-0.02292111,-0.06404119,0.1536533,0.1680357,0.002549799,-0.07298548,0.1507807,0.1675357,-0.02970761,-0.08457794,0.1125654,0.1438991,-0.1965069,0.2694123,-0.190571,0.923301,45.17291,-0.5116341,0.7014539,-0.4961791,9.622128,-0.008348512,-0.04956629,0.09366322,0.1062982,0.4583121,0.7895969,0.3955252,0.1002341,168.4947,0.4606319,0.7935935,0.3975272,1.299999,False,True,False,-0.1045919,0.59446,0.1254306,0.616486,-0.1012976,-0.2376658,-0.3340724,-0.9064488,310.0383,-0.2398623,-0.5627681,-0.7910489,0.01374469,0.5806429,0.1803529,0.6081631,0.01167267,0.5485592,0.2135367,0.5887711,-0.034102,0.5596371,0.1680932,0.5853307,0.05251648,-0.06103278,0.1132767,0.1389769,0.01607138,-0.07347531,0.1434875,0.1620048,0.009037972,-0.05405188,0.07730641,0.0947606,0.05248906,-0.06105221,0.1132727,0.1389718,0.01603526,-0.07349709,0.1434713,0.1619968,0.009046474,-0.05411145,0.07727539,0.09477011,0.02146434,-0.06242072,0.108479,0.1269833,-0.8980439,-0.1007446,0.4126841,0.114278,166.876,-0.903966,-0.1014089,0.4154055,13.7594,0,0,0,0,0,0,0,0,0,1,0,0,0.3582892,False,True,False,0.0715903,0.9970901,0.2684804,1.035082,0.7083768,0.2604947,0.4492532,0.4780338,122.8859,0.8064936,0.2965757,0.511479,-0.0215903,0.002909899,0.03151959,0.03831571,0.002155635,0.1323087,0.115574,0.9844453,20.2378,0.01226943,0.7530738,0.6578234,0.01965488,1.1026,-0.036428,1.103377,0.0260547,0.06234735,-0.01231151,0.9976384,7.876911,0.3793377,0.9077327,-0.1792468,False
1773055722911,13.6509,0.1486662,0.9021068,0.2180604,0.9399195,-0.4777155,-0.3224265,-0.4242997,0.6984259,91.39829,-0.6674966,-0.4505163,-0.5928605,0.05053394,0.9801323,0.249756,1.012715,0.07101148,1.01949,0.2732918,1.057871,0.07250996,1.003389,0.2901572,1.047014,-0.03970383,-0.09168802,0.09371994,0.1369909,-0.02086252,-0.07431254,0.140343,0.1601679,-3.225785E-05,-0.08304668,0.1302194,0.1544469,-0.04080695,-0.09258871,0.09194063,0.1367149,-0.02249155,-0.06630987,0.1507349,0.1662043,0.002010282,-0.07520971,0.1462338,0.1644532,-0.02934465,-0.08495719,0.1120982,0.1436831,-0.1900171,0.288329,-0.1838032,0.9203132,46.05618,-0.4857508,0.7370704,-0.4698657,8.852418,-0.008348512,-0.04956629,0.09366322,0.1062982,0.4583121,0.7895969,0.3955252,0.1002341,168.4947,0.4606319,0.7935935,0.3975272,1.3,False,True,False,-0.1046091,0.5944525,0.1254378,0.6164832,-0.1012225,-0.2377838,-0.3343357,-0.9063292,310.0058,-0.2395389,-0.5627054,-0.7911916,0.01374791,0.580735,0.1803434,0.6082482,0.01169746,0.5486301,0.2135046,0.5888259,-0.03410932,0.5596994,0.1681001,0.5853927,0.05253339,-0.0610153,0.1132795,0.1389779,0.01607993,-0.07348239,0.1434659,0.1619898,0.009037498,-0.05401869,0.07730436,0.09473995,0.05249824,-0.06104457,0.1132741,0.1389731,0.01604451,-0.07349405,0.1434702,0.1619953,0.009044616,-0.05409223,0.07728139,0.09476385,0.02146983,-0.06240902,0.1084793,0.1269787,-0.8979975,-0.1007666,0.4127443,0.1144059,166.8613,-0.9039327,-0.1014326,0.4154723,13.76065,0,0,0,0,0,0,0,0,0,1,0,0,0.358792,False,True,False,0.0715903,0.9970901,0.2684804,1.035082,0.7083768,0.2604947,0.4492532,0.4780338,122.8859,0.8064936,0.2965757,0.511479,-0.0215903,0.002909899,0.03151959,0.03831571,0.002155635,0.1323087,0.115574,0.9844453,20.2378,0.01226943,0.7530738,0.6578234,0.01957392,1.102436,-0.03641269,1.103211,0.02666239,0.06241653,-0.01211894,0.9976204,7.906885,0.386715,0.9052979,-0.1757748,False
1773055722924,13.66484,0.1478543,0.9034709,0.2169849,0.9408523,-0.4868976,-0.321906,-0.4271423,0.6905482,92.65296,-0.673174,-0.4450602,-0.5905576,0.05157991,0.9840142,0.2481791,1.016138,0.07153118,1.020697,0.2699432,1.05821,0.07332353,1.006318,0.2868848,1.048978,-0.03878731,-0.09153635,0.09428933,0.1370177,-0.02064732,-0.07535131,0.1378485,0.1584498,-0.0001795887,-0.08322108,0.1290798,0.1535818,-0.04037338,-0.09236584,0.09243306,0.1367674,-0.022104,-0.06832498,0.1478719,0.1643867,0.001549372,-0.07699504,0.1423784,0.1618711,-0.02884364,-0.08529362,0.111693,0.1434653,-0.184466,0.3053154,-0.1783259,0.9170358,47.00697,-0.4625471,0.765576,-0.4471508,8.128569,-0.008348512,-0.04956629,0.09366322,0.1062982,0.4583121,0.7895969,0.3955252,0.1002341,168.4947,0.4606319,0.7935935,0.3975272,1.299996,False,True,False,-0.1046668,0.5945221,0.125392,0.6165507,-0.1012955,-0.2377846,-0.3345034,-0.9062589,309.9868,-0.2396261,-0.562507,-0.7913064,0.01369829,0.5808247,0.1802864,0.6083159,0.01166068,0.5487207,0.2134394,0.588886,-0.0341767,0.55981,0.1680502,0.585488,0.05253161,-0.06102069,0.1132781,0.1389785,0.01608548,-0.07348159,0.143464,0.1619882,0.009038355,-0.05398002,0.07729821,0.09471297,0.05250518,-0.06103959,0.1132749,0.1389742,0.01605304,-0.07349145,0.1434689,0.1619938,0.009043314,-0.05406884,0.07728489,0.09475324,0.02147375,-0.06239625,0.1084778,0.1269718,-0.897965,-0.1007501,0.4127715,0.1145776,166.8415,-0.9039178,-0.101418,0.4155079,13.7617,0,0,0,0,0,0,0,0,0,1,0,0,0.3594519,False,True,False,0.0715903,0.9970901,0.2684804,1.035082,0.7083768,0.2604947,0.4492532,0.4780338,122.8859,0.8064936,0.2965757,0.511479,-0.0215903,0.002909899,0.03151959,0.03831571,0.002155635,0.1323087,0.115574,0.9844453,20.2378,0.01226943,0.7530738,0.6578234,0.0194802,1.102255,-0.03641726,1.103029,0.02726986,0.06267066,-0.01158775,0.9975944,7.950059,0.393381,0.9040547,-0.1671589,False
1773055722939,13.67917,0.1470502,0.9047148,0.2160326,0.941702,-0.4951793,-0.3213301,-0.4296999,0.6833026,93.79547,-0.6782022,-0.4400966,-0.5885209,0.05256229,0.9875522,0.2467653,1.019272,0.07177919,1.021237,0.2669665,1.057993,0.07378634,1.008008,0.2836419,1.049751,-0.03791595,-0.09136143,0.09484424,0.13704,-0.02037458,-0.07649376,0.1350563,0.1565459,-0.0004279315,-0.08361087,0.1270276,0.1520756,-0.03983482,-0.09214915,0.09295021,0.1368138,-0.02173255,-0.0701872,0.1449466,0.1625056,0.001123966,-0.07850098,0.1388297,0.1594909,-0.02824267,-0.08560437,0.1112755,0.1432061,-0.1796503,0.3218611,-0.1732242,0.9133043,48.06791,-0.4411,0.7902737,-0.4253219,7.420205,-0.01150862,-0.07637355,0.104942,0.1303004,0.7588272,0.4020758,0.4022156,-0.3173943,217.0108,0.8002027,0.4239992,0.4241466,1.299977,True,True,False,-0.1047263,0.5945983,0.1253416,0.6166241,-0.1013803,-0.237775,-0.3346688,-0.9061908,309.9683,-0.2397441,-0.5622901,-0.7914246,0.01364586,0.580916,0.1802256,0.6083839,0.01162022,0.5488133,0.2133697,0.5889463,-0.03424869,0.5599271,0.1679951,0.5855883,0.05252833,-0.0610275,0.1132766,0.138979,0.01609043,-0.07348102,0.1434618,0.1619866,0.009039496,-0.05393866,0.07729062,0.09468333,0.05251011,-0.06103702,0.1132753,0.1389752,0.01606099,-0.07348923,0.1434674,0.1619923,0.009042502,-0.05404114,0.07728611,0.09473834,0.02147622,-0.06238226,0.1084746,0.1269627,-0.8979452,-0.1006974,0.4127674,0.1147932,166.8166,-0.9039207,-0.1013675,0.4155143,13.76257,0,0,0,0,0,0,0,0,0,1,0,0,0.360123,False,True,False,0.0715903,0.9970901,0.2684804,1.035082,0.7083768,0.2604947,0.4492532,0.4780338,122.8859,0.8064936,0.2965757,0.511479,-0.0215903,0.002909899,0.03151959,0.03831571,0.002155635,0.1323087,0.115574,0.9844453,20.2378,0.01226943,0.7530738,0.6578234,0.01939652,1.102063,-0.03645274,1.102837,0.02791214,0.0626254,-0.011371,0.9975819,7.970527,0.4016139,0.9010858,-0.1636117,False
1773055722951,13.69274,0.1467007,0.9054965,0.215631,0.9423066,-0.5010102,-0.322568,-0.4304654,0.6779663,94.63015,-0.6815603,-0.4388125,-0.5855932,0.05327023,0.9896623,0.2460025,1.021169,0.07208269,1.022334,0.2648319,1.058536,0.07407627,1.009485,0.2814386,1.050597,-0.03697139,-0.09132635,0.09525626,0.1370443,-0.02026194,-0.07685526,0.1340423,0.1558353,-0.0005439497,-0.08373944,0.1261016,0.1513743,-0.03923281,-0.0919793,0.09342513,0.136849,-0.02142954,-0.07164671,0.1425479,0.1609732,0.0007796903,-0.07964448,0.1359921,0.1575998,-0.0276262,-0.08584628,0.1109678,0.1429918,-0.175822,0.3356032,-0.1689163,0.9099036,49.01594,-0.4238515,0.8090338,-0.4072041,6.853259,-0.0109267,-0.07660191,0.1046516,0.1301507,0.7633113,0.3924909,0.3921899,-0.3308989,218.6467,0.8088784,0.4159213,0.4156023,1.3,True,True,False,-0.1047874,0.5946807,0.1252867,0.6167027,-0.1014766,-0.2377553,-0.334832,-0.9061249,309.9505,-0.2398918,-0.5620558,-0.791546,0.01359074,0.5810087,0.1801613,0.6084521,0.01157623,0.5489079,0.2132957,0.5890067,-0.03432507,0.5600505,0.167935,0.5856935,0.05252361,-0.06103571,0.1132748,0.1389794,0.01609477,-0.07348072,0.1434595,0.1619848,0.009041007,-0.05389474,0.0772816,0.09465109,0.05251286,-0.06103675,0.1132752,0.1389761,0.01606788,-0.0734875,0.1434657,0.1619908,0.009042198,-0.05401127,0.07728519,0.09472053,0.02147721,-0.06236803,0.1084701,0.126952,-0.8979383,-0.1006157,0.4127353,0.1150349,166.7887,-0.9039391,-0.1012881,0.4154935,13.76321,0,0,0,0,0,0,0,0,0,1,0,0,0.3608712,False,True,False,0.07159029,0.9970901,0.2684804,1.035082,0.7192037,0.2498286,0.4559537,0.4609101,125.1083,0.8104188,0.2815139,0.5137814,-0.02159029,0.002909899,0.03151959,0.0383157,-0.02144589,0.130029,0.118185,0.9842078,20.3921,-0.1211516,0.7345569,0.6676478,0.01930264,1.101895,-0.03649817,1.102669,0.02852391,0.06264473,-0.01104598,0.9975671,7.995059,0.4091585,0.8986014,-0.1584481,False
1773055722966,13.70651,0.1463895,0.9061183,0.2153298,0.942787,-0.5062292,-0.3235495,-0.431197,0.6731395,95.38032,-0.6845417,-0.4375155,-0.5830804,0.05399233,0.9915355,0.2453934,1.022876,0.07217242,1.02253,0.2629737,1.058268,0.07418899,1.009888,0.2792751,1.050416,-0.03610031,-0.09124342,0.09567825,0.1370508,-0.02009698,-0.07745476,0.1324149,0.1547153,-0.0007539375,-0.08401368,0.1243558,0.1500774,-0.03856645,-0.09182595,0.09389505,0.1368783,-0.02115174,-0.07293192,0.1402865,0.1595204,0.0004594018,-0.08060765,0.13336,0.155829,-0.02696857,-0.08604971,0.1106848,0.142769,-0.1726183,0.3488904,-0.1644911,0.9063229,49.9959,-0.408481,0.8256084,-0.3892488,6.336504,-0.01030592,-0.07679391,0.1043844,0.1299985,0.7674726,0.3835465,0.3817624,-0.3437082,220.2059,0.8172631,0.4084295,0.4065296,1.299376,True,True,False,-0.1047487,0.5947552,0.1252501,0.6167606,-0.1016173,-0.2377718,-0.3349908,-0.9060462,309.9291,-0.2401285,-0.5618708,-0.7916057,0.01363999,0.5810981,0.1801079,0.6085227,0.01164327,0.5489926,0.2132456,0.5890689,-0.03429253,0.5601562,0.1678807,0.5857771,0.05252243,-0.06103397,0.1132775,0.1389804,0.01609641,-0.07347102,0.1434771,0.1619962,0.009042878,-0.05386025,0.07727245,0.09462416,0.05251483,-0.06103618,0.1132757,0.138977,0.01607377,-0.0734841,0.1434681,0.1619919,0.009042338,-0.0539801,0.07728257,0.09470064,0.02147713,-0.06235281,0.1084668,0.1269417,-0.8979432,-0.1005095,0.4126847,0.1152706,166.7615,-0.903969,-0.101184,0.4154541,13.76473,0,0,0,0,0,0,0,0,0,1,0,0,0.3610707,False,True,False,0.07199426,0.9987414,0.2672403,1.036381,0.7257288,0.240745,0.4579099,0.4535175,126.0608,0.8142844,0.2701214,0.5137854,-0.02199426,0.001258612,0.03275967,0.03947819,-0.03377934,0.1293289,0.1236715,0.9832795,20.98455,-0.1854959,0.7101967,0.6791296,0.01924194,1.10175,-0.03657075,1.102525,0.0286757,0.06260092,-0.01070001,0.9975692,7.991432,0.4115227,0.8983809,-0.153555,False
1773055722980,13.72039,0.1460954,0.9066542,0.2150846,0.9432005,-0.5111469,-0.3243792,-0.4319181,0.668546,96.09012,-0.6873295,-0.4361866,-0.5807921,0.0547422,0.9932995,0.2448538,1.024497,0.072127,1.022063,0.2612523,1.057387,0.07420252,1.009543,0.2770796,1.049503,-0.03527033,-0.09111924,0.09611604,0.1370584,-0.01988853,-0.07820157,0.1302621,0.1532294,-0.001035996,-0.0843477,0.1219751,0.1483022,-0.03786039,-0.09167799,0.09436177,0.1369029,-0.02088665,-0.07410451,0.1380289,0.1580497,0.0001449904,-0.08143583,0.130761,0.1540463,-0.02627581,-0.08621998,0.1103827,0.1425084,-0.1700509,0.3627833,-0.1596031,0.9022183,51.0976,-0.3942938,0.8411788,-0.3700687,5.844557,-0.009651955,-0.07695468,0.1040992,0.1298146,0.7717456,0.3746995,0.3698756,-0.3566529,221.7896,0.8260705,0.4010754,0.3959119,1.299113,True,True,False,-0.1047059,0.5948344,0.1252107,0.6168218,-0.1017724,-0.2377843,-0.3351472,-0.9059677,309.9079,-0.2403997,-0.5616772,-0.7916611,0.01369298,0.5811889,0.1800518,0.6085941,0.01171413,0.5490784,0.2131938,0.5891315,-0.03425711,0.5602654,0.1678218,0.5858626,0.05252057,-0.06103208,0.1132806,0.1389814,0.01609721,-0.07346036,0.1434971,0.1620092,0.009045033,-0.05382484,0.07726213,0.09459578,0.05251602,-0.06103533,0.1132767,0.1389779,0.01607863,-0.07347918,0.1434741,0.1619955,0.009042896,-0.05394786,0.07727833,0.09467886,0.02147601,-0.06233672,0.1084647,0.1269318,-0.8979595,-0.100381,0.4126164,0.1154997,166.7351,-0.9040096,-0.1010573,0.4153964,13.76706,0,0,0,0,0,0,0,0,0,1,0,0,0.3612776,False,True,False,0.07244021,1.000114,0.2662797,1.037488,0.7324764,0.2317144,0.4593383,0.4458646,127.0427,0.8183176,0.2588697,0.5131695,-0.02244021,-0.0001142025,0.03372031,0.04050476,-0.0461545,0.1280301,0.1293052,0.9822211,21.6404,-0.2458589,0.6819994,0.6887914,0.01921509,1.101632,-0.03666489,1.102409,0.02861568,0.06248715,-0.01073372,0.9975777,7.977501,0.4113765,0.8983097,-0.154307,False
1773055722994,13.73433,0.1458326,0.9069647,0.215075,0.943456,-0.5159335,-0.325834,-0.4323205,0.6638854,96.80625,-0.6899034,-0.4357035,-0.5780966,0.05556221,0.9945799,0.2451088,1.025843,0.07200484,1.021925,0.2597968,1.056887,0.07447408,1.010842,0.2756464,1.050395,-0.03369084,-0.09116828,0.09656607,0.13701,-0.01969787,-0.07887077,0.1287783,0.1522907,-0.001069201,-0.08436304,0.1217496,0.1481257,-0.03696283,-0.09157103,0.09482713,0.1369076,-0.02063625,-0.07516759,0.1359344,0.1566977,-0.0001112134,-0.08208472,0.1286955,0.1526449,-0.02547985,-0.08640078,0.1101179,0.1422683,-0.1681282,0.3732459,-0.1555061,0.8990207,51.94071,-0.3839367,0.8523423,-0.355113,5.373203,-0.0089006,-0.07712534,0.1038492,0.1296619,0.7745684,0.3682021,0.3606247,-0.3666345,223.0164,0.8325425,0.3957609,0.3876163,1.296354,True,True,False,-0.1047073,0.5948728,0.1252295,0.6168628,-0.1019298,-0.2378267,-0.3351905,-0.9059228,309.8957,-0.2407168,-0.5616501,-0.791584,0.01369692,0.5812105,0.180058,0.6086165,0.01173608,0.5491047,0.2132106,0.5891625,-0.03425566,0.5603037,0.1678193,0.5858985,0.05250665,-0.06102821,0.1132909,0.1389828,0.01609291,-0.07344403,0.1435302,0.1620307,0.009045656,-0.05381258,0.0772604,0.09458746,0.05251407,-0.06103384,0.1132797,0.1389789,0.0160816,-0.07347186,0.1434858,0.1620028,0.009043471,-0.05391967,0.0772746,0.09465981,0.0214728,-0.06232172,0.1084661,0.126925,-0.8979906,-0.1002386,0.412534,0.1156756,166.7148,-0.9040596,-0.100916,0.415322,13.76935,0,0,0,0,0,0,0,0,0,1,0,0,0.3604136,False,True,False,0.0729287,1.001314,0.2654636,1.038469,0.740109,0.2219244,0.4601354,0.4373371,128.1318,0.8229856,0.2467753,0.5116609,-0.0229287,-0.001313686,0.03453642,0.04147548,-0.05955886,0.1258544,0.1357339,0.9809127,22.42501,-0.3062964,0.6472378,0.6980458,0.01915413,1.101534,-0.03676542,1.102314,0.02882607,0.06252395,-0.01087391,0.9975678,7.993784,0.4135588,0.8970119,-0.1560047,False
1773055723008,13.74807,0.1455797,0.9072477,0.2150729,0.9436886,-0.5206931,-0.3271678,-0.4327557,0.6592136,97.52015,-0.6924517,-0.4350892,-0.5755069,0.05640489,0.9958972,0.2451843,1.027185,0.07190758,1.021665,0.258376,1.056281,0.07470272,1.011696,0.2741126,1.050831,-0.03231136,-0.091137,0.09701027,0.1369707,-0.01950399,-0.07953663,0.1272023,0.1512842,-0.00115473,-0.0844408,0.121081,0.1476218,-0.03597114,-0.0914811,0.0952832,0.1369,-0.02040046,-0.07612984,0.1339766,0.1554402,-0.0003288644,-0.08259972,0.1269707,0.151474,-0.02463897,-0.08656924,0.1098814,0.1420396,-0.1667116,0.3815865,-0.1517472,0.8964217,52.61673,-0.3761525,0.8609763,-0.3423883,4.929679,-0.008106806,-0.07728439,0.103626,0.1295259,0.7764777,0.3633553,0.3528836,-0.3748718,224.0328,0.8375549,0.3919366,0.3806412,1.294085,True,True,False,-0.1047079,0.5949125,0.1252494,0.6169053,-0.1020992,-0.2378693,-0.3352182,-0.9058822,309.8848,-0.2410675,-0.5616356,-0.7914873,0.01370067,0.5812271,0.1800659,0.6086348,0.01175798,0.5491271,0.2132308,0.5891911,-0.03425303,0.5603386,0.1678161,0.5859308,0.05249049,-0.06102407,0.1133024,0.1389842,0.01608736,-0.07342611,0.1435669,0.1620544,0.009046335,-0.05380262,0.07725879,0.09458054,0.05250922,-0.06103183,0.1132843,0.13898,0.01608279,-0.07346245,0.1435025,0.1620134,0.00904406,-0.05389556,0.07727134,0.09464347,0.0214677,-0.06230792,0.1084706,0.1269213,-0.8980353,-0.100085,0.4124388,0.1158006,166.7004,-0.9041178,-0.1007629,0.4152323,13.77155,0,0,0,0,0,0,0,0,0,1,0,0,0.3596566,False,True,False,0.07334464,1.002244,0.2648709,1.039244,0.7450612,0.2151025,0.46033,0.4321007,128.7981,0.8261702,0.2385191,0.5104426,-0.02334464,-0.002243519,0.03512907,0.0422381,-0.06810106,0.1245065,0.1404904,0.9798586,23.03794,-0.3410298,0.6234915,0.7035339,0.01907247,1.101461,-0.03689988,1.102244,0.02903939,0.06255917,-0.01081696,0.9975601,8.006514,0.4159589,0.8960948,-0.1549416,False
1773055723022,13.76199,0.1455711,0.9073554,0.2150924,0.9437953,-0.5242305,-0.3284874,-0.4313858,0.6566465,97.91077,-0.695083,-0.435545,-0.5719791,0.05718534,0.996413,0.2459069,1.0279,0.07167304,1.021027,0.2574534,1.055422,0.07488465,1.01228,0.2731482,1.051156,-0.03068646,-0.09114012,0.09739095,0.1368692,-0.01934594,-0.08007553,0.1259221,0.150475,-0.001193578,-0.08443527,0.1208881,0.1474607,-0.03483066,-0.0914098,0.09572832,0.136868,-0.02017863,-0.07700601,0.1321519,0.1542765,-0.0005109861,-0.08300372,0.125582,0.1505348,-0.02372089,-0.08672558,0.1096903,0.1418307,-0.1657508,0.3870859,-0.1484202,0.8947976,53.03512,-0.3712455,0.8669878,-0.3324289,4.509607,-0.007240145,-0.07743194,0.1034455,0.1294183,0.7771751,0.3606966,0.3474791,-0.3809923,224.7903,0.8405726,0.3901202,0.3758245,1.288549,True,True,False,-0.1046672,0.5949893,0.1252655,0.6169757,-0.1021359,-0.2379375,-0.3352426,-0.9058512,309.8764,-0.2411164,-0.5617086,-0.7914208,0.01373982,0.5812971,0.1800878,0.608709,0.01181419,0.5492098,0.2132576,0.5892791,-0.03420693,0.5604232,0.1678202,0.5860102,0.05246484,-0.06101787,0.1133198,0.1389861,0.01607614,-0.0734123,0.1435945,0.1620716,0.00904727,-0.05379628,0.07725722,0.09457575,0.05249999,-0.06102893,0.1132917,0.1389813,0.01608141,-0.07345203,0.1435216,0.1620255,0.009044727,-0.0538749,0.07726841,0.09462938,0.02146005,-0.06229513,0.108477,0.1269192,-0.8980981,-0.09994178,0.4123133,0.115885,166.6907,-0.9041899,-0.1006197,0.4151101,13.77289,0,0,0,0,0,0,0,0,0,1,0,0,0.3590922,False,True,False,0.07382027,1.003163,0.2643452,1.040031,0.7488496,0.2098936,0.4596953,0.4287764,129.2201,0.8289139,0.2323346,0.5088443,-0.02382027,-0.003163099,0.03565484,0.04299626,-0.07382198,0.1231745,0.1446974,0.979,23.52556,-0.3621209,0.6042113,0.7097877,0.01898725,1.101439,-0.03704985,1.102226,0.02900779,0.06245413,-0.01028807,0.9975731,7.985059,0.416621,0.8969902,-0.1477612,False
1773055723035,13.77595,0.1455563,0.9074695,0.2151164,0.9439082,-0.5277563,-0.3297179,-0.4301612,0.6540036,98.31171,-0.6976369,-0.4358514,-0.5686266,0.05797049,0.9970106,0.246468,1.028658,0.07145248,1.020313,0.2565479,1.054496,0.07508978,1.012803,0.272155,1.051417,-0.02922866,-0.09108999,0.09776444,0.136783,-0.01918216,-0.08062696,0.1245407,0.1495963,-0.001247924,-0.08442091,0.1206085,0.1472238,-0.0336156,-0.09134281,0.09615977,0.1368219,-0.01996845,-0.07781076,0.1304227,0.1531775,-0.0006665618,-0.08331549,0.1244467,0.1497628,-0.02276544,-0.08686242,0.1095324,0.1416358,-0.1651787,0.3904466,-0.145406,0.8939377,53.25539,-0.3685452,0.8711607,-0.3244285,4.112817,-0.006338242,-0.07756113,0.1032965,0.1293293,0.7770123,0.3597366,0.3438068,-0.3855365,225.3541,0.842114,0.389877,0.3726125,1.282246,True,True,False,-0.1046231,0.5950696,0.1252823,0.617049,-0.1021649,-0.2380091,-0.3352539,-0.905825,309.8692,-0.2411529,-0.5618032,-0.7913423,0.01378074,0.5813678,0.1801133,0.608785,0.01187211,0.5492948,0.2132884,0.5893706,-0.03415686,0.5605091,0.167825,0.5860908,0.05243611,-0.06101109,0.1133392,0.138988,0.01606299,-0.07339783,0.143624,0.1620898,0.009048332,-0.05379232,0.07725578,0.09457242,0.05248668,-0.06102521,0.1133016,0.1389827,0.01607757,-0.07344073,0.1435429,0.1620389,0.009045478,-0.05385767,0.07726578,0.09461749,0.02145006,-0.06228342,0.108485,0.1269186,-0.8981774,-0.09980929,0.4121597,0.1159304,166.6854,-0.9042746,-0.1004868,0.4149576,13.77341,0,0,0,0,0,0,0,0,0,1,0,0,0.3595991,False,True,False,0.07421322,1.003447,0.2643226,1.040327,0.751514,0.2088983,0.4587296,0.4256235,129.6197,0.8304937,0.2308522,0.5069394,-0.02421322,-0.003446698,0.03567737,0.04325546,-0.07715167,0.1205122,0.1455837,0.9789432,23.55746,-0.3779487,0.5903624,0.7131819,0.01890439,1.101434,-0.03720257,1.102224,0.02866199,0.06222751,-0.00981143,0.9976021,7.937142,0.4141341,0.8991186,-0.1417643,False
1773055723050,13.78991,0.1455354,0.9075895,0.2151446,0.9440267,-0.5314189,-0.33093,-0.4289935,0.6511865,98.73776,-0.7002324,-0.4360552,-0.5652701,0.0587755,0.9976928,0.2468903,1.029466,0.07126174,1.019575,0.2556158,1.053542,0.07530934,1.013153,0.2710534,1.051485,-0.02787845,-0.09099785,0.09813983,0.1367086,-0.01901648,-0.08117233,0.123093,0.148669,-0.001332969,-0.08440033,0.1200951,0.1467925,-0.03236855,-0.09127061,0.09657954,0.1367686,-0.01976769,-0.07855636,0.1287578,0.1521198,-0.0008071737,-0.08355335,0.1234565,0.1490749,-0.02179122,-0.0869713,0.1094008,0.1414475,-0.1649389,0.3925534,-0.1423327,0.8935538,53.35346,-0.367383,0.8743692,-0.3170304,3.739579,-0.005418595,-0.07766389,0.1031723,0.12925,0.7762585,0.3600019,0.3409859,-0.3892943,225.8212,0.8427392,0.3908334,0.3701888,1.276233,True,True,False,-0.104576,0.5951535,0.1252998,0.6171255,-0.1021865,-0.2380842,-0.3352526,-0.9058033,309.8634,-0.2411774,-0.5619189,-0.7912527,0.0138232,0.5814392,0.1801423,0.6088628,0.01193152,0.5493821,0.2133227,0.5894655,-0.03410308,0.5605965,0.1678304,0.5861727,0.05240438,-0.06100373,0.1133602,0.13899,0.01604808,-0.07338279,0.1436548,0.1621088,0.009049453,-0.05379064,0.07725438,0.09457043,0.05246954,-0.06102074,0.1133138,0.1389842,0.01607142,-0.07342866,0.1435662,0.1620535,0.009046306,-0.05384369,0.0772634,0.09460767,0.02143785,-0.06227273,0.1084945,0.1269194,-0.8982725,-0.09968752,0.4119795,0.1159393,166.6844,-0.9043712,-0.1003643,0.4147766,13.77314,0,0,0,0,0,0,0,0,0,1,0,0,0.3601045,False,True,False,0.07466055,1.003786,0.2643402,1.04069,0.7530237,0.209593,0.4570353,0.4244349,129.7702,0.8316491,0.2314772,0.5047557,-0.02466055,-0.003786087,0.03565982,0.04352126,-0.07763473,0.1179268,0.1458507,0.9791802,23.42412,-0.3824493,0.5809388,0.7184992,0.01883532,1.101484,-0.03737051,1.102279,0.02845112,0.06178775,-0.009377236,0.9976397,7.874822,0.4143352,0.8998184,-0.1365612,False
1773055723064,13.8037,0.1455482,0.9077131,0.215108,0.9441392,-0.533174,-0.3324203,-0.4274156,0.6500294,98.91236,-0.7016287,-0.4374475,-0.5624563,0.05902071,0.9978553,0.2470449,1.029675,0.07097059,1.019318,0.2549948,1.053123,0.07517345,1.013414,0.2703954,1.051557,-0.02708513,-0.09095334,0.09828266,0.1366221,-0.01894539,-0.08137365,0.1225747,0.1483414,-0.001359033,-0.08440733,0.1200005,0.1467193,-0.0312289,-0.09120488,0.09693731,0.1367129,-0.01959593,-0.07917407,0.1273677,0.1512451,-0.0009224669,-0.08373827,0.1226801,0.1485374,-0.02091052,-0.08704983,0.1093184,0.1412991,-0.1647504,0.3933476,-0.1397124,0.8936529,53.32817,-0.3671246,0.8765233,-0.3113307,3.434376,-0.004587271,-0.07773805,0.1030945,0.1292003,0.7751144,0.3609849,0.3395093,-0.3919455,226.1512,0.8425262,0.3923798,0.3690365,1.236609,True,True,False,-0.1045894,0.5951872,0.1253776,0.6171761,-0.1022765,-0.2382541,-0.3351649,-0.9057809,309.8573,-0.2413626,-0.5622564,-0.7909566,0.01382069,0.5814444,0.1801948,0.6088833,0.01194013,0.5493898,0.2133643,0.589488,-0.03410405,0.5606172,0.1678762,0.5862057,0.05238306,-0.06099841,0.1133759,0.1389924,0.01603487,-0.07338116,0.1436616,0.1621128,0.009050249,-0.05379386,0.0772516,0.09457006,0.05245169,-0.06101613,0.1133266,0.1389859,0.01606388,-0.07341886,0.1435859,0.1620657,0.00904712,-0.05383339,0.07726096,0.0945999,0.02142555,-0.06226422,0.1085025,0.12692,-0.8983679,-0.09960753,0.4117933,0.1159301,166.6855,-0.9044664,-0.1002837,0.4145887,13.77219,0,0,0,0,0,0,0,0,0,1,0,0,0.3594162,False,True,False,0.075165,1.004199,0.2643404,1.041125,0.7539634,0.211454,0.4546255,0.4244314,129.7706,0.8326854,0.2335322,0.5020934,-0.025165,-0.00419867,0.03565964,0.0438465,-0.07627902,0.1150796,0.1457936,0.9796339,23.16657,-0.3798905,0.573128,0.726092,0.01876112,1.101532,-0.0375358,1.102331,0.02813178,0.0617109,-0.008990929,0.9976571,7.845723,0.4112028,0.9020293,-0.1314206,False
1773055723077,13.81753,0.145558,0.9078418,0.2150713,0.9442561,-0.5350131,-0.3338481,-0.4259294,0.6487608,99.10352,-0.7030466,-0.4387009,-0.5597026,0.05930528,0.9980441,0.2472447,1.029922,0.0706422,1.018837,0.2543677,1.052484,0.07506595,1.013693,0.2697185,1.051644,-0.02622855,-0.09092317,0.09842006,0.1365338,-0.01885034,-0.08166305,0.1217907,0.1478417,-0.001388222,-0.08441575,0.1198907,0.1466347,-0.03014709,-0.09114645,0.09724934,0.1366527,-0.01943997,-0.07971944,0.1261137,0.1504585,-0.001019887,-0.08388476,0.1220548,0.148105,-0.02007835,-0.08711302,0.1092585,0.141171,-0.1647143,0.3929022,-0.1375589,0.8941894,53.19101,-0.3679213,0.8776233,-0.3072645,3.167454,-0.003801711,-0.07779768,0.103038,0.1291656,0.7737127,0.3626226,0.339179,-0.3934856,226.3431,0.8416044,0.3944419,0.3689412,1.193158,True,True,False,-0.1046037,0.595221,0.1254594,0.6172277,-0.1023684,-0.2384378,-0.3350569,-0.9057622,309.8523,-0.2415567,-0.5626368,-0.7906271,0.01381792,0.5814457,0.1802492,0.6089005,0.01194771,0.5493932,0.2134059,0.5895063,-0.03410468,0.5606344,0.1679237,0.5862358,0.05236061,-0.06099289,0.1133923,0.1389949,0.01602042,-0.07338075,0.1436667,0.1621157,0.009051046,-0.05379951,0.0772488,0.09457106,0.05243286,-0.06101133,0.1133402,0.1389877,0.01605489,-0.07341098,0.1436026,0.162076,0.009047931,-0.05382638,0.07725845,0.09459393,0.02141293,-0.06225759,0.1085093,0.1269204,-0.8984654,-0.09956484,0.4115985,0.1159035,166.6885,-0.9045618,-0.1002404,0.4143913,13.77057,0,0,0,0,0,0,0,0,0,1,0,0,0.3594993,False,True,False,0.07533209,1.004255,0.2645249,1.041238,0.754253,0.2146629,0.4534106,0.4236049,129.8752,0.8326494,0.2369747,0.5005377,-0.02533209,-0.004255176,0.03547513,0.04379848,-0.07520712,0.1125193,0.1437052,0.9803225,22.7702,-0.3809837,0.5699996,0.7279807,0.01871637,1.101538,-0.03772642,1.102343,0.02801999,0.06166527,-0.009162567,0.9976614,7.838432,0.40995,0.9022014,-0.1340541,False
1773055723091,13.83174,0.145647,0.9079375,0.2150235,0.944351,-0.5355473,-0.3348302,-0.4244073,0.6488115,99.09589,-0.7037885,-0.4400166,-0.5577341,0.05934049,0.9980259,0.2472842,1.029916,0.07045547,1.018824,0.2541369,1.052403,0.07490432,1.013689,0.2694387,1.051557,-0.02593948,-0.09086678,0.09851663,0.1365106,-0.01882475,-0.08168393,0.1217939,0.1478526,-0.001409691,-0.08441594,0.1198389,0.1465926,-0.0292166,-0.0910872,0.09752183,0.1366052,-0.01930849,-0.08015805,0.125124,0.149847,-0.00110317,-0.08400177,0.1215495,0.1477559,-0.01937073,-0.08714917,0.1092421,0.1410816,-0.1645107,0.3922825,-0.1354246,0.8948245,53.02821,-0.3685126,0.8787335,-0.3033582,2.958235,-0.003133763,-0.0778318,0.1030225,0.1291559,0.7723729,0.3640554,0.3391315,-0.3948337,226.5112,0.8406757,0.3962497,0.3691217,1.027882,True,True,False,-0.1045415,0.5951852,0.1255156,0.6171941,-0.1024964,-0.238474,-0.3349589,-0.9057744,309.8556,-0.2418736,-0.5627568,-0.7904441,0.01388571,0.5813811,0.180293,0.6088533,0.01200692,0.5493103,0.213449,0.5894458,-0.03404433,0.5605732,0.1679542,0.5861825,0.05236251,-0.06098277,0.1134006,0.1389979,0.0160069,-0.07337614,0.1436756,0.1621202,0.009052649,-0.05380369,0.07724064,0.09456693,0.05241799,-0.06100529,0.113353,0.1389899,0.01604475,-0.07340362,0.143618,0.1620854,0.009048928,-0.05382158,0.07725468,0.09458822,0.0214021,-0.06225189,0.1085156,0.1269212,-0.8985538,-0.09954558,0.4114239,0.115854,166.6942,-0.9046454,-0.1002204,0.4142131,13.77047,0,0,0,0,0,0,0,0,0,1,0,0,0.3587425,False,True,False,0.07552332,1.004383,0.2646562,1.041409,0.7536919,0.218538,0.4519379,0.4241956,129.8005,0.8322839,0.2413262,0.4990642,-0.02552332,-0.004383206,0.0353438,0.04381594,-0.0724057,0.1104282,0.1414628,0.981097,22.31614,-0.374158,0.57064,0.7310122,0.01868784,1.101542,-0.03794907,1.102354,0.02791865,0.06169108,-0.009115326,0.9976631,7.835633,0.4086132,0.9029016,-0.1334106,False
1773055723105,13.84534,0.1457384,0.9080355,0.2149748,0.9444482,-0.5361726,-0.3358205,-0.4228899,0.648774,99.10155,-0.7045807,-0.4412993,-0.5557167,0.05941938,0.9980321,0.2473552,1.029943,0.07028048,1.018843,0.253889,1.05235,0.07475882,1.013703,0.2691338,1.051483,-0.0255897,-0.090805,0.09862719,0.1364834,-0.01879749,-0.08171249,0.1218113,0.1478793,-0.001432603,-0.08441614,0.1197827,0.146547,-0.02844166,-0.09102948,0.09775136,0.1365673,-0.01920304,-0.08049249,0.1243926,0.1494032,-0.001171119,-0.08408972,0.1211617,0.1474877,-0.01879449,-0.08716296,0.1092592,0.1410255,-0.1641374,0.3915153,-0.1333241,0.8955442,52.84318,-0.3688708,0.8798639,-0.2996233,2.801782,-0.002589802,-0.07784481,0.1030387,0.1291646,0.7712083,0.3651977,0.3392756,-0.3959297,226.6479,0.8398394,0.3976972,0.3694682,0.8325114,True,True,False,-0.1044751,0.5951452,0.1255736,0.6171561,-0.1026306,-0.238503,-0.3348455,-0.9057934,309.8607,-0.2422134,-0.5628793,-0.7902527,0.01395737,0.5813096,0.1803385,0.6088002,0.01206682,0.5492174,0.2134939,0.5893768,-0.03398097,0.5605038,0.1679856,0.5861214,0.05236684,-0.0609718,0.1134083,0.139001,0.01599246,-0.07337191,0.1436835,0.1621239,0.00905435,-0.05380961,0.07723168,0.09456315,0.05240755,-0.06099846,0.1133643,0.1389921,0.01603408,-0.07339714,0.1436314,0.1620932,0.009050034,-0.05381914,0.07724999,0.0945831,0.02139349,-0.06224736,0.108521,0.1269221,-0.8986291,-0.09954933,0.4112777,0.1157859,166.7021,-0.904714,-0.1002234,0.4140626,13.77177,0,0,0,0,0,0,0,0,0,1,0,0,0.3584726,False,True,False,0.07563848,1.004266,0.2650318,1.0414,0.7535328,0.2222258,0.4512476,0.4232961,129.9143,0.8317218,0.2452847,0.4980705,-0.02563848,-0.004266262,0.03496826,0.04356962,-0.07123163,0.1082186,0.1386158,0.9818352,21.87469,-0.3754261,0.5703657,0.730574,0.01864563,1.101562,-0.0381494,1.10238,0.02775875,0.06164074,-0.009276183,0.9976692,7.82533,0.4068058,0.9033478,-0.1359429,False
1773055723118,13.85922,0.1459169,0.9081649,0.2149468,0.9445938,-0.535971,-0.3363209,-0.4225111,0.6489282,99.07832,-0.7044375,-0.4420334,-0.5553148,0.05955389,0.9980979,0.2473752,1.03002,0.07032622,1.019179,0.2538874,1.052678,0.07477999,1.01374,0.2690448,1.051497,-0.0254696,-0.09076519,0.09869076,0.1364803,-0.01877316,-0.08170316,0.1221345,0.1481374,-0.001443257,-0.08441547,0.119765,0.1465323,-0.02779691,-0.09097457,0.0979495,0.1365399,-0.01911293,-0.08075637,0.1238881,0.1491146,-0.001228128,-0.08415978,0.1208516,0.1472735,-0.01833419,-0.08716447,0.1093,0.1409974,-0.163399,0.3909466,-0.1307073,0.8963131,52.64482,-0.3684958,0.8816586,-0.2947697,2.686646,-0.002155278,-0.07784625,0.1030771,0.1291882,0.7700452,0.3661254,0.3393532,-0.3972681,226.815,0.839101,0.3989586,0.3697856,0.6982731,True,True,False,-0.1044723,0.5951853,0.1255384,0.6171871,-0.1027495,-0.2384541,-0.3347455,-0.9058299,309.8706,-0.2425388,-0.5628675,-0.7901619,0.01396292,0.5813098,0.1802921,0.6087867,0.01204967,0.5492014,0.2134522,0.5893464,-0.03399188,0.5605191,0.1679346,0.5861221,0.05237726,-0.06097687,0.1134033,0.1390031,0.01598184,-0.07337312,0.1436815,0.1621216,0.009057038,-0.05380861,0.07722063,0.09455381,0.05240127,-0.06099398,0.1133724,0.1389944,0.01602325,-0.07339216,0.1436418,0.1620991,0.009051487,-0.05381696,0.0772439,0.09457703,0.02138703,-0.06224407,0.1085246,0.1269225,-0.898691,-0.09953767,0.41116,0.1157337,166.7081,-0.9047707,-0.1002111,0.4139415,13.77421,0,0,0,0,0,0,0,0,0,1,0,0,0.3579109,False,True,False,0.07573887,1.004231,0.2652738,1.041435,0.7531294,0.2256662,0.4507264,0.422749,129.9835,0.8310422,0.2490118,0.4973551,-0.02573887,-0.004230976,0.03472617,0.04343153,-0.06987549,0.1064667,0.1359288,0.9824998,21.46972,-0.3751414,0.5715889,0.7297627,0.01860561,1.101638,-0.03832138,1.102462,0.02711816,0.06145365,-0.008937205,0.9977015,7.770989,0.400194,0.9068969,-0.13189,False
1773055723132,13.87323,0.1461034,0.9082983,0.2149196,0.9447446,-0.5358195,-0.3367444,-0.4222037,0.6490337,99.06242,-0.7043216,-0.4426423,-0.5549764,0.05972657,0.9981906,0.2474124,1.030128,0.07040999,1.019528,0.2538874,1.053021,0.07483774,1.0138,0.2689594,1.051537,-0.02533374,-0.09072482,0.09875846,0.1364772,-0.0187469,-0.08169251,0.122446,0.1483851,-0.001453267,-0.08441473,0.1197496,0.1465194,-0.02725925,-0.09092231,0.09812131,0.1365201,-0.01903567,-0.08096131,0.123565,0.1489477,-0.001275617,-0.08421487,0.1206062,0.1471041,-0.01797008,-0.08715694,0.1093571,0.1409902,-0.1623948,0.3905231,-0.1277577,0.8971051,52.43975,-0.3675611,0.8839023,-0.2891642,2.603365,-0.001811552,-0.07783914,0.103131,0.1292216,0.7689286,0.3668967,0.3393987,-0.3986778,226.9911,0.8384432,0.4000657,0.3700819,0.6042968,True,True,False,-0.1044704,0.5952273,0.1254984,0.6172192,-0.1028713,-0.2383886,-0.3346349,-0.9058741,309.8825,-0.2428804,-0.5628384,-0.7900772,0.013967,0.5813085,0.1802406,0.6087704,0.01202695,0.5491823,0.2134062,0.5893115,-0.03400619,0.5605339,0.1678793,0.5861213,0.05239047,-0.06098365,0.1133959,0.139005,0.01597113,-0.07337541,0.143677,0.1621176,0.009059969,-0.05380794,0.0772086,0.09454388,0.05239901,-0.06099182,0.1133773,0.1389966,0.01601236,-0.07338866,0.1436492,0.162103,0.009053259,-0.05381507,0.07723653,0.0945701,0.02138268,-0.062242,0.1085263,0.1269222,-0.8987395,-0.09951135,0.4110707,0.115697,166.7124,-0.9048157,-0.1001841,0.4138499,13.77771,0,0,0,0,0,0,0,0,0,1,0,0,0.357454,False,True,False,0.0759578,1.004238,0.2655948,1.04154,0.7531887,0.2277295,0.4508157,0.4214396,130.149,0.8305489,0.2511196,0.4971192,-0.0259578,-0.004238248,0.03440526,0.04330695,-0.07005259,0.1051936,0.1338874,0.9829045,21.21921,-0.3804804,0.5713434,0.7271899,0.01859739,1.101788,-0.03842864,1.102615,0.02638512,0.06106476,-0.008762876,0.9977465,7.694411,0.3932441,0.9101096,-0.130602,False
1773055723147,13.88707,0.1463309,0.9084592,0.2148886,0.9449275,-0.5356724,-0.337201,-0.4218834,0.6491264,99.04846,-0.7042015,-0.4432885,-0.5546131,0.05994596,0.9983099,0.247457,1.030267,0.07052982,1.019881,0.2538716,1.053368,0.07493112,1.01389,0.2688627,1.051606,-0.02517514,-0.09068301,0.09883094,0.1364725,-0.01871866,-0.0816811,0.1227343,0.1486132,-0.001462663,-0.08441393,0.1197366,0.1465084,-0.02680931,-0.09087274,0.09827048,0.1365052,-0.01896944,-0.08111692,0.1233815,0.1488717,-0.001314669,-0.08425737,0.1204151,0.1469722,-0.01768363,-0.0871427,0.1094255,0.1409982,-0.1612379,0.3901751,-0.1246933,0.8978961,52.23425,-0.3662769,0.8863435,-0.2832603,2.544338,-0.001541174,-0.07782571,0.1031956,0.1292615,0.7678847,0.3675536,0.339442,-0.4000458,227.1621,0.8378492,0.4010426,0.3703697,0.5446253,True,True,False,-0.1044695,0.5952711,0.1254537,0.6172521,-0.1029958,-0.2383072,-0.3345143,-0.9059259,309.8965,-0.243238,-0.5627936,-0.7899994,0.01396972,0.5813057,0.1801845,0.6087512,0.011999,0.5491602,0.2133564,0.5892724,-0.03402374,0.5605481,0.1678202,0.5861189,0.05240637,-0.06099221,0.1133863,0.1390069,0.01596036,-0.07337877,0.1436705,0.1621123,0.009063154,-0.05380759,0.0771956,0.09453337,0.05240053,-0.0609919,0.1133791,0.1389988,0.0160016,-0.07338661,0.1436536,0.1621049,0.009055307,-0.05381352,0.07722805,0.0945625,0.02138035,-0.06224113,0.1085264,0.1269214,-0.8987746,-0.09947149,0.4110096,0.1156756,166.7148,-0.9048488,-0.1001437,0.4137873,13.78214,0,0,0,0,0,0,0,0,0,1,0,0,0.3571366,False,True,False,0.07618047,1.0043,0.2658373,1.041678,0.7532945,0.2295928,0.4509465,0.4200974,130.3185,0.8300958,0.2530007,0.4969222,-0.02618046,-0.004300356,0.03416276,0.0432551,-0.07036871,0.1039952,0.1319811,0.9832671,20.99231,-0.3862813,0.5708701,0.7244955,0.01859134,1.101947,-0.03849934,1.102776,0.02556115,0.06077535,-0.008660973,0.9977865,7.625697,0.3843913,0.9139461,-0.1302446,False
1773055723160,13.90106,0.1464981,0.9086655,0.2148461,0.9451421,-0.5353163,-0.3376419,-0.4215102,0.6494333,99.00223,-0.7039759,-0.4440211,-0.5543134,0.0600303,0.9984097,0.2474711,1.030373,0.07057131,1.020246,0.2539064,1.053732,0.07492954,1.013946,0.2688046,1.051645,-0.02509423,-0.09065477,0.09887104,0.1364679,-0.01867783,-0.0816495,0.1230373,0.1488412,-0.001469153,-0.08441152,0.1196951,0.1464731,-0.02643675,-0.09082724,0.09839765,0.1364939,-0.01890805,-0.08123264,0.1233052,0.1488638,-0.001347161,-0.08429047,0.1202563,0.1468614,-0.01746418,-0.08712482,0.1094953,0.141014,-0.1600151,0.3900119,-0.1215681,0.898614,52.04703,-0.364715,0.8889362,-0.2770847,2.504008,-0.001334024,-0.07780883,0.1032616,0.1293018,0.7669572,0.3680867,0.3394251,-0.401347,227.3248,0.837357,0.4018738,0.3705814,0.4928811,True,True,False,-0.1043839,0.5953268,0.1253991,0.6172803,-0.1031646,-0.2382376,-0.3344774,-0.9059387,309.9,-0.2436524,-0.5626655,-0.7899631,0.01405896,0.5813259,0.1801138,0.6087516,0.01207198,0.5491661,0.2133007,0.5892591,-0.03395726,0.560589,0.1677417,0.5861317,0.05241795,-0.0609986,0.1133779,0.1390073,0.01595227,-0.07337252,0.1436802,0.1621173,0.00906712,-0.05379599,0.07717637,0.09451144,0.05240417,-0.0609933,0.1133789,0.1390005,0.01599131,-0.07338367,0.1436591,0.1621075,0.009057771,-0.05380986,0.07721727,0.09455185,0.02137874,-0.06223948,0.1085257,0.1269198,-0.8988091,-0.0993937,0.4109547,0.1156688,166.7156,-0.9048828,-0.1000654,0.4137318,13.7878,0,0,0,0,0,0,0,0,0,1,0,0,0.3571631,False,True,False,0.07641406,1.004415,0.2660024,1.041847,0.7533522,0.2313564,0.4511566,0.4187987,130.4825,0.8296108,0.2547756,0.4968252,-0.02641406,-0.004415154,0.03399757,0.04327852,-0.07070701,0.1029296,0.1301153,0.9836036,20.7796,-0.3920672,0.5707402,0.7214834,0.01857786,1.102113,-0.03850925,1.102942,0.02500859,0.06069809,-0.008493583,0.9978067,7.591004,0.3777992,0.9169528,-0.1283107,False
1773055723174,13.91519,0.1466739,0.9088842,0.2148025,0.9453697,-0.5348851,-0.3381807,-0.4210612,0.6497994,98.94704,-0.7036983,-0.4449127,-0.5539508,0.06009202,0.9984923,0.2474796,1.030458,0.07059823,1.020596,0.2539577,1.054084,0.07490175,1.013989,0.2687436,1.051669,-0.02501451,-0.09062807,0.09890859,0.1364627,-0.01861168,-0.081613,0.1233415,0.1490644,-0.001474761,-0.0844088,0.1196517,0.1464362,-0.02612565,-0.0907853,0.09850673,0.1364848,-0.01884514,-0.08131577,0.1233133,0.1489079,-0.001374224,-0.08431605,0.1201223,0.1467666,-0.0172983,-0.08710469,0.1095643,0.1410347,-0.1587746,0.3899917,-0.1184646,0.899257,51.87883,-0.3629794,0.8915715,-0.2708254,2.477583,-0.001177444,-0.07778982,0.1033267,0.1293408,0.7661207,0.368533,0.339368,-0.4025814,227.4793,0.8369391,0.4025993,0.3707383,0.4580227,True,True,False,-0.1042941,0.5953847,0.1253401,0.617309,-0.103341,-0.2381563,-0.3344423,-0.9059528,309.9039,-0.2440865,-0.5625139,-0.7899368,0.01415221,0.581347,0.180038,0.6087514,0.01214764,0.5491725,0.2132418,0.5892453,-0.03388862,0.5606319,0.1676581,0.5861449,0.05243117,-0.06100601,0.1133678,0.1390073,0.01594457,-0.07336569,0.1436903,0.1621224,0.009071379,-0.05378312,0.07715549,0.09448747,0.05240985,-0.06099597,0.1133766,0.139002,0.01598147,-0.07337988,0.1436657,0.1621106,0.009060635,-0.05380423,0.07720426,0.09453829,0.02137784,-0.06223711,0.1085243,0.1269172,-0.8988429,-0.09927992,0.4109063,0.115676,166.7148,-0.9049177,-0.09995089,0.4136834,13.79465,0,0,0,0,0,0,0,0,0,1,0,0,0.3575945,False,True,False,0.07653052,1.004538,0.2661479,1.042012,0.7534832,0.2329789,0.4515199,0.4172693,130.6754,0.8291125,0.2563636,0.4968402,-0.02653052,-0.004538417,0.03385213,0.04324849,-0.0713596,0.1019074,0.1282296,0.9839105,20.58368,-0.399411,0.5703921,0.7177215,0.01858829,1.102225,-0.03851589,1.103054,0.02452155,0.06053335,-0.008714061,0.9978269,7.55584,0.3721619,0.9187104,-0.1322527,False
1773055723188,13.92878,0.1467521,0.9093477,0.2146523,0.9457933,-0.5345594,-0.3388749,-0.4205885,0.6500118,98.91502,-0.7034379,-0.4459326,-0.5534612,0.06003316,0.9988199,0.2473153,1.030733,0.07052736,1.021293,0.2538472,1.054728,0.07476779,1.014314,0.2685198,1.051916,-0.02494842,-0.090615,0.09892876,0.1364566,-0.01854966,-0.08156661,0.123736,0.1493579,-0.001477912,-0.08440624,0.1196226,0.1464109,-0.0258766,-0.09075058,0.09859394,0.1364772,-0.0187844,-0.08136875,0.123404,0.1490043,-0.001395515,-0.0843349,0.1200153,0.1466902,-0.01718493,-0.08708455,0.1096323,0.1410612,-0.1575373,0.3900622,-0.1153937,0.8998432,51.72507,-0.3611472,0.8942002,-0.2645349,2.465284,-0.0010704,-0.07777081,0.1033908,0.1293797,0.7653505,0.3689238,0.3392865,-0.4037554,227.6263,0.8365704,0.4032541,0.3708589,0.4337678,True,True,False,-0.1042554,0.5954662,0.1253131,0.6173756,-0.1034889,-0.2381166,-0.3343143,-0.9059937,309.9149,-0.2444864,-0.5625361,-0.7897975,0.01419552,0.5813907,0.179991,0.6087803,0.01217105,0.5491936,0.2132112,0.5892544,-0.03386879,0.5606872,0.1676111,0.5861831,0.05245145,-0.06100354,0.1133597,0.1390072,0.01593773,-0.07336112,0.1436989,0.1621272,0.009074046,-0.05377603,0.07714181,0.09447252,0.05241833,-0.06099752,0.1133731,0.139003,0.01597255,-0.07337606,0.1436725,0.162114,0.009063369,-0.05379847,0.07719153,0.09452488,0.02137844,-0.06223452,0.1085233,0.1269153,-0.8988652,-0.09917486,0.410882,0.1156799,166.7143,-0.9049404,-0.09984517,0.413659,13.80238,0,0,0,0,0,0,0,0,0,1,0,0,0.3576633,False,True,False,0.07660373,1.00466,0.266244,1.042159,0.7535669,0.2345569,0.451997,0.4157149,130.8713,0.8285552,0.257898,0.4969757,-0.02660373,-0.004659891,0.03375605,0.04323128,-0.07207583,0.1009942,0.1263036,0.9842016,20.39615,-0.407089,0.5704218,0.7133709,0.01858894,1.102272,-0.03854919,1.103102,0.02455239,0.06052433,-0.008844313,0.9978255,7.558224,0.3725123,0.9182836,-0.1341872,False
1773055723203,13.9426,0.1468354,0.9098979,0.2144742,0.9462949,-0.5342191,-0.3396354,-0.4200826,0.6502218,98.88334,-0.7031563,-0.447039,-0.5529262,0.0599625,0.9992218,0.2471099,1.031069,0.07045175,1.022061,0.2537007,1.055432,0.07462346,1.01472,0.2682578,1.05223,-0.02488526,-0.09060536,0.09894449,0.1364501,-0.01847896,-0.08151539,0.1241231,0.1496422,-0.001479992,-0.08440365,0.1195942,0.1463863,-0.02566436,-0.09072055,0.09866735,0.1364702,-0.01872075,-0.08140007,0.1235598,0.1491424,-0.001413097,-0.08434944,0.1199242,0.1466242,-0.01710593,-0.08706374,0.1097023,0.1410933,-0.1562912,0.390186,-0.1122966,0.9003986,51.57899,-0.3592356,0.8968432,-0.258114,2.462798,-0.0009958388,-0.07775118,0.103457,0.1294202,0.7646155,0.3692869,0.3391894,-0.4048963,227.7693,0.8362278,0.4038735,0.3709572,0.4162912,True,True,False,-0.1042165,0.595551,0.1252844,0.617445,-0.1036393,-0.2380729,-0.3341757,-0.9060391,309.9272,-0.2448978,-0.5625622,-0.7896515,0.01423891,0.5814366,0.1799415,0.6088105,0.01219325,0.5492153,0.2131796,0.5892637,-0.03385007,0.5607441,0.1675626,0.5862226,0.05247397,-0.06100048,0.1133504,0.1390068,0.01593117,-0.07335659,0.1437076,0.1621322,0.009076726,-0.05376882,0.07712778,0.09445723,0.05242983,-0.06099813,0.1133684,0.1390038,0.015964,-0.07337204,0.1436797,0.1621178,0.00906613,-0.05379234,0.07717835,0.09451089,0.02138044,-0.06223164,0.1085227,0.1269137,-0.8988778,-0.0990723,0.4108787,0.115681,166.7142,-0.9049532,-0.09974192,0.4136558,13.81134,0,0,0,0,0,0,0,0,0,1,0,0,0.3577237,False,True,False,0.07654922,1.005058,0.2661327,1.04251,0.7535076,0.2360986,0.4525016,0.4143986,131.0371,0.8279434,0.2594218,0.4972023,-0.02654922,-0.005057693,0.03386727,0.04332935,-0.07258978,0.1002681,0.1244326,0.9844763,20.21754,-0.4135759,0.5712717,0.7089471,0.01862273,1.102261,-0.03860384,1.103094,0.02472772,0.06054549,-0.009026995,0.9978183,7.570857,0.3745486,0.9170771,-0.1367311,False
1773055723216,13.95661,0.1469152,0.9104868,0.2142837,0.9468303,-0.5338676,-0.340455,-0.4195484,0.6504268,98.85242,-0.702856,-0.4482213,-0.5523506,0.05987366,0.9996513,0.2468797,1.031425,0.07037476,1.022889,0.2535322,1.056188,0.07446256,1.015161,0.2679737,1.052571,-0.0248249,-0.09059877,0.09895603,0.1364431,-0.01840404,-0.08144618,0.1245374,0.1499392,-0.001481083,-0.08440082,0.1195664,0.1463619,-0.02548311,-0.09069511,0.0987284,0.1364635,-0.01865408,-0.08141,0.1237728,0.149316,-0.00142739,-0.0843604,0.1198463,0.1465669,-0.01705555,-0.08704163,0.1097759,0.1411307,-0.1550822,0.3903352,-0.1092644,0.9009158,51.44258,-0.3573373,0.8994024,-0.2517647,2.46894,-0.0009482772,-0.07773031,0.1035265,0.1294628,0.7639081,0.3696328,0.3390816,-0.4060044,227.9082,0.8359036,0.4044694,0.3710388,0.4140407,True,True,False,-0.1041775,0.595639,0.1252543,0.6175171,-0.1037919,-0.2380254,-0.3340268,-0.9060891,309.9407,-0.2453205,-0.5625922,-0.789499,0.01428258,0.5814846,0.1798898,0.608842,0.01221433,0.5492376,0.2131471,0.5892732,-0.03383237,0.5608026,0.1675128,0.5862634,0.05249874,-0.06099694,0.1133402,0.1390062,0.01592497,-0.07335204,0.1437164,0.1621374,0.00907937,-0.05376151,0.07711361,0.09444175,0.05244423,-0.06099788,0.1133625,0.1390043,0.01595584,-0.07336786,0.1436874,0.1621219,0.009068896,-0.05378589,0.07716482,0.09449644,0.02138382,-0.06222851,0.1085224,0.1269125,-0.8988811,-0.09897271,0.410896,0.1156796,166.7144,-0.9049565,-0.09964164,0.4136732,13.82142,0,0,0,0,0,0,0,0,0,1,0,0,0.3578329,False,True,False,0.07647181,1.005545,0.2659543,1.042929,0.7534032,0.2376353,0.4530486,0.4131102,131.1993,0.8272966,0.2609424,0.4974833,-0.02647181,-0.005544901,0.0340457,0.04348117,-0.07308524,0.09960428,0.1225422,0.9847442,20.04198,-0.4200086,0.572409,0.7042297,0.01868862,1.102256,-0.03864807,1.103092,0.02496462,0.06051736,-0.009271692,0.9978119,7.582022,0.3775795,0.9153001,-0.1402305,False
1773055723230,13.9703,0.1468314,0.9108788,0.2142357,0.9471835,-0.5338281,-0.3411556,-0.4182071,0.6509557,98.77261,-0.7032235,-0.4494118,-0.5509135,0.05956625,0.9998103,0.246852,1.031554,0.07007147,1.023341,0.2535646,1.056613,0.07411309,1.015323,0.2678789,1.052679,-0.02479471,-0.09059783,0.09895759,0.1364381,-0.01830845,-0.08139743,0.1248239,0.1501391,-0.001484631,-0.08440037,0.1194989,0.1463066,-0.02533745,-0.09067515,0.09877594,0.1364575,-0.01858268,-0.08140735,0.1239967,0.1494913,-0.001439198,-0.08436876,0.1197722,0.1465112,-0.01702694,-0.08702151,0.1098406,0.1411652,-0.1540392,0.3905903,-0.1065262,0.901312,51.33788,-0.3556086,0.901701,-0.245922,2.478397,-0.0009212775,-0.07771128,0.1035875,0.1295001,0.7632833,0.3699305,0.3389311,-0.4070326,228.0371,0.8356383,0.4049978,0.3710599,0.4203692,True,True,False,-0.1041513,0.595741,0.1252603,0.6176124,-0.1038853,-0.2380084,-0.3339553,-0.9061092,309.9462,-0.2455662,-0.5626092,-0.7894103,0.01431431,0.5815866,0.1798813,0.6089377,0.01223445,0.5493044,0.2131551,0.5893387,-0.03382367,0.5608965,0.1674992,0.5863488,0.0525273,-0.06097925,0.113335,0.1390051,0.0159193,-0.07334744,0.143728,0.162145,0.009083075,-0.05374959,0.07709563,0.09442064,0.05246126,-0.06099406,0.1133569,0.1390045,0.01594835,-0.07336367,0.1436957,0.1621266,0.009071804,-0.05377845,0.07715063,0.09448089,0.02138847,-0.06222418,0.1085224,0.1269111,-0.898878,-0.09890991,0.4109208,0.1156688,166.7156,-0.9049522,-0.0995783,0.4136976,13.83271,0,0,0,0,0,0,0,0,0,1,0,0,0.3584616,False,True,False,0.07636785,1.006074,0.2657297,1.043374,0.7532558,0.2391737,0.4536276,0.4118541,131.3573,0.8266183,0.2624677,0.4978082,-0.02636785,-0.006074429,0.03427032,0.04366482,-0.07355282,0.09899334,0.1206341,0.9850066,19.86845,-0.42635,0.5738163,0.6992576,0.01872864,1.102272,-0.0386431,1.103109,0.02490761,0.06062395,-0.009108631,0.9978083,7.588217,0.3764121,0.9161693,-0.1376527,False
1773055723244,13.9843,0.1467464,0.9112405,0.2141925,0.9475084,-0.5338199,-0.3419489,-0.4166237,0.6515612,98.68117,-0.7036946,-0.4507655,-0.5492036,0.05921967,0.9999014,0.2468261,1.031617,0.06972709,1.023745,0.2535987,1.05699,0.07372732,1.015428,0.2677839,1.052729,-0.02477058,-0.09060024,0.09895459,0.1364331,-0.0182103,-0.08134548,0.1251212,0.1503463,-0.001487685,-0.08440005,0.1194269,0.1462476,-0.02521552,-0.0906595,0.09881366,0.1364519,-0.01850433,-0.08139409,0.1242396,0.149676,-0.001449382,-0.08437541,0.1196974,0.146454,-0.0170147,-0.08700215,0.1099015,0.1411992,-0.1530956,0.3909517,-0.1039121,0.9016212,51.25601,-0.3539565,0.9038792,-0.2402444,2.49119,-0.0009097191,-0.077693,0.103645,0.129535,0.7627096,0.3701972,0.3387347,-0.4080276,228.162,0.8354164,0.405487,0.3710253,0.4261671,True,True,False,-0.1041256,0.5958465,0.1252671,0.6177112,-0.1039737,-0.2379919,-0.3338844,-0.9061295,309.9517,-0.2458004,-0.562628,-0.789324,0.01434556,0.581696,0.1798739,0.6090407,0.01225432,0.5493759,0.2131649,0.5894093,-0.03381617,0.560995,0.1674866,0.586439,0.05255811,-0.06095936,0.1133298,0.1390038,0.01591389,-0.0733429,0.1437401,0.1621532,0.009086884,-0.05373693,0.07707704,0.09439862,0.0524815,-0.06098681,0.1133512,0.1390043,0.01594114,-0.07335933,0.143705,0.1621322,0.009074954,-0.05376977,0.07713525,0.09446369,0.02139451,-0.06221858,0.1085227,0.1269096,-0.8988689,-0.09887841,0.4109539,0.1156492,166.7178,-0.9049409,-0.09954635,0.41373,13.84558,0,0,0,0,0,0,0,0,0,1,0,0,0.3591411,False,True,False,0.07607326,1.006359,0.2656853,1.043616,0.7532284,0.2413903,0.4537722,0.4104492,131.5339,0.8260139,0.2647161,0.4976208,-0.02607326,-0.0063591,0.03431466,0.04356316,-0.07372636,0.09769854,0.1183867,0.9853954,19.60839,-0.4329669,0.5737464,0.6952401,0.01875894,1.10227,-0.03864904,1.103106,0.02493608,0.06072893,-0.009055543,0.9978017,7.599563,0.3762793,0.9163848,-0.1366459,False
1773055723257,13.99832,0.1465574,0.9118124,0.2140624,0.9479998,-0.5348225,-0.3429862,-0.4113592,0.6535358,98.38256,-0.7066001,-0.4531487,-0.5434822,0.0584624,0.9997989,0.2469734,1.031509,0.06884543,1.023844,0.2536417,1.057039,0.07296787,1.015222,0.2676338,1.052439,-0.02473249,-0.09060786,0.09895066,0.1364284,-0.0181193,-0.08132353,0.125215,0.1504015,-0.001530484,-0.08436977,0.1190718,0.1459407,-0.0251118,-0.09064871,0.09884258,0.1364465,-0.01842332,-0.081379,0.1244497,0.1498322,-0.001466415,-0.08437421,0.1195621,0.146343,-0.01700962,-0.08698035,0.1099426,0.1412171,-0.1524676,0.3919252,-0.1010659,0.9016286,51.25407,-0.3525172,0.9061618,-0.2336723,2.501972,-0.0009049117,-0.07767246,0.1036838,0.1295537,0.7622496,0.3704229,0.338247,-0.409086,228.2949,0.8353459,0.4059448,0.3706833,0.4148176,True,True,False,-0.1041036,0.5958905,0.1252445,0.6177453,-0.1040198,-0.2380545,-0.3337982,-0.9061395,309.9544,-0.245922,-0.5628045,-0.7891602,0.01437636,0.581744,0.1798275,0.6090736,0.01227698,0.5493982,0.2131427,0.5894226,-0.03380908,0.5610465,0.1674439,0.5864757,0.05257873,-0.06094332,0.1133258,0.1390012,0.01590186,-0.07333435,0.1437544,0.1621608,0.009092933,-0.05371543,0.07705982,0.09437291,0.05250182,-0.06097772,0.1133459,0.1390037,0.01593293,-0.0733541,0.1437153,0.1621381,0.009078711,-0.05375841,0.07711948,0.09444471,0.02140039,-0.06221128,0.1085237,0.1269079,-0.8988624,-0.09885013,0.4109781,0.1156377,166.7192,-0.9049332,-0.09951776,0.4137539,13.85896,0,0,0,0,0,0,0,0,0,1,0,0,0.3592711,False,True,False,0.0757381,1.00659,0.2656281,1.0438,0.7531683,0.2437913,0.4538895,0.4090081,131.7149,0.8253621,0.2671595,0.4973964,-0.0257381,-0.006590009,0.03437194,0.04344317,-0.07382827,0.09631211,0.1159878,0.9858094,19.32779,-0.4397988,0.5737361,0.690945,0.01879118,1.102219,-0.03862209,1.103056,0.02512819,0.0609123,-0.009007651,0.9977861,7.626416,0.3778447,0.9159191,-0.1354452,False
1773055723271,14.01195,0.1463414,0.9124377,0.2139203,0.9485358,-0.5360309,-0.3440623,-0.4053459,0.6557338,98.04939,-0.709982,-0.4557163,-0.5368875,0.05762523,0.9996676,0.2471579,1.031379,0.06786571,1.02393,0.2536995,1.057073,0.07215466,1.014881,0.267446,1.052007,-0.02469728,-0.09061886,0.09894299,0.1364238,-0.01802677,-0.08130291,0.1253068,0.1504558,-0.001592896,-0.08431424,0.1185649,0.145496,-0.02502486,-0.09064261,0.0988633,0.1364415,-0.0183417,-0.0813631,0.1246297,0.1499631,-0.001492394,-0.08436176,0.1193516,0.146164,-0.01701153,-0.08695362,0.1099655,0.1412187,-0.1521536,0.3936825,-0.09770329,0.9012865,51.34461,-0.3512127,0.9087285,-0.2255263,2.511328,-0.0009067149,-0.0776472,0.1037054,0.1295558,0.761867,0.3706292,0.3373815,-0.4103245,228.4505,0.835436,0.4064187,0.3699604,0.4122709,True,True,False,-0.1040822,0.5959337,0.1252206,0.6177785,-0.1040566,-0.2381274,-0.3337104,-0.9061484,309.9568,-0.24602,-0.5630025,-0.7889885,0.01440692,0.5817941,0.1797791,0.609108,0.0122999,0.5494224,0.2131197,0.5894372,-0.03380281,0.5611001,0.1674001,0.586514,0.05259979,-0.06092604,0.1133218,0.1389984,0.01588914,-0.07332527,0.1437694,0.1621688,0.009099371,-0.05369221,0.07704227,0.09434598,0.05252185,-0.06096715,0.113341,0.1390026,0.01592398,-0.07334821,0.1437264,0.1621444,0.009082935,-0.05374487,0.0771037,0.09442452,0.02140602,-0.06220259,0.1085254,0.126906,-0.8988581,-0.09882553,0.4109944,0.115634,166.7196,-0.9049285,-0.09949294,0.41377,13.87255,0,0,0,0,0,0,0,0,0,1,0,0,0.3594587,False,True,False,0.07505255,1.006753,0.2656127,1.043904,0.7533087,0.2497392,0.4526684,0.4065068,132.0288,0.8245066,0.2733429,0.4954517,-0.02505255,-0.006753325,0.03438735,0.04307816,-0.07280798,0.09208855,0.1111715,0.9868433,18.60881,-0.4503222,0.5695739,0.687603,0.01882312,1.102143,-0.03859323,1.102979,0.02533026,0.061157,-0.009200749,0.9977643,7.664015,0.3790182,0.9150959,-0.1376714,False
1773055723285,14.02595,0.1457733,0.9133518,0.2138077,0.9493024,-0.5373604,-0.3455225,-0.3970663,0.6589358,97.56247,-0.7143858,-0.4593497,-0.5278739,0.0562053,0.9995074,0.2475587,1.031242,0.06616159,1.023992,0.2538598,1.057063,0.07069728,1.014883,0.2675252,1.05193,-0.02463851,-0.09061417,0.09896187,0.1364237,-0.0179885,-0.08129429,0.1253717,0.1505005,-0.001610296,-0.0843094,0.1184128,0.1453694,-0.02494223,-0.09063667,0.09888405,0.1364374,-0.01826747,-0.08134845,0.1247884,0.150078,-0.001517124,-0.08435068,0.1191494,0.1459929,-0.01700794,-0.08692702,0.1099919,0.1412225,-0.1519183,0.3953812,-0.09464586,0.9009088,51.44442,-0.3500353,0.9109991,-0.2180738,2.51914,-0.0009033253,-0.0776221,0.1037302,0.1295606,0.7615461,0.3707992,0.3365583,-0.4114411,228.5908,0.8355452,0.4068296,0.3692614,0.4072621,True,True,False,-0.1040947,0.5959421,0.1251785,0.6177802,-0.1040433,-0.2380863,-0.3336839,-0.9061705,309.9628,-0.246016,-0.5629682,-0.789014,0.01439446,0.5818341,0.1797395,0.6091341,0.01226959,0.549418,0.2130933,0.5894229,-0.03383274,0.5611193,0.167357,0.5865219,0.05263351,-0.0609016,0.1133162,0.1389959,0.01587775,-0.07332455,0.1437703,0.1621681,0.009104402,-0.05367639,0.07702874,0.09432641,0.05254518,-0.06095346,0.1133358,0.1390012,0.01591432,-0.07334327,0.1437356,0.1621494,0.009087417,-0.05373056,0.07708804,0.09440402,0.02141338,-0.06219325,0.108527,0.1269041,-0.8988417,-0.09884585,0.4110268,0.115629,166.7202,-0.9049114,-0.09951334,0.4138024,13.88718,0,0,0,0,0,0,0,0,0,1,0,0,0.3602055,False,True,False,0.07430077,1.006904,0.2656012,1.043993,0.7536814,0.2562386,0.4510168,0.4035964,132.3936,0.8237521,0.2800614,0.4929484,-0.02430077,-0.006904244,0.03439876,0.0426787,-0.07177893,0.0870828,0.1060462,0.9879366,17.81726,-0.4635113,0.5623358,0.6847919,0.01883555,1.102078,-0.03855846,1.102913,0.02545422,0.06162221,-0.009490642,0.9977298,7.722862,0.3779737,0.915038,-0.140928,False
1773055723300,14.04016,0.1451695,0.9142998,0.2136929,0.9500963,-0.5386426,-0.3467923,-0.389243,0.661883,97.11272,-0.7185665,-0.4626321,-0.5192626,0.05483856,0.9994528,0.247953,1.03121,0.06452396,1.024136,0.2540255,1.057141,0.06929629,1.014956,0.2676024,1.051927,-0.02457839,-0.09060964,0.09898158,0.1364242,-0.01794903,-0.08128812,0.1254308,0.1505417,-0.001629945,-0.08430184,0.1182477,0.1452308,-0.02486363,-0.09063096,0.09890483,0.1364344,-0.01819976,-0.08133547,0.1249271,0.1501781,-0.001541061,-0.08434022,0.1189533,0.1458271,-0.01699991,-0.08690066,0.1100201,0.1412273,-0.1517549,0.3970461,-0.09182373,0.9004962,51.55327,-0.3489711,0.9130352,-0.2111551,2.525432,-0.0008957455,-0.07759721,0.103757,0.1295671,0.7612755,0.3709412,0.3357619,-0.4124633,228.7193,0.8356719,0.4071918,0.3685746,0.4042231,True,True,False,-0.10411,0.5959474,0.1251341,0.6177788,-0.1040155,-0.2380379,-0.3336647,-0.9061934,309.969,-0.2459791,-0.5629192,-0.7890605,0.01437839,0.5818768,0.1797008,0.6091631,0.01223454,0.5494132,0.2130671,0.5894083,-0.03386589,0.5611376,0.1673144,0.5865291,0.05266953,-0.06087513,0.1133107,0.1389934,0.01586602,-0.07332468,0.1437696,0.1621664,0.009109568,-0.05366031,0.07701556,0.09430699,0.05257146,-0.06093691,0.1133305,0.1389995,0.01590411,-0.07333934,0.1437428,0.162153,0.009092097,-0.05371571,0.07707272,0.09438351,0.02142236,-0.06218342,0.1085284,0.126902,-0.8988135,-0.09890974,0.411075,0.1156226,166.7209,-0.9048823,-0.09957758,0.4138505,13.90266,0,0,0,0,0,0,0,0,0,1,0,0,0.3609188,False,True,False,0.07295934,1.007092,0.2657388,1.044114,0.7538458,0.2649638,0.4490182,0.3998668,132.8603,0.8224609,0.2890809,0.489888,-0.02295934,-0.007092118,0.0342612,0.04184805,-0.07022723,0.08072893,0.09901927,0.9893161,16.76572,-0.4817107,0.5537453,0.6792044,0.01879134,1.102071,-0.0384944,1.102904,0.02558793,0.0617407,-0.009645841,0.9977176,7.743727,0.3789372,0.9143314,-0.1428473,False
1773055723313,14.05377,0.1445751,0.9152126,0.2135841,0.9508597,-0.5398234,-0.3478519,-0.3821639,0.6644852,96.71431,-0.7223636,-0.4654774,-0.5113919,0.05358766,0.9994689,0.2483234,1.031249,0.06302725,1.024325,0.2541912,1.057274,0.06802126,1.015031,0.2676619,1.051931,-0.02452128,-0.09060562,0.09900062,0.136425,-0.01790845,-0.08128443,0.1254845,0.1505796,-0.001655972,-0.08428571,0.1180401,0.1450527,-0.02479221,-0.09062578,0.09892454,0.1364322,-0.01813989,-0.08132487,0.1250432,0.1502617,-0.001564629,-0.08432896,0.1187615,0.1456644,-0.01698956,-0.08687475,0.1100472,0.1412312,-0.151671,0.3987116,-0.0891863,0.9000393,51.67351,-0.3480221,0.9148777,-0.2046456,2.530216,-0.0008859745,-0.07757277,0.1037825,0.1295728,0.7610481,0.3710614,0.3349625,-0.4134237,228.8402,0.8358219,0.4075186,0.3678728,0.4055942,True,True,False,-0.104128,0.5959496,0.1250876,0.6177746,-0.1039739,-0.2379823,-0.3336524,-0.9062174,309.9755,-0.2459106,-0.5628561,-0.789127,0.01435862,0.5819221,0.1796628,0.6091947,0.01219495,0.5494083,0.2130408,0.5893934,-0.03390211,0.561155,0.1672724,0.5865359,0.05270762,-0.06084672,0.1133047,0.1389906,0.01585401,-0.07332558,0.1437674,0.1621637,0.009114797,-0.053644,0.07700268,0.0942877,0.05259929,-0.06091848,0.1133252,0.1389977,0.01589388,-0.07333653,0.1437478,0.1621552,0.009096734,-0.05370105,0.0770584,0.09436393,0.02143244,-0.0621736,0.1085296,0.1268999,-0.8987755,-0.09901071,0.4111359,0.1156154,166.7218,-0.9048433,-0.09967915,0.4139116,13.91821,0,0,0,0,0,0,0,0,0,1,0,0,0.3616749,False,True,False,0.07166354,1.007365,0.2658797,1.044323,0.7539923,0.2730934,0.4469834,0.3963856,133.2952,0.8212671,0.2974601,0.4868654,-0.02166354,-0.007364631,0.03412035,0.04108217,-0.06871438,0.07468323,0.092533,0.9905244,15.78758,-0.500333,0.5437943,0.6737645,0.01873259,1.102092,-0.03840636,1.10292,0.02561212,0.06179494,-0.009455241,0.9977154,7.747367,0.3791196,0.9147102,-0.1399598,False
1773055723327,14.06753,0.1442721,0.9159867,0.2136552,0.9515748,-0.5402794,-0.3482879,-0.371962,0.6696551,95.91909,-0.7274804,-0.4689659,-0.5008428,0.0523227,0.9987275,0.2494984,1.030749,0.06141508,1.023787,0.2552105,1.056903,0.06675675,1.014467,0.2685627,1.051535,-0.0245265,-0.09059544,0.09901325,0.1364284,-0.01787594,-0.08127993,0.1255298,0.1506111,-0.001670009,-0.08427864,0.1179175,0.144949,-0.0247364,-0.09061953,0.09894294,0.1364313,-0.0180852,-0.08131547,0.1251452,0.1503349,-0.001586416,-0.08431848,0.118583,0.1455131,-0.01698257,-0.08685002,0.1100728,0.1412351,-0.1515949,0.400378,-0.0868068,0.899545,51.80336,-0.3470355,0.9165571,-0.1987207,2.534438,-0.000879402,-0.07754942,0.1038067,0.1295783,0.7608724,0.3711283,0.3341983,-0.4143046,228.9511,0.8359966,0.4077713,0.3671951,0.4004071,True,True,False,-0.104089,0.5959734,0.1250839,0.6177902,-0.1039212,-0.2379778,-0.3336309,-0.9062325,309.9796,-0.2458046,-0.5628887,-0.7891369,0.0143951,0.5819872,0.179668,0.6092593,0.01222289,0.5494294,0.2130418,0.589414,-0.03387166,0.5611895,0.1672719,0.586567,0.0527338,-0.06081536,0.1133056,0.1389875,0.01584576,-0.07333153,0.1437595,0.1621585,0.009117733,-0.05363559,0.07699607,0.09427781,0.05262701,-0.06089723,0.1133212,0.1389956,0.01588396,-0.07333551,0.1437502,0.1621559,0.009101059,-0.05368756,0.07704556,0.09434618,0.02144295,-0.0621641,0.1085305,0.1268978,-0.8987309,-0.09917297,0.4111986,0.1155991,166.7236,-0.9047967,-0.09984232,0.4139739,13.9331,0,0,0,0,0,0,0,0,0,1,0,0,0.3618888,False,True,False,0.07047515,1.007674,0.2660164,1.044576,0.7541701,0.2803506,0.4449977,0.3932026,133.6922,0.8202388,0.3049105,0.4839815,-0.02047515,-0.007674217,0.03398359,0.04041051,-0.06736881,0.06911404,0.08679584,0.9915399,14.91644,-0.5190074,0.5324526,0.6686727,0.01865686,1.102107,-0.03830162,1.10293,0.02556518,0.06182859,-0.008936622,0.9977193,7.740692,0.3787489,0.9159923,-0.1323963,False
1773055723341,14.08154,0.1439849,0.9166942,0.2137201,0.9522269,-0.5407207,-0.3486331,-0.3624637,0.6743116,95.19856,-0.7322405,-0.4721167,-0.490846,0.05119213,0.9980375,0.2505887,1.030288,0.05996187,1.023274,0.2561623,1.056553,0.06562728,1.01393,0.2693959,1.051159,-0.02453599,-0.09058441,0.09902694,0.1364327,-0.01784356,-0.08127731,0.1255695,0.150639,-0.001684484,-0.08427022,0.1177928,0.1448428,-0.02469377,-0.09061219,0.09896059,0.1364315,-0.01803444,-0.08130739,0.1252352,0.1503994,-0.001606973,-0.0843083,0.1184138,0.1453695,-0.01697855,-0.08682612,0.1100968,0.1412387,-0.1515226,0.4020722,-0.08461301,0.8990102,51.94346,-0.3459993,0.9181249,-0.1932123,2.538144,-0.0008755922,-0.07752685,0.1038293,0.1295828,0.7607379,0.3711503,0.3334537,-0.4151306,229.0551,0.8361948,0.4079643,0.3665287,0.396441,True,True,False,-0.104049,0.595996,0.125081,0.6178048,-0.1038557,-0.2379737,-0.3336141,-0.9062474,309.9836,-0.2456682,-0.5629211,-0.7891563,0.01443185,0.5820556,0.1796766,0.6093281,0.01225185,0.5494521,0.2130435,0.5894364,-0.03383912,0.5612242,0.1672743,0.5865989,0.0527602,-0.06078203,0.1133072,0.1389842,0.01583777,-0.07333884,0.1437497,0.1621524,0.009120535,-0.05362795,0.07699056,0.09426923,0.05265485,-0.06087316,0.1133183,0.1389932,0.01587431,-0.0733362,0.1437501,0.1621551,0.009105127,-0.0536751,0.07703406,0.09433009,0.02145398,-0.06215484,0.108531,0.1268956,-0.8986799,-0.09939492,0.4112637,0.1155742,166.7265,-0.9047427,-0.1000655,0.4140383,13.94744,0,0,0,0,0,0,0,0,0,1,0,0,0.3621242,False,True,False,0.06933152,1.007288,0.266933,1.044361,0.7550108,0.2903702,0.4423929,0.3872111,134.4379,0.8188916,0.3149381,0.4798234,-0.01933152,-0.00728786,0.03306705,0.03899039,-0.0669558,0.06064406,0.07841528,0.9928194,13.74071,-0.5597226,0.5069591,0.6555191,0.01860531,1.102085,-0.03820089,1.102903,0.02568403,0.06196726,-0.008622961,0.9977104,7.755855,0.3797675,0.9162563,-0.1275003,False
1773055723354,14.09552,0.1437029,0.9175102,0.2137716,0.9529815,-0.5411564,-0.347713,-0.3531498,0.6793605,94.41262,-0.7374665,-0.4738495,-0.4812586,0.05026227,0.9975173,0.2519292,1.030066,0.05876758,1.022922,0.2574184,1.05645,0.06476364,1.013597,0.2705323,1.051077,-0.02458518,-0.09056976,0.09903812,0.1364399,-0.01781662,-0.08126615,0.1256257,0.1506765,-0.001689484,-0.08425928,0.1177601,0.1448099,-0.02467074,-0.09060334,0.09897686,0.1364332,-0.01798877,-0.08129868,0.1253177,0.150458,-0.001624239,-0.08429798,0.1182742,0.14525,-0.01698152,-0.08680435,0.1101193,0.1412431,-0.1514244,0.4036268,-0.08276305,0.8985023,52.07621,-0.3449548,0.9194885,-0.1885397,2.542002,-0.0008783832,-0.07750631,0.1038504,0.1295875,0.7606437,0.3711306,0.3328135,-0.4158338,229.1437,0.8363867,0.4080869,0.3659542,0.3876676,True,True,False,-0.1040223,0.5959536,0.125082,0.6177596,-0.1038626,-0.2379587,-0.3335446,-0.906276,309.9914,-0.2457202,-0.5629674,-0.7891067,0.01445643,0.5820214,0.1796783,0.6092965,0.01226629,0.5493885,0.213044,0.5893776,-0.03383445,0.5611905,0.1672703,0.5865654,0.05277931,-0.06076331,0.1133051,0.1389816,0.01583344,-0.07334238,0.1437446,0.1621491,0.009125081,-0.05360628,0.07697505,0.09424467,0.05268083,-0.06085024,0.1133155,0.1389907,0.01586578,-0.07333749,0.143749,0.1621539,0.009109289,-0.05366074,0.07702175,0.09431227,0.02146425,-0.06214503,0.1085299,0.1268915,-0.898636,-0.09960835,0.4113084,0.1155726,166.7267,-0.9046983,-0.1002803,0.4140831,13.96093,0,0,0,0,0,0,0,0,0,1,0,0,0.3616892,False,True,False,0.06830683,1.006927,0.2677808,1.044162,0.7557198,0.2995647,0.4398514,0.3816795,135.1245,0.8176178,0.3241009,0.4758778,-0.01830683,-0.006927013,0.03221923,0.03769884,-0.06651663,0.05277333,0.07074413,0.9938741,12.69034,-0.6018635,0.4775097,0.6401152,0.01856245,1.102063,-0.03812139,1.102878,0.02600163,0.06199736,-0.008440445,0.9977019,7.770284,0.3837517,0.9150038,-0.1245705,False
1773055723368,14.10919,0.1434148,0.9183196,0.2138227,0.953729,-0.5415528,-0.346884,-0.3445729,0.6838579,93.70829,-0.7422444,-0.4754342,-0.4722666,0.04940777,0.9971058,0.2531385,1.029922,0.05767427,1.022661,0.258563,1.056417,0.06397109,1.013368,0.2715647,1.051073,-0.02464463,-0.09055396,0.09904927,0.1364483,-0.01779065,-0.08125518,0.1256797,0.1507127,-0.001693628,-0.08424699,0.1177389,0.1447856,-0.0246653,-0.09059322,0.09899178,0.1364364,-0.01794796,-0.08128966,0.1253928,0.1505108,-0.001638503,-0.08428745,0.118162,0.1451527,-0.01699096,-0.08678479,0.1101393,0.1412478,-0.1513008,0.4050416,-0.08122376,0.8980268,52.20021,-0.3439117,0.9206731,-0.1846243,2.545951,-0.0008872777,-0.07748784,0.1038694,0.1295917,0.7605821,0.3710782,0.3322689,-0.4164287,229.2186,0.8365692,0.4081514,0.3654647,0.3808048,True,True,False,-0.1039955,0.5959061,0.1250839,0.6177096,-0.1038687,-0.2379425,-0.333472,-0.9063063,309.9996,-0.2457725,-0.5630158,-0.7890561,0.01448061,0.5819804,0.1796815,0.6092588,0.01228058,0.5493194,0.2130446,0.5893137,-0.03383096,0.5611524,0.1672674,0.5865279,0.05279752,-0.06074516,0.1133031,0.138979,0.01582992,-0.07334639,0.1437386,0.1621452,0.009129695,-0.05358328,0.07695905,0.09421897,0.05270476,-0.0608287,0.113313,0.1389883,0.01585843,-0.07333931,0.1437469,0.1621521,0.009113471,-0.05364485,0.0770089,0.09429314,0.0214737,-0.06213483,0.1085273,0.1268859,-0.8985991,-0.09981127,0.4113341,0.1155924,166.7244,-0.9046633,-0.1004848,0.41411,13.97345,0,0,0,0,0,0,0,0,0,1,0,0,0.3613329,False,True,False,0.06752769,1.006686,0.2688883,1.044164,0.7571238,0.3082054,0.4365981,0.3757062,135.8641,0.8169765,0.3325698,0.4711123,-0.01752769,-0.006686449,0.03111172,0.03632998,-0.06660375,0.04413862,0.06384825,0.9947559,11.74072,-0.6512029,0.4315553,0.6242617,0.01848092,1.102022,-0.03806229,1.102834,0.02652597,0.06216734,-0.008459859,0.9976773,7.811706,0.3894179,0.9126555,-0.124196,False
1773055723383,14.12316,0.1431299,0.9190596,0.2140902,0.9544587,-0.5405461,-0.3478826,-0.336991,0.6879134,93.06968,-0.7447664,-0.4793139,-0.4643075,0.04829326,0.9964458,0.2542003,1.029492,0.056255,1.022191,0.2596006,1.05614,0.06280132,1.012984,0.2725345,1.050883,-0.02468977,-0.09054934,0.0990485,0.1364528,-0.01777797,-0.08123919,0.125755,0.1507653,-0.00169317,-0.08423152,0.1177997,0.1448261,-0.02467048,-0.09058407,0.09900367,0.1364398,-0.01791235,-0.08127902,0.1254691,0.1505644,-0.001649931,-0.08427571,0.1180849,0.1450833,-0.01700582,-0.08676825,0.1101589,0.1412548,-0.1511601,0.4061336,-0.07996089,0.8976706,52.29292,-0.3430254,0.9216334,-0.1814541,2.550661,-0.0009013403,-0.07747222,0.103888,0.1295974,0.7605178,0.3710431,0.3318599,-0.4169033,229.2785,0.8366987,0.4082104,0.3651023,0.3729136,True,True,False,-0.104006,0.5958554,0.1250831,0.6176622,-0.103846,-0.2379619,-0.3334446,-0.9063139,310.0016,-0.2457282,-0.5630833,-0.7890216,0.01447222,0.5819393,0.1796742,0.6092172,0.01226564,0.5492657,0.213043,0.5892628,-0.03386668,0.5611323,0.1672591,0.5865083,0.0528077,-0.06073921,0.1132991,0.1389769,0.01582425,-0.07334767,0.143735,0.162142,0.009136537,-0.05354734,0.07693721,0.09418135,0.05272623,-0.06081003,0.1133101,0.1389859,0.0158513,-0.07334106,0.1437444,0.16215,0.009118279,-0.05362451,0.07699394,0.09426982,0.02148172,-0.06212323,0.1085227,0.1268777,-0.8985767,-0.09996957,0.4113263,0.1156581,166.7168,-0.9046476,-0.100645,0.4141053,13.98536,0,0,0,0,0,0,0,0,0,1,0,0,0.3604338,False,True,False,0.06680563,1.006534,0.2698883,1.044228,0.7582531,0.3160825,0.4335901,0.3703294,136.5281,0.816291,0.3402759,0.4667778,-0.01680563,-0.006533504,0.0301117,0.03509744,-0.06655869,0.03632471,0.05754523,0.9954593,10.92435,-0.69923,0.3816079,0.6045394,0.01838068,1.101954,-0.03803182,1.102763,0.02665013,0.06227968,-0.008485824,0.9976668,7.829433,0.390354,0.9122329,-0.1242949,False
1773055723397,14.13736,0.1428428,0.9197891,0.2143528,0.9551771,-0.5396628,-0.348726,-0.3297358,0.6916853,92.47267,-0.7472494,-0.4828669,-0.456572,0.04725845,0.9958528,0.255225,1.029124,0.05493591,1.02178,0.2606039,1.05592,0.06171892,1.012677,0.2734771,1.050768,-0.0247407,-0.09054558,0.09904585,0.1364576,-0.01776814,-0.08122259,0.1258318,0.1508193,-0.001691296,-0.08421455,0.1178823,0.1448834,-0.0246855,-0.09057594,0.09901262,0.1364437,-0.01788175,-0.08126698,0.1255465,0.1506187,-0.001658692,-0.0842627,0.1180413,0.1450403,-0.01702601,-0.08675473,0.1101777,0.1412635,-0.1510035,0.4069103,-0.07895396,0.8974342,52.35434,-0.3422965,0.922389,-0.1789737,2.556056,-0.0009203738,-0.07745946,0.1039056,0.129604,0.7604468,0.3710266,0.3315685,-0.417279,229.3259,0.8367794,0.4082697,0.3648508,0.3723779,True,True,False,-0.104019,0.5958002,0.1250828,0.6176111,-0.1038185,-0.2379855,-0.3334211,-0.9063195,310.0032,-0.2456702,-0.563155,-0.7889884,0.01446147,0.5818928,0.1796667,0.6091704,0.01224905,0.5492099,0.2130415,0.5892098,-0.03390639,0.5611113,0.167251,0.5864882,0.05281594,-0.06073556,0.1132948,0.138975,0.0158188,-0.07334901,0.143731,0.1621386,0.009143807,-0.05350832,0.07691404,0.09414095,0.0527452,-0.06079429,0.1133069,0.1389836,0.01584443,-0.07334273,0.1437416,0.1621476,0.009123672,-0.05359995,0.07697706,0.09424258,0.02148833,-0.06211032,0.1085162,0.1268669,-0.8985682,-0.1000837,0.4112861,0.1157681,166.7041,-0.9046509,-0.1007612,0.4140702,13.9966,0,0,0,0,0,0,0,0,0,1,0,0,0.3606747,False,True,False,0.06572013,1.006155,0.270814,1.044034,0.7581158,0.3233769,0.4327886,0.3652149,137.1584,0.8143699,0.3473722,0.4649025,-0.01572013,-0.006155014,0.02918598,0.03371688,-0.06695745,0.03095664,0.05042065,0.9960002,10.25258,-0.7493716,0.3464592,0.5642957,0.01831479,1.101908,-0.03797243,1.102714,0.02681083,0.06203621,-0.008280241,0.9976794,7.808195,0.3937744,0.9111344,-0.121613,False
1773055723409,14.15085,0.1425538,0.9205103,0.2146116,0.9558864,-0.5388504,-0.3494641,-0.3226357,0.6952852,91.9001,-0.7497216,-0.4862217,-0.4488944,0.04627597,0.9952915,0.2562314,1.028786,0.05368036,1.021398,0.2615908,1.05573,0.06069258,1.012418,0.2744091,1.050701,-0.02479713,-0.09054275,0.09904156,0.1364629,-0.01776114,-0.08120536,0.1259103,0.1508747,-0.001688016,-0.08419606,0.1179862,0.1449572,-0.0247084,-0.09056921,0.09901851,0.1364476,-0.01785719,-0.08125438,0.1256209,0.150671,-0.001664651,-0.08424911,0.1180299,0.1450233,-0.01705007,-0.08674472,0.1101943,0.1412732,-0.1508414,0.4073606,-0.07822073,0.8973215,52.38361,-0.3417515,0.9229301,-0.1772196,2.561763,-0.0009430833,-0.07745005,0.1039213,0.1296111,0.7603689,0.3710304,0.3313912,-0.4175586,229.3611,0.8368117,0.4083315,0.3647073,0.3722682,True,True,False,-0.1040345,0.5957407,0.1250831,0.6175564,-0.1037866,-0.2380131,-0.3334014,-0.9063231,310.0042,-0.2455991,-0.5632309,-0.7889566,0.01444856,0.5818411,0.1796591,0.6091183,0.0122309,0.5491519,0.2130401,0.5891549,-0.03394991,0.5610897,0.1672434,0.5864679,0.05282228,-0.06073419,0.1132903,0.1389731,0.01581351,-0.07335035,0.1437268,0.1621349,0.009151483,-0.05346629,0.07688963,0.09409787,0.05276084,-0.0607821,0.1133035,0.1389815,0.01583816,-0.07334428,0.1437386,0.162145,0.00912931,-0.05357284,0.07695933,0.09421322,0.02149327,-0.06209692,0.1085083,0.1268544,-0.898573,-0.1001513,0.4112181,0.1159132,166.6874,-0.9046711,-0.1008309,0.4140088,14.00663,0,0,0,0,0,0,0,0,0,1,0,0,0.3615521,False,True,False,0.064712,1.005831,0.2717068,1.043891,0.7578942,0.3303384,0.4318913,0.3604758,137.7412,0.8125213,0.3541483,0.4630209,-0.014712,-0.00583148,0.02829322,0.03241844,-0.06714707,0.02583082,0.04369298,0.9964512,9.656882,-0.7977308,0.3068792,0.5190879,0.01821551,1.101945,-0.03789938,1.102747,0.02680522,0.06200843,-0.008009587,0.9976835,7.801371,0.3940366,0.9115235,-0.1177409,False
1773055723425,14.16494,0.1423408,0.9209973,0.2147999,0.9563659,-0.5382221,-0.34952,-0.3193807,0.6972437,91.58744,-0.750832,-0.4875883,-0.4455433,0.0457557,0.9951332,0.2568625,1.028767,0.05304721,1.021381,0.2622461,1.055844,0.06017424,1.012441,0.2750212,1.050854,-0.02483702,-0.09054774,0.09902816,0.1364637,-0.01775774,-0.08118501,0.1260021,0.15094,-0.001689019,-0.08416937,0.1180812,0.1450189,-0.02473569,-0.09056471,0.09902055,0.1364511,-0.01783623,-0.0812397,0.1257015,0.1507279,-0.001669778,-0.08423228,0.1180409,0.1450224,-0.01707855,-0.08673654,0.1102105,0.1412843,-0.1506903,0.407548,-0.0775625,0.8973188,52.3843,-0.3414049,0.9233434,-0.1757261,2.568511,-0.0009699888,-0.07744227,0.1039367,0.129619,0.7602813,0.3710732,0.331312,-0.4177426,229.3843,0.8367934,0.4084167,0.3646541,0.3726623,True,True,False,-0.1040336,0.5956743,0.125131,0.6175019,-0.1036379,-0.2380537,-0.3334749,-0.9063025,309.9985,-0.2452216,-0.5632678,-0.7890475,0.01444817,0.5818059,0.1797115,0.6091003,0.01223243,0.549127,0.2130958,0.5891519,-0.03396861,0.5610812,0.1672935,0.5864751,0.05281483,-0.0607413,0.1132866,0.1389704,0.01580637,-0.07335497,0.1437161,0.1621268,0.009158136,-0.05342927,0.07686669,0.09405874,0.05277218,-0.06077353,0.1133,0.1389792,0.01583149,-0.07334652,0.1437339,0.1621412,0.009135362,-0.05354267,0.07693987,0.09418076,0.02149597,-0.06208308,0.108498,0.1268393,-0.8985951,-0.1001811,0.4111098,0.1161011,166.6657,-0.9047133,-0.1008632,0.4139089,14.01518,0,0,0,0,0,0,0,0,0,1,0,0,0.3619691,False,True,False,0.06375349,1.005532,0.2725838,1.043773,0.7575732,0.3371418,0.4309225,0.3559832,138.2926,0.8106788,0.3607754,0.46113,-0.01375349,-0.005532384,0.02741617,0.03116749,-0.06715448,0.02085229,0.0371675,0.996832,9.123764,-0.8443292,0.2621746,0.4673047,0.01813224,1.101994,-0.03785466,1.102793,0.02643289,0.06169442,-0.007578729,0.9977162,7.745952,0.3913404,0.9133892,-0.1122035,False
1773055723438,14.17859,0.142137,0.9214567,0.2149768,0.9568179,-0.5376579,-0.349581,-0.3161168,0.6991333,91.28499,-0.7519782,-0.4889304,-0.4421267,0.04525335,0.9949564,0.2574687,1.028726,0.0524336,1.021352,0.2628715,1.055941,0.05967864,1.012493,0.2756114,1.051031,-0.02487904,-0.09055459,0.09901214,0.1364643,-0.01775719,-0.08116364,0.1260972,0.1510078,-0.001686955,-0.08413267,0.1182196,0.1451104,-0.02476532,-0.09056263,0.09901882,0.1364538,-0.01781999,-0.08122402,0.125783,0.1507855,-0.001673301,-0.08421179,0.118078,0.1450408,-0.01710955,-0.08673086,0.110225,0.1412959,-0.150563,0.4074114,-0.07701439,0.8974495,52.35038,-0.341322,0.9235898,-0.1745894,2.57567,-0.0009992368,-0.07743693,0.1039504,0.129627,0.7601727,0.371161,0.3313152,-0.4178596,229.3991,0.8367234,0.4085376,0.3646792,0.3733212,True,True,False,-0.1040338,0.5956038,0.1251824,0.6174444,-0.1034709,-0.2380992,-0.3335633,-0.9062771,309.9917,-0.2447948,-0.563303,-0.7891549,0.01444645,0.5817688,0.1797683,0.6090815,0.01223402,0.5491048,0.2131556,0.5891528,-0.0339883,0.5610739,0.1673481,0.5864848,0.05280396,-0.06075138,0.1132829,0.1389676,0.01579908,-0.07336014,0.1437042,0.1621179,0.009164964,-0.05339056,0.07684299,0.09401804,0.05277869,-0.060769,0.1132965,0.1389768,0.01582485,-0.0733493,0.1437278,0.1621364,0.00914142,-0.05351152,0.07692003,0.09414743,0.02149635,-0.06206972,0.1084859,0.1268224,-0.8986319,-0.1001726,0.4109697,0.1163182,166.6407,-0.9047736,-0.1008573,0.4137785,14.02178,0,0,0,0,0,0,0,0,0,1,0,0,0.3624347,False,True,False,0.06325236,1.005502,0.2731523,1.043862,0.7576533,0.3402382,0.430438,0.3534441,138.6038,0.8099297,0.3637139,0.4601372,-0.01325236,-0.005502224,0.02684769,0.03044171,-0.06758684,0.01826521,0.03410502,0.9969631,8.932931,-0.8678831,0.2345438,0.4379429,0.01803149,1.102073,-0.03783806,1.10287,0.02606199,0.06159665,-0.00766531,0.9977314,7.720224,0.3871309,0.9149712,-0.1138623,False
1773055723451,14.19255,0.1420924,0.9216684,0.2151868,0.9570623,-0.5372621,-0.3494053,-0.3137442,0.7005925,91.05087,-0.7529303,-0.4896638,-0.4396877,0.04501912,0.9947049,0.2580402,1.028615,0.05212981,1.021234,0.2634577,1.055958,0.05947059,1.012385,0.2761593,1.051059,-0.02491566,-0.09056555,0.09899151,0.1364633,-0.01776406,-0.08114138,0.1261862,0.151071,-0.00169199,-0.08409938,0.1182904,0.1451488,-0.02479692,-0.09056324,0.09901311,0.1364558,-0.0178083,-0.08120668,0.1258675,0.1508453,-0.001677203,-0.08418826,0.1181228,0.1450637,-0.01714326,-0.08672593,0.1102386,0.1413076,-0.1504758,0.407147,-0.07645015,0.8976323,52.30286,-0.3414123,0.9237699,-0.1734566,2.58379,-0.001031058,-0.07743228,0.1039632,0.1296347,0.7600137,0.3713153,0.3313448,-0.4179883,229.4153,0.836603,0.4087341,0.3647355,0.3734453,True,True,False,-0.1040697,0.595484,0.1251476,0.6173278,-0.1033329,-0.2382469,-0.3336324,-0.9062285,309.9785,-0.2444084,-0.5635138,-0.7891244,0.01442561,0.5816863,0.1797067,0.608984,0.01222169,0.5490318,0.2130931,0.5890619,-0.03403068,0.5610126,0.1673047,0.5864164,0.05280191,-0.06076321,0.1132756,0.138966,0.01579712,-0.07337268,0.1436834,0.1621049,0.009170425,-0.05335694,0.07682426,0.09398419,0.05278353,-0.06076779,0.1132921,0.1389745,0.01581907,-0.07335418,0.1437185,0.1621299,0.009147464,-0.05347928,0.07690006,0.09411338,0.02149627,-0.06205713,0.1084715,0.126804,-0.8986704,-0.1001493,0.4108196,0.1165713,166.6115,-0.9048393,-0.1008368,0.4136396,14.02712,0,0,0,0,0,0,0,0,0,1,0,0,0.3624577,False,True,False,0.06276771,1.005456,0.2736944,1.04393,0.7576365,0.3433978,0.4299102,0.3510585,138.8959,0.8091351,0.3667395,0.4591324,-0.01276771,-0.005456209,0.02630559,0.02974506,-0.06782743,0.01572321,0.03103629,0.9970903,8.743768,-0.8897762,0.2062607,0.4071414,0.01792577,1.102137,-0.03783093,1.102932,0.02566381,0.06128834,-0.007727033,0.9977602,7.670962,0.3836612,0.9162302,-0.1155153,False
1773055723467,14.20677,0.1420486,0.9218663,0.215381,0.9572901,-0.5368569,-0.3492378,-0.3111344,0.7021489,90.80067,-0.7539806,-0.4904818,-0.436968,0.04477082,0.994398,0.258622,1.028454,0.05180212,1.021069,0.2640483,1.055929,0.05925377,1.012286,0.2767166,1.051097,-0.02495317,-0.0905786,0.0989681,0.1364618,-0.01777423,-0.08111827,0.1262769,0.1511355,-0.001692839,-0.08404995,0.1184165,0.145223,-0.02483022,-0.09056649,0.09900356,0.1364571,-0.01780107,-0.08118787,0.1259545,0.1509069,-0.001680515,-0.0841589,0.1181857,0.1450979,-0.01717963,-0.08672219,0.1102506,0.1413191,-0.1504335,0.406644,-0.07587198,0.8979164,52.22894,-0.3417655,0.9238425,-0.1723713,2.592547,-0.001065404,-0.07742874,0.1039745,0.129642,0.7598211,0.3715336,0.3314297,-0.4180771,229.4265,0.8364286,0.4089927,0.3648454,0.3735879,True,True,False,-0.1041089,0.5953576,0.1251096,0.6172048,-0.1031842,-0.2384126,-0.3337107,-0.9061731,309.9635,-0.2439878,-0.5637471,-0.7890875,0.01440355,0.5815994,0.1796383,0.6088803,0.01220991,0.5489573,0.2130229,0.5889669,-0.03407452,0.5609483,0.1672575,0.5863439,0.05279849,-0.06077766,0.1132676,0.1389646,0.01579581,-0.07338671,0.1436602,0.1620907,0.009175828,-0.05332273,0.07680564,0.09395008,0.0527867,-0.06076988,0.1132869,0.1389724,0.01581415,-0.07336105,0.1437062,0.1621216,0.009153463,-0.05344614,0.07688008,0.09407881,0.02149572,-0.06204538,0.108455,0.126784,-0.8987104,-0.1001111,0.4106599,0.1168584,166.5783,-0.9049103,-0.1008017,0.4134929,14.03119,0,0,0,0,0,0,0,0,0,1,0,0,0.3624642,False,True,False,0.06255451,1.005306,0.2742095,1.043908,0.7577538,0.3457572,0.4293383,0.3491842,139.1252,0.8086554,0.3689832,0.4581788,-0.01255451,-0.005305767,0.02579051,0.02917049,-0.06805316,0.01360584,0.02882732,0.9971724,8.619507,-0.9055821,0.1810527,0.3836046,0.01783438,1.102191,-0.03777627,1.102983,0.02551812,0.06096177,-0.007790194,0.9977835,7.630933,0.3834806,0.9161199,-0.1170693,False
1773055723480,14.22038,0.1420006,0.9220755,0.2155841,0.95753,-0.5364141,-0.3490646,-0.3081452,0.7038896,90.5202,-0.7551836,-0.4914261,-0.4338182,0.04449516,0.9940336,0.2592632,1.028251,0.05143113,1.020855,0.2646922,1.055866,0.05901477,1.01221,0.2773315,1.051173,-0.02499159,-0.09059367,0.09894196,0.1364599,-0.01778775,-0.08109431,0.1263692,0.1512014,-0.001688103,-0.08398017,0.1186121,0.1453422,-0.02486341,-0.09057204,0.09899095,0.1364577,-0.01779834,-0.08116866,0.1260395,0.1509672,-0.001682067,-0.08412227,0.1182737,0.1451484,-0.01721691,-0.08672021,0.1102599,0.1413296,-0.1504412,0.4058217,-0.07530756,0.8983346,52.11996,-0.3424474,0.9237668,-0.1714216,2.601186,-0.001437229,-0.07685755,0.104074,0.1293852,0.7619541,0.3700047,0.3311151,-0.4157955,229.1388,0.8378108,0.4068407,0.3640794,0.3761114,True,False,True,-0.1041511,0.5952249,0.1250688,0.6170756,-0.103025,-0.2385956,-0.333798,-0.9061109,309.9466,-0.2435348,-0.5640022,-0.7890453,0.01438048,0.5815084,0.1795634,0.6087707,0.01219885,0.5488817,0.2129456,0.5888682,-0.03411962,0.5608811,0.1672068,0.5862678,0.05279376,-0.06079467,0.1132591,0.1389633,0.01579524,-0.07340216,0.143635,0.1620753,0.009181156,-0.053288,0.07678719,0.0939158,0.05278814,-0.06077494,0.1132812,0.1389706,0.01581029,-0.07336944,0.1436917,0.1621121,0.009159119,-0.05341381,0.07686109,0.09404548,0.02149477,-0.06203496,0.1084373,0.1267636,-0.8987496,-0.1000607,0.4104996,0.1171629,166.5432,-0.9049824,-0.1007546,0.4133464,14.0339,0,0,0,0,0,0,0,0,0,1,0,0,0.3625598,False,True,False,0.06232656,1.00511,0.2747273,1.043841,0.7578045,0.3484041,0.4286891,0.3472357,139.3633,0.8080852,0.371521,0.4571329,-0.01232656,-0.005109549,0.02527273,0.02857905,-0.06816019,0.01131942,0.02638191,0.9972613,8.482819,-0.9215956,0.1530502,0.3567104,0.0177307,1.102214,-0.03774161,1.103002,0.02550904,0.06068707,-0.007752561,0.9978007,7.601315,0.3848364,0.9155419,-0.1169573,False
1773055723493,14.23432,0.1419522,0.922248,0.2156904,0.9577129,-0.5367071,-0.3493302,-0.3057616,0.7045735,90.40981,-0.7563184,-0.4922701,-0.4308741,0.04426906,0.9938655,0.2595231,1.028144,0.05114012,1.020842,0.2648954,1.05589,0.05882945,1.012281,0.2775193,1.05128,-0.0250184,-0.09061369,0.09891242,0.1364567,-0.01780473,-0.08106627,0.1264596,0.151264,-0.001691071,-0.08390806,0.1187316,0.1453981,-0.02489587,-0.0905807,0.09897456,0.1364574,-0.01779967,-0.08114725,0.1261272,0.1510291,-0.001683944,-0.08407756,0.1183699,0.1452009,-0.01725567,-0.086718,0.1102677,0.1413391,-0.1505301,0.4048491,-0.07460809,0.8988168,51.99405,-0.3434215,0.9236289,-0.170212,2.610529,-0.001473832,-0.07685541,0.1040814,0.1293904,0.7619539,0.3700047,0.331115,-0.4157954,229.1388,0.8378107,0.4068407,0.3640794,0.4288425,True,False,True,-0.1042221,0.5952191,0.1250207,0.6170723,-0.1028426,-0.2387783,-0.333924,-0.9060371,309.9267,-0.2430129,-0.5642232,-0.7890486,0.01433261,0.5815924,0.179486,0.6088271,0.01215989,0.5489451,0.2128642,0.588897,-0.03419228,0.560948,0.1671493,0.5863196,0.05281598,-0.06078383,0.1132537,0.1389626,0.0157934,-0.07341665,0.1436091,0.1620586,0.00918625,-0.05325315,0.07676684,0.09387989,0.05279394,-0.06077679,0.1132755,0.1389689,0.01580677,-0.07337926,0.1436745,0.162101,0.009164765,-0.05338034,0.07684146,0.09401097,0.02149606,-0.0620237,0.1084183,0.1267421,-0.8987752,-0.1000622,0.4103552,0.1174702,166.5078,-0.9050414,-0.1007598,0.4132161,14.03791,0,0,0,0,0,0,0,0,0,1,0,0,0.3626413,False,True,False,0.06232653,1.00511,0.2747273,1.043841,0.7578045,0.3484042,0.4286892,0.3472357,139.3633,0.8080852,0.371521,0.4571329,-0.01232653,-0.005109549,0.0252727,0.02857901,-0.06816015,0.01131946,0.0263819,0.9972613,8.482725,-0.921605,0.1530523,0.3567142,0.01760737,1.102226,-0.03768586,1.103011,0.02555441,0.06056355,-0.007616187,0.9978081,7.588527,0.386171,0.9152192,-0.1150937,False
1773055723508,14.24815,0.141902,0.9224229,0.2157972,0.9578981,-0.5369913,-0.3496001,-0.3031828,0.705337,90.28644,-0.7575292,-0.493178,-0.4276974,0.04402946,0.9936655,0.2598078,1.028013,0.05082655,1.020803,0.2651162,1.055892,0.05863348,1.012356,0.2777252,1.051396,-0.02504447,-0.09063597,0.09888034,0.136453,-0.01782486,-0.08103712,0.126551,0.1513271,-0.001692377,-0.08382422,0.1188789,0.1454701,-0.02492678,-0.09059213,0.09895504,0.1364565,-0.01780489,-0.08112437,0.1262151,0.1510908,-0.00168569,-0.08402505,0.118476,0.1452571,-0.01729488,-0.08671586,0.1102737,0.1413472,-0.1506952,0.4037112,-0.07379895,0.8993676,51.84988,-0.344688,0.9234159,-0.1688017,2.620175,-0.001510827,-0.07685341,0.104087,0.1293941,0.7619539,0.3700046,0.331115,-0.4157954,229.1388,0.8378109,0.4068407,0.3640794,0.3817638,True,False,True,-0.1042973,0.5952156,0.1249698,0.6170713,-0.1026489,-0.238975,-0.334062,-0.9059563,309.9048,-0.2424561,-0.5644574,-0.7890522,0.01428255,0.5816869,0.1794034,0.6088918,0.01211984,0.5490164,0.212777,0.5889311,-0.03426761,0.5610207,0.1670886,0.5863762,0.05284073,-0.06077133,0.1132482,0.138962,0.01579201,-0.0734321,0.1435813,0.1620409,0.009191247,-0.05321785,0.07674639,0.09384363,0.05280362,-0.06077566,0.1132699,0.1389675,0.01580372,-0.07339019,0.1436552,0.1620886,0.009170242,-0.0533467,0.07682178,0.09397633,0.02149944,-0.06201195,0.1083986,0.12672,-0.8987874,-0.1001117,0.4102298,0.1177723,166.4729,-0.9050863,-0.1008133,0.4131048,14.04301,0,0,0,0,0,0,0,0,0,1,0,0,0.3627378,False,True,False,0.06210611,1.005073,0.2749054,1.04384,0.7574775,0.3506808,0.4280185,0.3464837,139.4552,0.8074971,0.3738378,0.4562824,-0.01210611,-0.005073428,0.02509457,0.02832022,-0.06739308,0.009791101,0.02454675,0.9973764,8.302483,-0.9309767,0.1352555,0.339092,0.01751753,1.102246,-0.03761949,1.103027,0.02554046,0.06018202,-0.007257351,0.9978342,7.543183,0.3882766,0.914912,-0.1103293,False
1773055723521,14.26205,0.1418209,0.9225674,0.2159803,0.9580664,-0.5382653,-0.3495807,-0.2986479,0.7063097,90.12911,-0.7603658,-0.4938256,-0.4218767,0.04377753,0.9933578,0.2603303,1.027837,0.05045837,1.020652,0.2654735,1.055819,0.05852353,1.011915,0.2779044,1.051013,-0.02505928,-0.09065764,0.09885242,0.1364499,-0.01784874,-0.08101168,0.1266152,0.15137,-0.001758838,-0.08369651,0.1184923,0.1450815,-0.02495444,-0.09060574,0.09893369,0.1364551,-0.01781402,-0.08110087,0.1262983,0.1511488,-0.001700902,-0.08395669,0.1184794,0.1452205,-0.01733344,-0.08670112,0.1102786,0.1413468,-0.1510878,0.4036009,-0.07183831,0.89951,51.81254,-0.3458177,0.9237827,-0.1644273,2.631076,-0.001547225,-0.07683951,0.1040917,0.12939,0.7619541,0.3700047,0.3311151,-0.4157955,229.1388,0.8378109,0.4068407,0.3640794,0.373522,True,False,True,-0.1043331,0.5952182,0.1249033,0.6170664,-0.1025078,-0.2390321,-0.3340701,-0.9059541,309.9042,-0.2421202,-0.5645863,-0.789063,0.01424796,0.5817257,0.1793416,0.6089099,0.01208723,0.549047,0.2127061,0.5889334,-0.03431321,0.5610547,0.1670254,0.5863934,0.05284608,-0.06076299,0.1132493,0.1389613,0.01579129,-0.07344386,0.1435651,0.1620318,0.009192931,-0.05320209,0.07673338,0.09382422,0.05281244,-0.06077303,0.1132656,0.1389662,0.01580114,-0.07340133,0.1436365,0.1620768,0.009174955,-0.05331663,0.07680341,0.0939447,0.02150252,-0.06200138,0.1083797,0.1266992,-0.8987986,-0.1001928,0.4101085,0.1180408,166.4419,-0.9051265,-0.1008982,0.4129958,14.04762,0,0,0,0,0,0,0,0,0,1,0,0,0.3618944,False,True,False,0.06187221,1.005013,0.2751013,1.04382,0.757134,0.3531346,0.4272995,0.3456287,139.5596,0.8068597,0.3763272,0.4553629,-0.01187221,-0.00501287,0.02489874,0.02803615,-0.06660359,0.008125276,0.02255282,0.9974915,8.118245,-0.9409198,0.1147871,0.3186074,0.01743015,1.10226,-0.03756315,1.103038,0.0257965,0.06016732,-0.007127159,0.9978294,7.551382,0.3917431,0.9136948,-0.1082323,False
1773055723535,14.27599,0.1417259,0.922733,0.2161915,0.9582595,-0.5396498,-0.3495466,-0.2934984,0.7074277,89.94798,-0.7635269,-0.4945581,-0.415258,0.04349444,0.9930031,0.2609407,1.027637,0.05003577,1.02046,0.2658946,1.055719,0.05840556,1.011433,0.2781209,1.050599,-0.02507151,-0.09068146,0.09882233,0.1364462,-0.01787641,-0.08098554,0.1266759,0.15141,-0.001832439,-0.08353581,0.1180788,0.1446519,-0.02497891,-0.09062149,0.09891048,0.1364532,-0.01782703,-0.08107679,0.126377,0.1512031,-0.001728306,-0.08386901,0.1183955,0.1451016,-0.01737135,-0.08667441,0.1102826,0.1413381,-0.1517129,0.4043507,-0.06875157,0.8993092,51.86518,-0.3469203,0.9246244,-0.1572135,2.64294,-0.001583021,-0.07681428,0.1040954,0.1293785,0.761954,0.3700046,0.331115,-0.4157954,229.1388,0.8378108,0.4068407,0.3640794,0.3831513,True,False,True,-0.1043699,0.5952231,0.1248335,0.6170632,-0.1023645,-0.2390824,-0.334071,-0.9059569,309.9049,-0.2417851,-0.5647126,-0.7890757,0.01421086,0.5817652,0.1792797,0.6089284,0.01205219,0.5490783,0.2126336,0.5889357,-0.03435943,0.5610877,0.1669599,0.586409,0.05285058,-0.06075379,0.1132514,0.1389607,0.015791,-0.07345607,0.1435492,0.1620232,0.009194053,-0.05318916,0.07672128,0.0938071,0.05282038,-0.06076903,0.1132626,0.1389651,0.01579903,-0.07341272,0.1436183,0.1620656,0.009178929,-0.05329007,0.07678631,0.09391604,0.02150531,-0.06199202,0.1083618,0.1266797,-0.8988087,-0.1003038,0.4099911,0.1182768,166.4147,-0.9051624,-0.1010129,0.4128894,14.05175,0,0,0,0,0,0,0,0,0,1,0,0,0.361109,False,True,False,0.06165658,1.004913,0.2754339,1.043798,0.7567333,0.3573636,0.4252498,0.3446862,139.6747,0.8061349,0.3806933,0.4530113,-0.01165658,-0.004912615,0.02456611,0.02763157,-0.06460503,0.004799755,0.0197181,0.9977046,7.765746,-0.9540412,0.07087938,0.2911829,0.01738527,1.102225,-0.03756012,1.103002,0.02562184,0.06011241,-0.00724477,0.9978364,7.53934,0.3897125,0.9143198,-0.1101942,False
1773055723549,14.28999,0.1416175,0.922919,0.2164297,0.9584763,-0.5410376,-0.3494981,-0.2881216,0.708601,89.75759,-0.7667664,-0.4953138,-0.4083302,0.04319528,0.9926385,0.2616079,1.027441,0.04958481,1.020259,0.2663625,1.055621,0.05826545,1.011012,0.2783985,1.050259,-0.02508154,-0.0907069,0.09879078,0.1364421,-0.01790704,-0.08095901,0.1267337,0.1514479,-0.001898643,-0.08336955,0.1177328,0.1442744,-0.02500043,-0.09063932,0.09888545,0.1364509,-0.01784376,-0.08105212,0.1264515,0.1512542,-0.001763924,-0.08376464,0.1182561,0.144928,-0.01740813,-0.08663925,0.1102861,0.1413238,-0.1525294,0.4056296,-0.06485254,0.8988847,51.97631,-0.3480935,0.9257033,-0.1480025,2.655446,-0.001617752,-0.07678107,0.1040987,0.1293619,0.7619539,0.3700046,0.331115,-0.4157954,229.1388,0.8378109,0.4068407,0.3640794,0.3986436,True,False,True,-0.1044076,0.5952302,0.1247605,0.6170617,-0.1022191,-0.2391258,-0.3340646,-0.9059641,309.9069,-0.2414505,-0.5648358,-0.7890895,0.01417137,0.5818051,0.1792176,0.6089474,0.01201463,0.5491105,0.2125597,0.5889383,-0.03440637,0.5611198,0.1668927,0.5864234,0.05285423,-0.06074389,0.1132544,0.1389603,0.01579121,-0.07346838,0.1435334,0.1620148,0.009194585,-0.05317863,0.07671012,0.09379205,0.05282745,-0.06076378,0.1132609,0.1389641,0.01579739,-0.07342435,0.1436006,0.162055,0.009182199,-0.05326677,0.07677039,0.09389012,0.02150782,-0.06198376,0.1083445,0.1266614,-0.898818,-0.1004426,0.4098771,0.1184831,166.3909,-0.9051942,-0.1011551,0.4127848,14.05537,0,0,0,0,0,0,0,0,0,1,0,0,0.3603832,False,True,False,0.06141875,1.004791,0.2758242,1.04377,0.7562668,0.3621452,0.4229406,0.3435586,139.8123,0.8052835,0.3856173,0.4503531,-0.01141875,-0.004790783,0.02417576,0.0271626,-0.0623886,0.001026352,0.01647929,0.9979154,7.40041,-0.9667279,0.0159036,0.2553509,0.01734449,1.102222,-0.03754567,1.102998,0.02571482,0.0601099,-0.007246749,0.9978342,7.543183,0.3909273,0.9138157,-0.1101681,False
1773055723563,14.30366,0.1415515,0.923054,0.216535,0.9586203,-0.5433459,-0.3490337,-0.2833567,0.708985,89.69521,-0.7704592,-0.4949263,-0.401797,0.04310659,0.9925433,0.2620149,1.027449,0.04940829,1.020283,0.266551,1.055684,0.05828618,1.011061,0.2785251,1.050342,-0.02510753,-0.09071967,0.0987711,0.1364411,-0.01793354,-0.08094084,0.1267735,0.1514746,-0.001926773,-0.08329113,0.1176598,0.1441698,-0.02502246,-0.0906558,0.09886198,0.1364488,-0.01786219,-0.08102925,0.1265175,0.1512993,-0.001797353,-0.08366757,0.1181329,0.1447718,-0.01744278,-0.086607,0.1102896,0.141311,-0.1532952,0.4067601,-0.06131278,0.8984919,52.07894,-0.3491997,0.9265813,-0.1396678,2.666988,-0.001650452,-0.07675066,0.1041019,0.1293468,0.761954,0.3700047,0.331115,-0.4157954,229.1388,0.8378107,0.4068407,0.3640793,0.3944097,True,False,True,-0.1043813,0.5952915,0.124709,0.617106,-0.102158,-0.2392675,-0.3340747,-0.9059299,309.8976,-0.2412644,-0.565073,-0.7889771,0.0142077,0.5818959,0.1791508,0.6090154,0.01207007,0.5491976,0.2124882,0.5889949,-0.03437012,0.561195,0.1668244,0.5864738,0.05285292,-0.06073241,0.1132607,0.1389599,0.01579323,-0.07347389,0.1435338,0.1620179,0.00919436,-0.05318043,0.07670175,0.09378621,0.05283267,-0.06075734,0.1132609,0.1389632,0.01579654,-0.0734345,0.1435869,0.1620474,0.009184692,-0.05324905,0.07675631,0.09386879,0.02150948,-0.06197722,0.1083302,0.1266462,-0.898831,-0.1005915,0.4097695,0.1186309,166.3738,-0.9052233,-0.1013069,0.4126837,14.05849,0,0,0,0,0,0,0,0,0,1,0,0,0.3593593,False,True,False,0.06116819,1.004669,0.276257,1.043753,0.7557645,0.3671156,0.4205431,0.3423299,139.9622,0.8043643,0.3907232,0.4475863,-0.01116819,-0.004669189,0.02374297,0.02665068,-0.06012031,-0.002909536,0.0130817,0.9981012,7.062721,-0.9760569,-0.04723649,0.2123821,0.01729423,1.102238,-0.03755438,1.103013,0.02557798,0.05992902,-0.007184728,0.997849,7.517284,0.3901851,0.9142006,-0.109601,False
1773055723577,14.31775,0.1414843,0.9231896,0.2166402,0.9587648,-0.5455425,-0.3485804,-0.2786371,0.7093917,89.62911,-0.7740228,-0.4945704,-0.395334,0.04301231,0.9924372,0.2624267,1.027448,0.04922128,1.02029,0.2667489,1.055732,0.05830593,1.011085,0.2786494,1.050398,-0.02513365,-0.09073222,0.09875169,0.1364402,-0.01796195,-0.08092333,0.1268088,0.1514981,-0.001957433,-0.08320044,0.1175716,0.1440459,-0.02504586,-0.09067183,0.09883883,0.136447,-0.01788315,-0.08100697,0.1265787,0.151341,-0.001830988,-0.08356956,0.1180143,0.1446188,-0.01747722,-0.08657484,0.1102926,0.141298,-0.1540711,0.4078554,-0.05782113,0.8980939,52.1827,-0.350318,0.9273583,-0.1314704,2.678198,-0.001682959,-0.07672029,0.1041049,0.1293316,0.761954,0.3700047,0.3311151,-0.4157954,229.1388,0.8378107,0.4068407,0.3640794,0.3921369,True,False,True,-0.1043521,0.5953578,0.1246562,0.6171543,-0.1021049,-0.239415,-0.3340808,-0.9058946,309.8881,-0.241096,-0.5653206,-0.7888509,0.01424699,0.5819899,0.1790818,0.6090859,0.01213047,0.5492887,0.2124146,0.5890545,-0.03432862,0.5612713,0.166753,0.5865241,0.05285036,-0.06072017,0.1132681,0.1389595,0.01579581,-0.07347873,0.1435363,0.1620225,0.00919363,-0.05318567,0.07669441,0.09378311,0.05283638,-0.06074954,0.1132624,0.1389624,0.01579639,-0.07344379,0.1435763,0.1620422,0.009186568,-0.05323574,0.07674331,0.0938508,0.02151041,-0.06197199,0.1083179,0.1266333,-0.8988478,-0.1007569,0.4096629,0.1187311,166.3622,-0.9052511,-0.1014747,0.4125814,14.06125,0,0,0,0,0,0,0,0,0,1,0,0,0.3584262,False,True,False,0.06115269,1.004779,0.2764316,1.043904,0.7554076,0.3714595,0.417481,0.3421795,139.9806,0.8039376,0.3953234,0.4443014,-0.01115269,-0.004779339,0.02356839,0.02650837,-0.05711006,-0.006716168,0.01088851,0.9982859,6.710294,-0.9758225,-0.1147572,0.1860487,0.01723239,1.102245,-0.03760709,1.103021,0.025557,0.05991348,-0.007055623,0.9978514,7.513115,0.3900788,0.9144647,-0.1076906,False
1773055723592,14.33176,0.1414315,0.9232692,0.2166771,0.9588419,-0.5463744,-0.348838,-0.2754787,0.7098581,89.55325,-0.7757202,-0.4952661,-0.3911135,0.04279698,0.9921997,0.2625958,1.027253,0.04892582,1.020175,0.2668255,1.055626,0.05813946,1.011179,0.2787276,1.050501,-0.02518895,-0.09073888,0.09873342,0.1364416,-0.01798764,-0.08089549,0.1268717,0.151539,-0.001949682,-0.08310824,0.1177642,0.1441499,-0.02507585,-0.09068584,0.09881678,0.1364459,-0.01790501,-0.08098362,0.1266399,0.1513823,-0.001855832,-0.08347309,0.1179617,0.1445204,-0.01751426,-0.08654847,0.1102941,0.1412876,-0.1547475,0.4083337,-0.05490753,0.8979432,52.22197,-0.3516099,0.9277964,-0.1247583,2.688833,-0.001717933,-0.07669538,0.1041063,0.1293184,0.7619539,0.3700046,0.331115,-0.4157954,229.1388,0.8378109,0.4068407,0.3640794,0.3798181,True,False,True,-0.1043929,0.5954701,0.1246546,0.6172693,-0.1021358,-0.2394293,-0.3341018,-0.9058796,309.884,-0.2411506,-0.5653114,-0.7888404,0.01420551,0.5821103,0.1790854,0.609201,0.01209772,0.5493973,0.2124103,0.5891536,-0.03436825,0.5613799,0.1667342,0.586625,0.05284789,-0.06070801,0.1132766,0.1389602,0.01579315,-0.07347997,0.1435427,0.1620285,0.009194048,-0.0531917,0.07668259,0.0937769,0.05283879,-0.06074086,0.1132654,0.138962,0.01579571,-0.07345135,0.1435692,0.1620393,0.009188131,-0.05322652,0.07673061,0.09383534,0.02151042,-0.06196783,0.1083076,0.1266225,-0.8988723,-0.1009222,0.4095537,0.1187826,166.3563,-0.9052812,-0.1016417,0.4124739,14.06408,0,0,0,0,0,0,0,0,0,1,0,0,0.3578725,False,True,False,0.06112655,1.004875,0.2766139,1.044043,0.7550346,0.3757449,0.4144952,0.3419537,140.0081,0.8034703,0.3998491,0.4410852,-0.01112655,-0.004874706,0.02338609,0.02635284,-0.05420278,-0.01046863,0.008671806,0.9984375,6.406771,-0.9699771,-0.1873398,0.1551849,0.01719459,1.102211,-0.03764047,1.102988,0.02547282,0.05987038,-0.00714424,0.9978555,7.505919,0.3891669,0.9146837,-0.1091478,False
1773055723605,14.34531,0.141377,0.9233491,0.2167121,0.9589188,-0.5471517,-0.3490669,-0.2724538,0.7103142,89.47903,-0.7773314,-0.4959149,-0.3870716,0.04258654,0.9919733,0.2627592,1.027067,0.04864032,1.020068,0.2669041,1.055529,0.05798007,1.011276,0.2788055,1.050606,-0.02524822,-0.09074455,0.09871572,0.1364435,-0.0180144,-0.08086695,0.1269346,0.1515796,-0.00194207,-0.0830143,0.1179532,0.1442502,-0.02511102,-0.0906978,0.0987962,0.1364454,-0.01792729,-0.08095984,0.1266999,0.1514224,-0.001873407,-0.08337964,0.1179599,0.1444653,-0.01755298,-0.08652695,0.1102939,0.141279,-0.1553283,0.4083466,-0.05249069,0.8979816,52.21198,-0.3529924,0.9279907,-0.1192881,2.698842,-0.001754453,-0.07667509,0.1041061,0.1293067,0.761954,0.3700046,0.331115,-0.4157954,229.1388,0.8378108,0.4068407,0.3640794,0.3761522,True,False,True,-0.1044356,0.5955894,0.1246551,0.6173916,-0.1021838,-0.2394316,-0.3341213,-0.9058664,309.8804,-0.2412478,-0.5652789,-0.788834,0.01416077,0.5822335,0.179093,0.6093199,0.01206169,0.5495086,0.2124096,0.5892564,-0.03440933,0.5614907,0.1667163,0.5867283,0.05284442,-0.06069528,0.113286,0.138961,0.01579039,-0.07348004,0.1435511,0.1620357,0.009194233,-0.05320059,0.07667103,0.09377251,0.05283994,-0.06073158,0.1132695,0.1389618,0.01579463,-0.07345719,0.1435656,0.1620386,0.009189373,-0.05322124,0.07671847,0.09382254,0.02150961,-0.06196475,0.1082995,0.1266139,-0.898903,-0.1010838,0.4094446,0.1187887,166.3556,-0.905313,-0.1018046,0.4123644,14.06688,0,0,0,0,0,0,0,0,0,1,0,0,0.3574815,False,True,False,0.06094128,1.004786,0.2766736,1.043962,0.754482,0.3787066,0.4132249,0.3414432,140.0704,0.8027238,0.4029213,0.4396467,-0.01094128,-0.004786015,0.02332637,0.02620567,-0.05265644,-0.01250749,0.006574844,0.9985128,6.250618,-0.9658197,-0.2294113,0.1205952,0.01717165,1.102187,-0.037658,1.102964,0.02570676,0.05993539,-0.007030303,0.9978464,7.521867,0.3919105,0.9137403,-0.1071799,False
1773055723619,14.35924,0.1413209,0.9234294,0.2167453,0.9589953,-0.5479267,-0.349285,-0.2693738,0.7107842,89.40249,-0.7789577,-0.4965595,-0.3829542,0.04237333,0.9917403,0.2629266,1.026876,0.04835069,1.019954,0.2669873,1.055427,0.05781788,1.011353,0.2788847,1.050692,-0.0253113,-0.09074937,0.09869825,0.1364458,-0.01804244,-0.08083755,0.1269974,0.1516199,-0.001935826,-0.08292198,0.1181267,0.1443389,-0.02515276,-0.09070852,0.09877582,0.1364454,-0.01795126,-0.08093437,0.1267618,0.1514634,-0.001886409,-0.08328432,0.1179948,0.144439,-0.01759526,-0.0865078,0.1102925,0.1412714,-0.15586,0.4080403,-0.05033668,0.8981521,52.16757,-0.354481,0.9280287,-0.1144835,2.708973,-0.001794395,-0.07665701,0.1041047,0.1292954,0.7619541,0.3700047,0.331115,-0.4157955,229.1388,0.8378108,0.4068407,0.3640793,0.3773132,True,False,True,-0.1044802,0.5957153,0.1246575,0.6175211,-0.1022484,-0.2394223,-0.3341396,-0.9058548,309.8773,-0.2413862,-0.5652242,-0.7888312,0.01411305,0.5823596,0.1791047,0.6094427,0.01202273,0.5496221,0.2124126,0.5893624,-0.03445175,0.5616033,0.1666991,0.5868337,0.05284004,-0.06068196,0.1132965,0.1389621,0.01578733,-0.07347927,0.1435619,0.1620446,0.009194115,-0.05321228,0.07665974,0.0937699,0.05283996,-0.06072126,0.1132751,0.1389618,0.01579311,-0.07346179,0.1435648,0.1620398,0.009190359,-0.05321937,0.07670625,0.09381158,0.02150797,-0.06196253,0.1082928,0.1266068,-0.8989411,-0.1012511,0.4093297,0.118753,166.3597,-0.9053476,-0.1019727,0.4122469,14.06978,0,0,0,0,0,0,0,0,0,1,0,0,0.3572374,False,True,False,0.06075761,1.004699,0.2767365,1.043884,0.7539576,0.3815328,0.4120049,0.3409289,140.133,0.8020065,0.4058475,0.4382615,-0.01075761,-0.004698992,0.02326351,0.02605758,-0.05119846,-0.01447081,0.004567055,0.9985732,6.122012,-0.9587851,-0.2709924,0.08552648,0.01715464,1.102143,-0.03769082,1.10292,0.02575365,0.05999361,-0.006940325,0.9978424,7.528944,0.392256,0.9137676,-0.1057087,False
1773055723633,14.37313,0.1413088,0.9235777,0.2168482,0.9591596,-0.5486549,-0.3487093,-0.2670515,0.7113812,89.30519,-0.780663,-0.4961669,-0.3799788,0.04234813,0.9917067,0.2632776,1.026933,0.04830468,1.020004,0.2672926,1.055551,0.05790035,1.011616,0.2791561,1.051022,-0.02537655,-0.0907522,0.09868317,0.1364489,-0.01806389,-0.08081428,0.1270434,0.1516485,-0.001926683,-0.08280098,0.1183319,0.1444373,-0.02519926,-0.09071758,0.0987566,0.1364461,-0.01797464,-0.08090942,0.1268203,0.1515018,-0.001894774,-0.08318388,0.1180651,0.1444386,-0.01763946,-0.08649093,0.1102873,0.1412626,-0.1563516,0.4074326,-0.0483379,0.8984522,52.08928,-0.3560961,0.9279417,-0.1100912,2.718162,-0.001836108,-0.07664109,0.1040999,0.1292827,0.7619539,0.3700046,0.331115,-0.4157954,229.1388,0.8378107,0.4068407,0.3640794,0.3828377,True,False,True,-0.1044512,0.5958359,0.1246381,0.6176286,-0.1023789,-0.2395066,-0.3341433,-0.9058164,309.8669,-0.2416475,-0.5653135,-0.7886869,0.01416017,0.5824835,0.179052,0.6095467,0.01207344,0.5497228,0.2123656,0.5894405,-0.0344202,0.5617201,0.1666433,0.5869278,0.05285367,-0.06067239,0.1132981,0.1389644,0.01578166,-0.0734764,0.1435719,0.1620517,0.009196791,-0.05320792,0.0766445,0.09375522,0.0528428,-0.06071112,0.1132799,0.1389624,0.01579073,-0.07346482,0.1435663,0.1620423,0.009191694,-0.05321699,0.07669342,0.09379987,0.0215073,-0.06195984,0.1082874,0.1266007,-0.8989756,-0.1013913,0.4092314,0.1187118,166.3645,-0.9053777,-0.1021134,0.4121458,14.07425,0,0,0,0,0,0,0,0,0,1,0,0,0.3573819,False,True,False,0.06056836,1.004605,0.2768027,1.0438,0.7534262,0.3844008,0.4107593,0.3403849,140.1993,0.8012733,0.4088126,0.436845,-0.01056836,-0.004604816,0.02319732,0.02590387,-0.04973238,-0.01647784,0.002523753,0.9986235,6.01322,-0.9481676,-0.3141565,0.04811636,0.01711188,1.10217,-0.03764847,1.102945,0.02578874,0.05995119,-0.006776894,0.9978451,7.524158,0.3930405,0.9137027,-0.1032851,False
1773055723647,14.3873,0.1412978,0.92373,0.2169534,0.9593284,-0.5493904,-0.3481382,-0.2646506,0.7119902,89.20584,-0.7823964,-0.4957897,-0.3768934,0.04232019,0.991669,0.2636339,1.026986,0.0482541,1.020048,0.2676034,1.05567,0.05798697,1.011829,0.2794194,1.051302,-0.02544515,-0.09075406,0.09866882,0.1364525,-0.01808548,-0.08079115,0.1270872,0.1516755,-0.001922535,-0.0826787,0.1184852,0.1444929,-0.02525117,-0.09072527,0.09873809,0.1364474,-0.01799801,-0.08088446,0.1268766,0.1515384,-0.001900634,-0.08307716,0.118154,0.14445,-0.01768603,-0.08647429,0.1102795,0.1412521,-0.1568291,0.4067048,-0.04634384,0.8988037,51.99747,-0.3577703,0.9278055,-0.105723,2.726967,-0.001880066,-0.07662535,0.1040925,0.1292681,0.7619539,0.3700047,0.331115,-0.4157954,229.1388,0.8378107,0.4068407,0.3640794,0.3865624,True,False,True,-0.1044198,0.5959617,0.1246191,0.6177408,-0.1025305,-0.2395917,-0.3341442,-0.9057765,309.8561,-0.2419565,-0.5654005,-0.7885302,0.01421124,0.58261,0.1789965,0.6096524,0.01212736,0.5498244,0.2123171,0.5895188,-0.03438583,0.5618395,0.1665851,0.5870235,0.05286869,-0.06066281,0.1132996,0.1389671,0.01577549,-0.07347246,0.1435837,0.1620597,0.009199526,-0.05320397,0.07662905,0.09374063,0.05284826,-0.06070093,0.1132841,0.1389634,0.01578752,-0.07346643,0.1435699,0.162046,0.009193345,-0.05321424,0.07667984,0.09378737,0.02150749,-0.06195671,0.108283,0.1265955,-0.8990073,-0.1015093,0.4091466,0.1186631,166.3701,-0.9054043,-0.1022316,0.412058,14.08023,0,0,0,0,0,0,0,0,0,1,0,0,0.3574918,False,True,False,0.06059332,1.004654,0.277062,1.043918,0.7535152,0.386393,0.4092833,0.3397095,140.2816,0.8011599,0.4108245,0.4351622,-0.01059332,-0.004653692,0.02293804,0.02569103,-0.0488611,-0.01862091,0.001401463,0.9986311,5.996659,-0.93412,-0.355992,0.02679299,0.01706904,1.102202,-0.03760261,1.102975,0.02581583,0.05994212,-0.006767573,0.9978451,7.524261,0.3934478,0.9135519,-0.1031417,False
1773055723661,14.40123,0.141307,0.9237903,0.2170183,0.9594024,-0.5492837,-0.3478483,-0.2635173,0.7126343,89.10069,-0.7829733,-0.4958384,-0.3756292,0.04226611,0.9915279,0.263864,1.026907,0.04819707,1.020001,0.2678544,1.055686,0.05801944,1.012123,0.2796662,1.051652,-0.02551771,-0.09076101,0.0986474,0.1364552,-0.01811063,-0.08076183,0.1271489,0.1517146,-0.001897108,-0.0825304,0.1188724,0.1447257,-0.02530666,-0.09073271,0.09871922,0.136449,-0.01802144,-0.08085893,0.1269333,0.1515751,-0.0018999,-0.08296314,0.1183039,0.1445071,-0.01773551,-0.08646234,0.1102673,0.1412415,-0.1572599,0.4053777,-0.04461924,0.899415,51.83744,-0.3597837,0.9274346,-0.1020812,2.734762,-0.001926768,-0.07661409,0.104081,0.1292528,0.7619541,0.3700047,0.331115,-0.4157955,229.1388,0.8378108,0.4068407,0.3640793,0.4023485,True,False,True,-0.1044375,0.5959883,0.1246592,0.6177776,-0.1026416,-0.239571,-0.3340996,-0.9057858,309.8587,-0.2422301,-0.5653783,-0.788462,0.01420268,0.5826064,0.1790147,0.6096541,0.01210375,0.5498149,0.2123527,0.5895224,-0.03441761,0.5618571,0.1666045,0.5870477,0.05287867,-0.06067538,0.1132911,0.1389695,0.01576826,-0.07346934,0.1435906,0.1620637,0.009202671,-0.05319432,0.07661264,0.09372205,0.05285459,-0.06069561,0.1132855,0.1389647,0.01578351,-0.07346703,0.1435742,0.1620496,0.009195285,-0.05321009,0.07666585,0.09377377,0.02150781,-0.06195396,0.1082788,0.1265906,-0.8990373,-0.1015499,0.4090767,0.1186419,166.3725,-0.9054322,-0.1022722,0.4119865,14.08667,0,0,0,0,0,0,0,0,0,1,0,0,0.3576864,False,True,False,0.06061503,1.004698,0.2773246,1.044031,0.7535858,0.3884538,0.4077794,0.3390104,140.3668,0.8010201,0.4129049,0.433447,-0.01061502,-0.004698157,0.02267545,0.02547406,-0.04796112,-0.02081255,0.0002228172,0.9986324,5.993786,-0.917354,-0.3980823,0.004261833,0.01704782,1.10221,-0.03761506,1.102983,0.02579975,0.05998268,-0.006879638,0.9978423,7.529152,0.3929473,0.9135759,-0.1047814,False
1773055723674,14.41479,0.1413184,0.9238484,0.2170827,0.9594747,-0.549187,-0.3475811,-0.2624252,0.713242,89.00138,-0.7835254,-0.4958941,-0.3744023,0.04221249,0.9913916,0.2640789,1.026829,0.04814333,1.01996,0.2680916,1.055703,0.05805136,1.012379,0.2798977,1.051962,-0.02559352,-0.09076781,0.09862554,0.1364581,-0.01813635,-0.08073188,0.1272111,0.1517539,-0.001875553,-0.08239251,0.119216,0.1449293,-0.02536511,-0.09073986,0.09870015,0.1364508,-0.01804484,-0.08083304,0.12699,0.1516115,-0.001894937,-0.08284662,0.11849,0.1445926,-0.01778672,-0.08645342,0.1102527,0.1412311,-0.157648,0.4037188,-0.04310976,0.9001666,51.64006,-0.3619551,0.9269262,-0.09897871,2.741982,-0.001975124,-0.07660568,0.1040673,0.1292375,0.7619541,0.3700047,0.331115,-0.4157955,229.1388,0.8378108,0.4068407,0.3640793,0.415279,True,False,True,-0.1044561,0.5960132,0.1247032,0.6178137,-0.102765,-0.2395383,-0.3340473,-0.9057997,309.8624,-0.2425384,-0.5653408,-0.7883939,0.0141933,0.5825951,0.1790361,0.6096494,0.01207643,0.5497988,0.2123937,0.5895215,-0.03445203,0.5618706,0.1666277,0.5870692,0.0528891,-0.06069077,0.1132815,0.1389724,0.01576053,-0.07346544,0.1435982,0.1620679,0.009205903,-0.05318433,0.07659597,0.09370307,0.05286162,-0.06069463,0.1132847,0.1389662,0.01577883,-0.0734667,0.1435791,0.1620534,0.009197447,-0.05320485,0.07665161,0.09375937,0.02150821,-0.06195158,0.1082748,0.126586,-0.899066,-0.1015219,0.40902,0.1186442,166.3723,-0.9054612,-0.1022441,0.4119295,14.09348,0,0,0,0,0,0,0,0,0,1,0,0,0.357886,False,True,False,0.06059187,1.004598,0.2775277,1.043988,0.7537089,0.3893997,0.40734,0.3381788,140.4681,0.8008962,0.4137788,0.4328423,-0.01059187,-0.004598379,0.02247226,0.0252653,-0.04805489,-0.0218772,-0.0005843541,0.998605,6.053583,-0.9100837,-0.4143197,-0.01106674,0.01703425,1.102221,-0.03766068,1.102995,0.02577997,0.05999997,-0.006828933,0.9978421,7.529465,0.3926297,0.9138011,-0.1040049,False
1773055723688,14.42859,0.1412306,0.9239945,0.2172374,0.9596375,-0.5488564,-0.3473639,-0.2619283,0.7137847,88.91262,-0.7836717,-0.4959754,-0.3739882,0.042075,0.9913865,0.2643498,1.026888,0.0480148,1.020138,0.2683799,1.055943,0.05799588,1.012847,0.2802027,1.05249,-0.02565293,-0.09076936,0.09861078,0.1364596,-0.01817293,-0.08065718,0.1273739,0.151855,-0.001847131,-0.08221664,0.1196694,0.1452025,-0.02542453,-0.09074595,0.0986817,0.1364526,-0.01807128,-0.08079673,0.1270693,0.1516618,-0.001885062,-0.08271617,0.1187336,0.1447176,-0.01784211,-0.08644275,0.1102449,0.1412255,-0.158046,0.401496,-0.04172822,0.9011555,51.37925,-0.3645848,0.9261816,-0.09625978,2.750925,-0.002027422,-0.07659558,0.1040599,0.1292264,0.761954,0.3700047,0.331115,-0.4157955,229.1388,0.8378107,0.4068407,0.3640793,0.4363611,True,False,True,-0.1044647,0.5960838,0.1247018,0.6178829,-0.102795,-0.2394981,-0.3340293,-0.9058136,309.8662,-0.2426261,-0.5652854,-0.7884068,0.01419305,0.582653,0.1790192,0.6096998,0.01205382,0.5498465,0.2123851,0.5895625,-0.0344815,0.5619492,0.1666149,0.5871426,0.05290512,-0.06070663,0.1132686,0.1389749,0.01575394,-0.073473,0.1435856,0.1620595,0.009210166,-0.05316698,0.07657507,0.09367655,0.0528706,-0.0606971,0.1132814,0.138968,0.01577369,-0.073468,0.1435805,0.1620546,0.009200073,-0.05319702,0.0766358,0.09374226,0.02150956,-0.06194939,0.1082681,0.1265795,-0.8990893,-0.101464,0.4089695,0.1186908,166.3669,-0.9054899,-0.1021864,0.4118809,14.10069,0,0,0,0,0,0,0,0,0,1,0,0,0.3583301,False,True,False,0.06056748,1.004501,0.2777197,1.043943,0.7538161,0.3903135,0.4069193,0.337392,140.5639,0.8007699,0.4146254,0.4322655,-0.01056748,-0.004500508,0.02228034,0.0250667,-0.04813052,-0.02289159,-0.001363538,0.9985778,6.112155,-0.9027864,-0.4293787,-0.02557595,0.01702012,1.102244,-0.03771817,1.10302,0.02558246,0.05997055,-0.006827783,0.9978489,7.517492,0.3902426,0.9148089,-0.1041531,False
1773055723702,14.44243,0.141138,0.9241447,0.2173976,0.9598047,-0.5485102,-0.3471418,-0.2614078,0.7143494,88.82019,-0.783822,-0.4960663,-0.3735522,0.04193174,0.9913796,0.2646316,1.026948,0.04788087,1.020351,0.2686739,1.056217,0.05793141,1.01326,0.2805151,1.052968,-0.02571277,-0.09077002,0.09859676,0.1364612,-0.01821337,-0.08056604,0.127573,0.1519786,-0.001824131,-0.0820537,0.1200684,0.1454392,-0.02548417,-0.09075093,0.09866413,0.1364543,-0.01810068,-0.08074898,0.1271738,0.1517274,-0.001872445,-0.0825786,0.1190099,0.1448658,-0.01790063,-0.08642882,0.1102471,0.141226,-0.1584525,0.3989723,-0.04048484,0.902261,51.08624,-0.3674771,0.9252813,-0.09389089,2.762464,-0.002082651,-0.07658242,0.1040619,0.1292211,0.7619539,0.3700046,0.331115,-0.4157954,229.1388,0.8378109,0.4068407,0.3640794,0.4503622,True,False,True,-0.1044733,0.5961559,0.1247006,0.6179537,-0.1028227,-0.2394471,-0.3340097,-0.9058312,309.8709,-0.242713,-0.5652153,-0.7884305,0.01419271,0.5827109,0.1790028,0.6097503,0.01202826,0.5498942,0.2123773,0.5896037,-0.03451306,0.56203,0.1666036,0.5872186,0.0529223,-0.06072482,0.1132543,0.1389777,0.01574708,-0.07348148,0.1435709,0.1620497,0.009214711,-0.05314833,0.07655337,0.09364867,0.0528813,-0.06070284,0.1132758,0.13897,0.01576819,-0.07347079,0.1435785,0.1620536,0.009203102,-0.05318694,0.07661873,0.09372288,0.02151177,-0.06194743,0.1082591,0.1265712,-0.8991075,-0.1013783,0.4089252,0.1187782,166.3568,-0.9055179,-0.1021011,0.4118407,14.1082,0,0,0,0,0,0,0,0,0,1,0,0,0.3587599,False,True,False,0.06044123,1.004511,0.2779791,1.044016,0.7539802,0.3906932,0.4068493,0.3366695,140.6518,0.8007243,0.4149147,0.4320725,-0.01044123,-0.004511476,0.02202088,0.02478491,-0.0485375,-0.02344361,-0.001839414,0.9985445,6.183357,-0.8999504,-0.4346761,-0.03410521,0.01699539,1.10231,-0.03778945,1.103089,0.02548352,0.05987587,-0.006776815,0.9978575,7.502474,0.3895094,0.915188,-0.1035819,False
1773055723716,14.45647,0.1410204,0.9243309,0.2175979,0.9600121,-0.5481104,-0.3468899,-0.2608059,0.7149984,88.71386,-0.7839936,-0.4961765,-0.3730456,0.04176065,0.9913871,0.2649775,1.027037,0.04771487,1.020583,0.2690336,1.056525,0.05783563,1.013646,0.2808895,1.053434,-0.02577292,-0.09076989,0.09858344,0.1364629,-0.01825527,-0.08047144,0.1277772,0.152105,-0.001805358,-0.08190093,0.1204252,0.1456477,-0.02554462,-0.0907549,0.09864724,0.1364561,-0.01813304,-0.08069089,0.1273004,0.1518065,-0.001858395,-0.0824362,0.1193068,0.1450286,-0.01796203,-0.08641143,0.1102584,0.141232,-0.1588691,0.396286,-0.03935097,0.903421,50.77709,-0.3705362,0.9242725,-0.09177972,2.776581,-0.002140597,-0.07656603,0.1040726,0.1292209,0.761954,0.3700046,0.331115,-0.4157954,229.1388,0.8378108,0.4068407,0.3640794,0.4577829,True,False,True,-0.104482,0.5962296,0.1246997,0.6180261,-0.1028481,-0.2393858,-0.3339884,-0.9058523,309.8766,-0.2427989,-0.5651308,-0.7884642,0.01419196,0.5827686,0.1789867,0.6098007,0.01199968,0.5499419,0.2123702,0.589645,-0.03454679,0.5621131,0.1665938,0.5872973,0.05294052,-0.06074513,0.1132383,0.1389805,0.01574001,-0.0734909,0.143554,0.1620383,0.009219503,-0.05312828,0.07653093,0.09361943,0.0528937,-0.06071169,0.1132679,0.1389722,0.01576229,-0.073475,0.1435734,0.1620504,0.009206535,-0.05317466,0.07660034,0.09370121,0.02151481,-0.06194567,0.1082478,0.1265612,-0.899121,-0.1012656,0.4088868,0.1189046,166.3422,-0.9055452,-0.1019892,0.4118083,14.11605,0,0,0,0,0,0,0,0,0,1,0,0,0.3591611,False,True,False,0.06030735,1.00453,0.2782472,1.044097,0.7541475,0.3910918,0.4067787,0.3359164,140.7435,0.8006732,0.4152195,0.4318742,-0.01030735,-0.004530072,0.02175277,0.0244938,-0.0489601,-0.02401685,-0.002339987,0.9985092,6.257879,-0.8969792,-0.4400035,-0.04287,0.0169775,1.10241,-0.0378776,1.103191,0.02492385,0.05958879,-0.006719365,0.9978892,7.446727,0.3838033,0.9176102,-0.1034718,False
1773055723730,14.47025,0.1409673,0.9243864,0.2178562,0.9601163,-0.5478262,-0.346687,-0.2600248,0.7155989,88.6154,-0.7842765,-0.4963226,-0.3722556,0.04165978,0.991267,0.2653855,1.027023,0.04760435,1.020721,0.2694226,1.056753,0.05779981,1.013703,0.2812761,1.053589,-0.02581396,-0.09076712,0.0985762,0.1364635,-0.01830122,-0.08035903,0.1280172,0.1522528,-0.00180668,-0.0817854,0.1205666,0.1456997,-0.02560019,-0.09075742,0.09863258,0.1364576,-0.01816774,-0.08062243,0.1274486,0.1518986,-0.001847725,-0.0823014,0.1195674,0.1451664,-0.01802185,-0.08638719,0.1102838,0.1412446,-0.1593116,0.3939683,-0.03824121,0.9044039,50.51376,-0.3733772,0.9233401,-0.0896256,2.794288,-0.002197059,-0.07654317,0.1040966,0.1292276,0.7619541,0.3700047,0.3311151,-0.4157955,229.1388,0.8378108,0.4068407,0.3640794,0.4439637,True,False,True,-0.1044806,0.5962987,0.1246902,0.6180906,-0.1028998,-0.2393768,-0.333994,-0.9058468,309.8752,-0.2429142,-0.5650938,-0.7884556,0.01420768,0.5828345,0.1789502,0.6098533,0.01199588,0.549992,0.2123456,0.5896827,-0.03455717,0.5621885,0.1665701,0.5873634,0.05296164,-0.06075843,0.113224,0.1389827,0.01573278,-0.07349686,0.1435435,0.162031,0.009222541,-0.05311527,0.0765156,0.09359981,0.05290772,-0.06072133,0.1132589,0.1389744,0.0157562,-0.0734795,0.1435672,0.1620464,0.009209837,-0.0531624,0.07658285,0.09368028,0.02151876,-0.0619443,0.1082367,0.1265517,-0.8991248,-0.1011457,0.4088692,0.1190385,166.3268,-0.9055637,-0.10187,0.4117972,14.12418,0,0,0,0,0,0,0,0,0,1,0,0,0.3590903,False,True,False,0.06014428,1.004573,0.2785761,1.044217,0.7543365,0.3915534,0.4066993,0.3350494,140.8489,0.8006114,0.4155733,0.4316484,-0.01014427,-0.004572749,0.02142391,0.02414125,-0.04944489,-0.02467499,-0.002920412,0.9984678,6.344252,-0.8935398,-0.4459124,-0.05277601,0.01693971,1.102476,-0.03794733,1.103259,0.02485692,0.05965507,-0.006758386,0.9978867,7.451249,0.3825403,0.918073,-0.1040095,False
1773055723744,14.48423,0.1409099,0.9244417,0.2181387,0.9602253,-0.547512,-0.3464658,-0.259147,0.7162647,88.50613,-0.7845937,-0.4964911,-0.3713619,0.04155302,0.9911281,0.2658385,1.027001,0.04748099,1.020832,0.269856,1.056965,0.05776044,1.013733,0.2816988,1.053729,-0.02585297,-0.09076332,0.09857016,0.136464,-0.0183477,-0.08024839,0.1282493,0.1523953,-0.001809561,-0.08166315,0.1206976,0.1457397,-0.02565295,-0.09075865,0.09861956,0.1364589,-0.01820529,-0.08054437,0.1276162,0.1520024,-0.001839762,-0.08216766,0.1198041,0.1452857,-0.01808165,-0.08635652,0.1103202,0.141262,-0.1597944,0.3918994,-0.03707344,0.9052659,50.28177,-0.3761235,0.9224516,-0.08726334,2.815142,-0.002253519,-0.07651421,0.1041309,0.1292391,0.7619541,0.3700047,0.3311151,-0.4157955,229.1388,0.8378108,0.4068407,0.3640794,0.4329551,True,False,True,-0.1044787,0.5963687,0.1246803,0.6181558,-0.1029527,-0.2393653,-0.3340014,-0.9058411,309.8736,-0.2430321,-0.5650505,-0.7884502,0.01422437,0.5829015,0.178912,0.6099066,0.01199193,0.5500425,0.2123201,0.5897205,-0.03456713,0.562265,0.1665464,0.5874304,0.05298402,-0.06077256,0.1132085,0.1389848,0.01572535,-0.07350314,0.1435321,0.162023,0.009225636,-0.05310199,0.07650052,0.09358025,0.05292364,-0.06073202,0.1132483,0.1389765,0.01574977,-0.07348444,0.1435599,0.1620415,0.009213133,-0.05314979,0.07656566,0.0936594,0.02152368,-0.06194326,0.1082255,0.1265424,-0.8991197,-0.1010155,0.4088704,0.1191836,166.31,-0.9055743,-0.1017407,0.4118056,14.13278,0,0,0,0,0,0,0,0,0,1,0,0,0.3590782,False,True,False,0.06004174,1.004505,0.2789452,1.044244,0.754454,0.3921923,0.4065239,0.3342495,140.9462,0.8004947,0.416126,0.4313322,-0.01004174,-0.004504919,0.0210548,0.02375785,-0.04974337,-0.02541507,-0.003594626,0.9984322,6.41764,-0.888666,-0.4540406,-0.06421803,0.01691877,1.102507,-0.03802943,1.103293,0.02472463,0.05966144,-0.0065914,0.9978907,7.444203,0.3808648,0.9190407,-0.1015357,False
1773055723758,14.49829,0.1406844,0.9246569,0.2184883,0.9604788,-0.5473132,-0.3463616,-0.2585763,0.716673,88.43905,-0.7847805,-0.4966404,-0.3707669,0.04130125,0.9912108,0.2663084,1.027193,0.04719631,1.020995,0.2702949,1.057221,0.05755194,1.013961,0.2821134,1.054048,-0.02585457,-0.09076689,0.09856096,0.1364601,-0.01838277,-0.08021141,0.1283115,0.1524324,-0.001815635,-0.08155634,0.1208052,0.1457691,-0.02569522,-0.09076038,0.09860728,0.1364591,-0.0182425,-0.08047455,0.1277625,0.1520927,-0.001834705,-0.08203897,0.1200148,0.1453867,-0.01813287,-0.08632711,0.1103517,0.1412751,-0.1602887,0.3900181,-0.03581035,0.9060414,50.07217,-0.378764,0.9216169,-0.08462023,2.833429,-0.002301873,-0.07648644,0.1041606,0.1292474,0.761954,0.3700047,0.331115,-0.4157954,229.1388,0.8378107,0.4068407,0.3640793,0.4224649,True,False,True,-0.1044423,0.5963984,0.1246968,0.6181816,-0.1030246,-0.2393818,-0.3340009,-0.9058288,309.8703,-0.2431867,-0.5650542,-0.7883999,0.01427701,0.5829098,0.1788912,0.6099096,0.01202996,0.5500545,0.2123247,0.5897342,-0.03454461,0.5623055,0.166542,0.5874666,0.05299406,-0.06079867,0.1131916,0.1389863,0.01571779,-0.07350248,0.143533,0.1620228,0.009230367,-0.05308219,0.07648119,0.09355368,0.0529384,-0.06074598,0.1132365,0.1389786,0.01574307,-0.07348821,0.1435542,0.1620376,0.009216744,-0.05313562,0.07654795,0.09363723,0.02152777,-0.06194204,0.1082146,0.1265332,-0.8991202,-0.100826,0.4088681,0.1193486,166.291,-0.905593,-0.1015519,0.4118115,14.1413,0,0,0,0,0,0,0,0,0,1,0,0,0.359386,False,True,False,0.05993368,1.004431,0.2793541,1.044276,0.7545791,0.3929114,0.406327,0.3333607,141.0542,0.8003603,0.4167498,0.4309793,-0.009933684,-0.00443089,0.02064592,0.02333591,-0.05006839,-0.02624021,-0.004351831,0.9983916,6.500085,-0.8831378,-0.4628413,-0.07676034,0.01690433,1.102558,-0.03806922,1.103345,0.02454744,0.05943294,-0.006373393,0.9979101,7.409824,0.3798855,0.9197585,-0.09863187,False
1773055723772,14.51197,0.1404262,0.9248978,0.2188809,0.9607623,-0.5471292,-0.3462691,-0.258038,0.7170522,88.37672,-0.7849554,-0.4967854,-0.370202,0.04102153,0.9913272,0.2668175,1.027426,0.04688171,1.021199,0.2707649,1.057524,0.05731411,1.014238,0.2825617,1.054422,-0.02584957,-0.0907707,0.09855245,0.1364555,-0.0184195,-0.08017016,0.1283821,0.1524746,-0.001820647,-0.08144245,0.1209294,0.1458085,-0.02572689,-0.0907625,0.09859604,0.1364584,-0.0182788,-0.08041208,0.12789,0.1521712,-0.001831823,-0.08191607,0.1202032,0.1454731,-0.01817558,-0.08629909,0.1103793,0.1412851,-0.1607882,0.3882847,-0.03449829,0.9067481,49.88049,-0.3813103,0.9208197,-0.08181293,2.849354,-0.002342184,-0.07646001,0.1041867,0.1292535,0.761954,0.3700047,0.331115,-0.4157954,229.1388,0.8378107,0.4068407,0.3640793,0.4166089,True,False,True,-0.1044033,0.5964264,0.1247147,0.6182057,-0.1030999,-0.2394,-0.3340009,-0.9058154,309.8667,-0.2433481,-0.5650589,-0.7883468,0.0143327,0.5829141,0.1788695,0.6099086,0.01207095,0.5500647,0.2123307,0.5897467,-0.03451987,0.5623448,0.1665383,0.5875018,0.05300342,-0.06082705,0.1131736,0.1389876,0.01570997,-0.07350121,0.1435346,0.1620229,0.009235265,-0.05306142,0.07646145,0.09352624,0.05295173,-0.0607626,0.1132236,0.1389804,0.01573628,-0.07349088,0.1435502,0.1620346,0.009220541,-0.0531204,0.0765302,0.09361446,0.02153102,-0.06194075,0.1082043,0.1265243,-0.8991255,-0.1005876,0.4088626,0.1195277,166.2703,-0.905618,-0.1013139,0.4118149,14.14954,0,0,0,0,0,0,0,0,0,1,0,0,0.3597953,False,True,False,0.05966662,1.004573,0.2797624,1.044506,0.7546309,0.3933882,0.4062192,0.332812,141.1209,0.8002506,0.4171697,0.4307764,-0.009666618,-0.004572511,0.02023759,0.02288911,-0.05025154,-0.02674193,-0.004858679,0.9983667,6.550251,-0.8795927,-0.4680852,-0.08504531,0.0168715,1.102632,-0.03807419,1.103418,0.02429971,0.05937489,-0.006305983,0.99792,7.392151,0.3769515,0.9210585,-0.09782214,False
1773055723786,14.52611,0.1402031,0.9249381,0.2194471,0.9608977,-0.5470257,-0.3461596,-0.2575439,0.7173615,88.32586,-0.7851655,-0.4968553,-0.369662,0.04078976,0.9912748,0.2674837,1.027539,0.04661901,1.021204,0.2713986,1.05768,0.05718207,1.013909,0.2830654,1.054233,-0.02584551,-0.09076832,0.09855008,0.1364515,-0.01844901,-0.08013885,0.1284307,0.1525026,-0.001875798,-0.08134031,0.1205838,0.1454655,-0.02575187,-0.09076373,0.09858637,0.1364569,-0.01831465,-0.08035451,0.1280043,0.1522411,-0.001841079,-0.08179428,0.1202837,0.1454712,-0.01821264,-0.08626173,0.1104078,0.1412893,-0.1613951,0.3875717,-0.03240321,0.9070225,49.80585,-0.3832865,0.9204183,-0.07695223,2.865487,-0.002377182,-0.0764247,0.1042135,0.129255,0.7619539,0.3700046,0.331115,-0.4157954,229.1388,0.8378109,0.4068407,0.3640795,0.3886954,True,False,True,-0.1044355,0.5964322,0.124711,0.618216,-0.1031474,-0.2392896,-0.3339657,-0.9058521,309.8766,-0.2435052,-0.564903,-0.7884099,0.01430044,0.5828878,0.1788605,0.6098801,0.01201704,0.5500414,0.2123411,0.5897277,-0.03458235,0.5623527,0.1665291,0.5875104,0.05301474,-0.06085002,0.1131573,0.1389887,0.01570909,-0.07350277,0.1435344,0.1620233,0.009239401,-0.05304194,0.07643905,0.09349728,0.052965,-0.060781,0.1132096,0.1389821,0.01573056,-0.07349338,0.1435469,0.1620322,0.00922451,-0.05310388,0.076511,0.09358978,0.02153414,-0.06193922,0.1081931,0.1265145,-0.8991344,-0.1003205,0.4088518,0.1197217,166.2479,-0.9056483,-0.1010473,0.4118138,14.15793,0,0,0,0,0,0,0,0,0,1,0,0,0.359971,False,True,False,0.05937253,1.004743,0.2802122,1.044774,0.7546748,0.3938393,0.4061185,0.3323016,141.1829,0.8001444,0.4175684,0.4305874,-0.009372529,-0.00474298,0.01978785,0.0224031,-0.05041703,-0.02721002,-0.005337192,0.9983433,6.597068,-0.8762311,-0.472901,-0.0927586,0.01684307,1.102726,-0.03806854,1.103511,0.02388696,0.05908988,-0.006256164,0.9979472,7.343677,0.3729909,0.9226785,-0.09768895,False
1773055723800,14.54007,0.1399719,0.9249702,0.2200337,0.9610291,-0.5469276,-0.3460503,-0.2570411,0.7176694,88.27522,-0.7853821,-0.4969245,-0.3691083,0.04055259,0.9912155,0.2681732,1.027652,0.04634833,1.0212,0.2720522,1.057833,0.05702969,1.01362,0.2836071,1.054092,-0.02583734,-0.09076538,0.09854895,0.1364471,-0.0184784,-0.08010723,0.1284791,0.1525304,-0.001923687,-0.08124608,0.1202934,0.1451728,-0.0257697,-0.09076407,0.09857856,0.1364549,-0.01834881,-0.08030289,0.1281037,0.1523016,-0.001858303,-0.08167941,0.1202857,0.1454085,-0.0182432,-0.08621945,0.1104363,0.1412897,-0.1620524,0.3875792,-0.02988525,0.9069886,49.81509,-0.3847806,0.9202764,-0.07096016,2.880962,-0.002406023,-0.0763848,0.1042405,0.1292536,0.7619539,0.3700046,0.331115,-0.4157954,229.1388,0.8378109,0.4068407,0.3640794,0.381095,True,False,True,-0.1044704,0.5964353,0.1247069,0.618224,-0.1031937,-0.2391629,-0.3339261,-0.9058949,309.8882,-0.2436671,-0.5647259,-0.7884865,0.01426345,0.5828559,0.1788544,0.609847,0.01195741,0.5500137,0.2123547,0.5897055,-0.03464984,0.5623568,0.1665214,0.5875161,0.05302575,-0.06087369,0.1131406,0.1389897,0.01570887,-0.07350424,0.1435344,0.162024,0.009243473,-0.05302215,0.07641619,0.09346777,0.05297767,-0.06080032,0.1131952,0.1389837,0.01572604,-0.07349565,0.1435443,0.1620305,0.009228462,-0.05308683,0.07649122,0.09356432,0.02153701,-0.06193756,0.1081815,0.1265043,-0.8991461,-0.1000376,0.4088368,0.1199216,166.2248,-0.9056821,-0.1007648,0.4118087,14.16615,0,0,0,0,0,0,0,0,0,1,0,0,0.3601549,False,True,False,0.05913535,1.00474,0.2808197,1.04492,0.7547209,0.3942505,0.4059704,0.3318901,141.2329,0.8000705,0.4179401,0.4303643,-0.009135347,-0.004739523,0.01918033,0.02176701,-0.05050858,-0.02765863,-0.005727639,0.9983242,6.634946,-0.8728158,-0.4779563,-0.09897674,0.01679273,1.102806,-0.0381059,1.103592,0.02361002,0.05883113,-0.006380308,0.9979683,7.305825,0.3705725,0.9233875,-0.1001425,False
1773055723813,14.55376,0.139741,0.9249934,0.2206191,0.961152,-0.5468298,-0.3459358,-0.2565069,0.71799,88.22243,-0.7856147,-0.4969961,-0.3685162,0.04031859,0.9911442,0.2688696,1.027756,0.04607657,1.021184,0.2727087,1.057975,0.0568701,1.013347,0.2841617,1.053971,-0.02582421,-0.09076171,0.09854899,0.1364422,-0.01850778,-0.08007518,0.1285276,0.1525579,-0.001967271,-0.08115616,0.1200353,0.1449092,-0.02578089,-0.09076358,0.0985725,0.1364523,-0.01838144,-0.08025613,0.128191,0.1523544,-0.001880659,-0.08157152,0.1202342,0.1453056,-0.01826778,-0.0861742,0.1104652,0.1412879,-0.1627384,0.3880655,-0.02713821,0.9067441,49.88156,-0.3859275,0.9202817,-0.06435716,2.895668,-0.002429226,-0.07634207,0.1042678,0.1292509,0.7619539,0.3700046,0.331115,-0.4157954,229.1388,0.8378109,0.4068407,0.3640794,0.3829927,True,False,True,-0.1045079,0.5964356,0.1247026,0.6182298,-0.1032389,-0.2390205,-0.3338823,-0.9059435,309.9013,-0.2438339,-0.5645283,-0.7885768,0.01422223,0.5828185,0.1788509,0.6098093,0.01189242,0.5499815,0.2123715,0.5896802,-0.03472228,0.5623573,0.1665151,0.587519,0.05303663,-0.06089843,0.1131234,0.1389907,0.01570943,-0.07350569,0.1435349,0.1620251,0.009247597,-0.05300172,0.07639277,0.09343744,0.05298977,-0.06082045,0.1131805,0.1389851,0.01572263,-0.07349771,0.1435424,0.1620294,0.009232387,-0.05306936,0.07647102,0.09353828,0.02153967,-0.06193577,0.1081696,0.1264937,-0.8991601,-0.0997413,0.4088181,0.1201266,166.2012,-0.9057189,-0.1004689,0.4118002,14.17416,0,0,0,0,0,0,0,0,0,1,0,0,0.3603716,False,True,False,0.05889735,1.00473,0.2814494,1.045066,0.7547649,0.3946695,0.4058162,0.3314804,141.2827,0.7999949,0.4183204,0.4301351,-0.008897353,-0.004729509,0.01855063,0.02111059,-0.05059236,-0.02811313,-0.006121633,0.998305,6.673196,-0.8692573,-0.4830283,-0.1051794,0.0167235,1.102875,-0.03814853,1.103661,0.02322478,0.05866679,-0.006262224,0.9979878,7.270685,0.3662862,0.9252547,-0.09876375,False
1773055723827,14.56751,0.1395153,0.9250082,0.2211915,0.961265,-0.5467308,-0.3458141,-0.2559312,0.7183295,88.16653,-0.7858682,-0.4970715,-0.3678742,0.0400921,0.99106,0.2695628,1.027848,0.04580779,1.021154,0.273358,1.058102,0.05671111,1.013077,0.2847143,1.053851,-0.0258063,-0.09075736,0.09855059,0.1364371,-0.01853711,-0.08004273,0.1285763,0.1525855,-0.002008247,-0.08106843,0.1197953,0.1446618,-0.02578613,-0.0907623,0.09856798,0.1364491,-0.01841352,-0.08021213,0.1282707,0.1524021,-0.001906936,-0.08146739,0.1201435,0.1451725,-0.01828742,-0.08612592,0.1104959,0.141285,-0.1634605,0.3888935,-0.02420414,0.9063424,49.9906,-0.3868485,0.9203624,-0.05728195,2.909958,-0.002447783,-0.07629652,0.1042968,0.1292477,0.761954,0.3700047,0.3311151,-0.4157954,229.1388,0.8378107,0.4068407,0.3640794,0.3881908,True,False,True,-0.1045479,0.5964334,0.1246979,0.6182335,-0.1032832,-0.2388626,-0.3338342,-0.9059978,309.916,-0.2440053,-0.5643103,-0.7886795,0.0141767,0.5827758,0.1788499,0.609767,0.01182225,0.5499454,0.2123913,0.5896522,-0.03479953,0.5623547,0.16651,0.5875197,0.05304723,-0.06092411,0.1131055,0.1389914,0.0157108,-0.073507,0.1435357,0.1620266,0.009251824,-0.05298066,0.07636859,0.09340615,0.0530016,-0.06084179,0.1131651,0.1389864,0.01572019,-0.07349962,0.143541,0.1620288,0.009236388,-0.05305109,0.07644992,0.09351106,0.02154219,-0.06193385,0.1081571,0.1264825,-0.8991767,-0.09942537,0.4087956,0.120341,166.1764,-0.9057593,-0.1001532,0.4117883,14.18218,0,0,0,0,0,0,0,0,0,1,0,0,0.3605846,False,True,False,0.05866477,1.004708,0.2820842,1.045204,0.7548089,0.3951152,0.4056493,0.3310533,141.3346,0.7999144,0.4187262,0.4298899,-0.008664768,-0.004708409,0.01791579,0.02045049,-0.05067292,-0.02859399,-0.006537149,0.9982846,6.712977,-0.8654867,-0.4883816,-0.1116536,0.0166817,1.102935,-0.03819672,1.103722,0.0229908,0.05827421,-0.00635743,0.9980156,7.220313,0.3651219,0.9254655,-0.1009637,False
1773055723841,14.5814,0.1392961,0.9250155,0.221747,0.9613682,-0.5466305,-0.3456851,-0.2553133,0.7186877,88.10751,-0.7861421,-0.4971504,-0.3671814,0.03987474,0.9909634,0.2702489,1.027927,0.0455436,1.021111,0.2739964,1.058214,0.05655653,1.012803,0.285258,1.053727,-0.02578372,-0.09075222,0.09855311,0.1364312,-0.01856649,-0.08000965,0.128625,0.1526127,-0.002047699,-0.08098115,0.1195646,0.1444224,-0.02578563,-0.09076021,0.0985649,0.1364454,-0.01844531,-0.08017003,0.1283446,0.152446,-0.001936172,-0.0813659,0.1200231,0.1450162,-0.01830242,-0.08607484,0.1105288,0.1412815,-0.1642184,0.3899764,-0.0211313,0.9058169,50.13293,-0.38761,0.9204736,-0.04987686,2.92391,-0.002461927,-0.07624829,0.1043278,0.1292445,0.7619539,0.3700046,0.331115,-0.4157954,229.1388,0.8378109,0.4068407,0.3640794,0.3935893,True,False,True,-0.1045902,0.5964288,0.124693,0.6182352,-0.1033264,-0.2386901,-0.3337822,-0.9060575,309.9322,-0.2441812,-0.5640732,-0.7887951,0.01412734,0.5827279,0.1788513,0.6097206,0.01174721,0.5499052,0.2124139,0.5896214,-0.03488131,0.5623488,0.1665062,0.5875179,0.05305765,-0.06095083,0.1130871,0.1389922,0.01571294,-0.07350825,0.1435369,0.1620284,0.009256018,-0.05295911,0.07634383,0.0933741,0.05301324,-0.06086443,0.1131489,0.1389876,0.01571869,-0.07350141,0.1435401,0.1620287,0.009240463,-0.05303198,0.07642788,0.09348261,0.02154459,-0.06193177,0.108144,0.1264707,-0.8991957,-0.09908907,0.4087695,0.1205655,166.1505,-0.9058031,-0.09981719,0.4117732,14.19021,0,0,0,0,0,0,0,0,0,1,0,0,0.3607845,False,True,False,0.05844125,1.004676,0.2827134,1.045331,0.7548535,0.3955961,0.4054662,0.330601,141.3895,0.7998273,0.4191656,0.4296236,-0.008441251,-0.004676342,0.01728657,0.01979768,-0.05075127,-0.02911055,-0.00698207,0.9982626,6.755888,-0.861331,-0.494053,-0.118497,0.01663982,1.102995,-0.03824474,1.103783,0.0227168,0.05805899,-0.006333837,0.9980346,7.185627,0.3625104,0.9264943,-0.1010742,False
1773055723855,14.59522,0.1390834,0.9250165,0.222286,0.9614629,-0.5465289,-0.3455489,-0.2546535,0.7190646,88.0454,-0.7864366,-0.4972331,-0.3664377,0.039666,0.9908558,0.2709283,1.027994,0.0452836,1.021056,0.2746243,1.058313,0.0564072,1.012522,0.2857919,1.053594,-0.02575671,-0.0907465,0.09855706,0.1364252,-0.0185958,-0.07997627,0.1286739,0.1526401,-0.002086137,-0.0808937,0.119339,0.1441872,-0.02577965,-0.09075738,0.09856328,0.1364412,-0.01847645,-0.08012992,0.1284129,0.1524863,-0.001967184,-0.08126777,0.1198815,0.1448444,-0.01831283,-0.086022,0.1105638,0.1412781,-0.1650002,0.3912354,-0.01800005,0.9051993,50.29973,-0.3882473,0.9205813,-0.04235432,2.937356,-0.002471755,-0.07619844,0.1043609,0.1292421,0.7619541,0.3700047,0.3311151,-0.4157955,229.1388,0.8378108,0.4068407,0.3640794,0.398517,True,False,True,-0.1046346,0.5964218,0.1246878,0.6182349,-0.1033686,-0.2385033,-0.3337262,-0.9061224,309.9498,-0.2443613,-0.5638171,-0.7889221,0.01407421,0.5826752,0.1788551,0.6096701,0.01166748,0.5498614,0.2124395,0.5895882,-0.0349674,0.5623401,0.1665036,0.5875139,0.05306789,-0.06097842,0.1130683,0.1389928,0.0157158,-0.07350936,0.1435384,0.1620305,0.009260313,-0.05293693,0.07631849,0.09334122,0.05302454,-0.060888,0.1131322,0.1389887,0.01571809,-0.07350305,0.1435398,0.1620291,0.009244566,-0.05301232,0.07640525,0.09345336,0.02154684,-0.06192959,0.1081305,0.1264585,-0.8992166,-0.09873784,0.4087402,0.1207967,166.1238,-0.9058499,-0.09946621,0.4117554,14.19817,0,0,0,0,0,0,0,0,0,1,0,0,0.3609909,False,True,False,0.05822789,1.004635,0.2833333,1.045447,0.7548989,0.3961125,0.4052666,0.3301233,141.4475,0.7997338,0.4196384,0.4293362,-0.008227888,-0.004634738,0.01666674,0.01915618,-0.05082754,-0.02966307,-0.007456488,0.998239,6.801637,-0.856827,-0.5000462,-0.125698,0.01659794,1.103054,-0.03829276,1.103843,0.02244281,0.05784377,-0.006310244,0.9980534,7.151102,0.3598656,0.9275121,-0.1011834,True
1773055723868,14.60936,0.1386614,0.9249947,0.2231911,0.9615906,-0.5469267,-0.3456479,-0.2544016,0.7188036,88.08841,-0.7867036,-0.4971827,-0.3659333,0.03926253,0.9908724,0.2718,1.028224,0.04485763,1.021112,0.2754191,1.058555,0.05600674,1.012531,0.286587,1.053797,-0.02572828,-0.0907514,0.0985493,0.1364175,-0.01861664,-0.07995981,0.1286992,0.1526553,-0.002098114,-0.08087151,0.1192966,0.1441398,-0.02576883,-0.09075612,0.09856034,0.1364362,-0.01850599,-0.08009405,0.1284735,0.152522,-0.00199476,-0.08118392,0.1197583,0.1446957,-0.0183193,-0.08597602,0.1105962,0.1412763,-0.1657129,0.3922537,-0.01533311,0.9046775,50.44025,-0.3889087,0.9205734,-0.03598502,2.949366,-0.002477864,-0.07615501,0.1043915,0.1292413,0.761954,0.3700047,0.3311151,-0.4157955,229.1388,0.8378107,0.4068407,0.3640794,0.3902081,True,False,True,-0.1046189,0.5964361,0.1246626,0.618241,-0.1034071,-0.238505,-0.3337845,-0.9060962,309.9427,-0.2444198,-0.563746,-0.7889549,0.01409794,0.582674,0.1788026,0.6096541,0.01169488,0.5498826,0.2124077,0.589597,-0.03496343,0.5623749,0.1664644,0.5875358,0.0530645,-0.06100762,0.113051,0.1389903,0.0157207,-0.07350847,0.1435419,0.1620336,0.00926403,-0.05291643,0.07630136,0.09331596,0.05303296,-0.06091319,0.1131151,0.138989,0.01571864,-0.07350419,0.1435402,0.16203,0.009248663,-0.05299212,0.07638336,0.09342441,0.02154797,-0.06192738,0.1081172,0.1264462,-0.8992425,-0.09836079,0.4087026,0.1210386,166.0959,-0.9059029,-0.09908931,0.4117297,14.20488,0,0,0,0,0,0,0,0,0,1,0,0,0.3609653,False,True,False,0.05802365,1.004584,0.2839446,1.045553,0.7549447,0.3966645,0.4050508,0.3296203,141.5085,0.7996334,0.4201449,0.4290277,-0.008023653,-0.004584432,0.01605538,0.01852488,-0.05090151,-0.03025138,-0.007960625,0.9982137,6.850282,-0.8519914,-0.5063487,-0.1332452,0.01652884,1.103124,-0.03835811,1.103915,0.0223555,0.05813735,-0.006282361,0.9980385,7.178538,0.3570973,0.9286614,-0.1003518,True
1773055723883,14.62318,0.1383129,0.925089,0.22388,0.9617912,-0.5472756,-0.3459495,-0.2541664,0.7184761,88.14239,-0.7868223,-0.4973743,-0.3654169,0.03888019,0.9910066,0.272366,1.028489,0.04447536,1.021247,0.2759601,1.05881,0.05563898,1.012644,0.2871299,1.054034,-0.02575091,-0.09073853,0.09855556,0.1364177,-0.01862588,-0.07994743,0.1287,0.1526506,-0.002106729,-0.08085163,0.1192533,0.1440929,-0.02576512,-0.09075248,0.09855935,0.1364324,-0.0185308,-0.08006369,0.1285205,0.1525487,-0.002017922,-0.08111487,0.1196539,0.1445709,-0.01832658,-0.08593626,0.1106231,0.1412741,-0.1662884,0.3931855,-0.01318433,0.9042011,50.5682,-0.3893367,0.9205784,-0.03086891,2.959123,-0.002484724,-0.0761175,0.1044168,0.1292398,0.761954,0.3700047,0.331115,-0.4157954,229.1388,0.8378108,0.4068407,0.3640794,0.3842196,True,False,True,-0.1045806,0.596468,0.1246038,0.6182534,-0.1034938,-0.2384703,-0.3338096,-0.9060862,309.9399,-0.2446123,-0.5636356,-0.7889743,0.01414445,0.5826936,0.1787164,0.6096486,0.01174068,0.5499026,0.2123424,0.5895931,-0.03493898,0.5624151,0.1663955,0.5875534,0.0530786,-0.06102362,0.1130323,0.1389875,0.01572865,-0.07350849,0.1435477,0.1620396,0.009267053,-0.05289668,0.07629003,0.09329579,0.0530424,-0.06093603,0.113098,0.1389887,0.01572071,-0.07350508,0.1435418,0.162032,0.009252464,-0.05297238,0.07636405,0.0933978,0.02155011,-0.06192489,0.108106,0.1264358,-0.8992562,-0.09800719,0.4086888,0.1212696,166.0692,-0.9059424,-0.09873589,0.4117274,14.21153,0,0,0,0,0,0,0,0,0,1,0,0,0.3607983,False,True,False,0.05762798,1.004665,0.2847499,1.045828,0.7547853,0.3969328,0.404788,0.3299852,141.4643,0.7995725,0.4204858,0.4288072,-0.007627983,-0.004665375,0.01525012,0.01767818,-0.05036123,-0.03033464,-0.007971605,0.9982385,6.802558,-0.8488513,-0.5112981,-0.1343634,0.01641713,1.103229,-0.038559,1.104025,0.02208471,0.05740588,-0.006013406,0.9980886,7.08619,0.3573612,0.9289065,-0.09730523,True
1773055723897,14.63703,0.1381853,0.924975,0.2241855,0.9617344,-0.5475229,-0.34616,-0.253976,0.7182536,88.17903,-0.786918,-0.4975126,-0.3650227,0.03872108,0.990928,0.2725672,1.02846,0.04432588,1.021153,0.2761623,1.058765,0.05550012,1.012536,0.2873293,1.053977,-0.02578833,-0.09071866,0.09856887,0.1364212,-0.01863141,-0.07993674,0.1286933,0.15264,-0.002115222,-0.08083272,0.1192171,0.1440525,-0.02576993,-0.09074548,0.09856132,0.1364301,-0.01855165,-0.08003736,0.1285564,0.1525677,-0.002038082,-0.08105615,0.1195635,0.1444634,-0.0183359,-0.08590031,0.1106458,0.1412712,-0.1667447,0.3940987,-0.01142054,0.9037434,50.69087,-0.3895224,0.9206308,-0.02667885,2.966959,-0.002493518,-0.07608358,0.1044382,0.1292373,0.7619541,0.3700047,0.3311151,-0.4157955,229.1388,0.8378108,0.4068407,0.3640794,0.3793838,True,False,True,-0.1045846,0.5965016,0.1245269,0.618271,-0.1035613,-0.2383959,-0.333919,-0.9060578,309.9323,-0.2447365,-0.5633786,-0.7891193,0.01413836,0.58273,0.1786348,0.6096594,0.01174305,0.5499385,0.2122647,0.5895987,-0.03494539,0.5624558,0.1663177,0.5875707,0.05308104,-0.06103304,0.1130208,0.1389832,0.01573627,-0.07351112,0.14355,0.1620435,0.009267649,-0.05289043,0.07628779,0.09329049,0.0530504,-0.06095612,0.113082,0.1389875,0.01572393,-0.07350633,0.1435435,0.1620344,0.009255609,-0.0529554,0.07634825,0.09337556,0.02155223,-0.06192313,0.1080969,0.1264275,-0.8992622,-0.09769904,0.4086887,0.1214743,166.0456,-0.9059713,-0.09842794,0.4117378,14.21695,0,0,0,0,0,0,0,0,0,1,0,0,0.3601368,False,True,False,0.05726293,1.004845,0.2853027,1.046131,0.7544939,0.3972317,0.4046825,0.330421,141.4113,0.7993929,0.4208705,0.4287646,-0.007262927,-0.004845381,0.01469731,0.01709499,-0.04976938,-0.03023349,-0.00808929,0.9982703,6.740917,-0.8465363,-0.5142469,-0.1375922,0.01634957,1.103333,-0.0384883,1.104125,0.02171058,0.05717447,-0.005917465,0.9981106,7.04529,0.3533452,0.9305291,-0.09630825,True
1773055723911,14.65097,0.1380831,0.9248796,0.2244315,0.9616853,-0.5477885,-0.346392,-0.2537807,0.7180082,88.21945,-0.7870132,-0.4976649,-0.3646093,0.03858463,0.9908727,0.2726983,1.028437,0.04420071,1.021076,0.2762972,1.058721,0.05538438,1.012448,0.2874607,1.053922,-0.02582888,-0.09069669,0.09858413,0.1364253,-0.01863503,-0.0799272,0.1286825,0.1526264,-0.002123738,-0.08081446,0.1191773,0.1440095,-0.02578221,-0.09073532,0.09856607,0.1364291,-0.01856903,-0.0800144,0.1285828,0.15258,-0.002055922,-0.0810056,0.1194831,0.1443688,-0.01834701,-0.08586717,0.1106647,0.1412673,-0.1671002,0.3950198,-0.009956797,0.9032928,50.81136,-0.3894885,0.9207391,-0.02320798,2.973158,-0.00250401,-0.07605228,0.104456,0.1292334,0.761954,0.3700047,0.331115,-0.4157954,229.1388,0.8378108,0.4068407,0.3640794,0.3758505,True,False,True,-0.1045904,0.596535,0.1244472,0.6182882,-0.1036294,-0.238315,-0.3340392,-0.9060269,309.9239,-0.2448592,-0.5630996,-0.7892802,0.01412923,0.5827683,0.1785528,0.6096717,0.01174419,0.5499758,0.2121849,0.5896047,-0.034952,0.5624959,0.1662385,0.587587,0.05308259,-0.06104113,0.1130099,0.1389785,0.01574459,-0.073514,0.1435524,0.1620478,0.009267889,-0.05288563,0.07628725,0.09328734,0.0530571,-0.06097382,0.113067,0.1389856,0.01572823,-0.07350793,0.1435453,0.1620372,0.009258164,-0.05294087,0.07633554,0.09335718,0.02155432,-0.06192203,0.1080896,0.1264211,-0.8992614,-0.09743068,0.4087006,0.121656,166.0246,-0.9059907,-0.09815978,0.411759,14.22126,0,0,0,0,0,0,0,0,0,1,0,0,0.3595503,False,True,False,0.05712529,1.004795,0.2855073,1.046131,0.7542871,0.3974639,0.4045985,0.3307167,141.3754,0.7992615,0.4211627,0.4287227,-0.007125292,-0.004794598,0.01449269,0.01684625,-0.04934752,-0.03018132,-0.008189419,0.998292,6.698379,-0.8446869,-0.516617,-0.1401792,0.01628886,1.103408,-0.03841347,1.104196,0.02148195,0.057144,-0.005832701,0.9981179,7.031715,0.3502967,0.9318224,-0.0951113,True
1773055723924,14.66485,0.1379306,0.9248953,0.2247087,0.9617433,-0.547941,-0.3464233,-0.2536403,0.7179264,88.23292,-0.7871369,-0.4976495,-0.3643634,0.03842701,0.9909244,0.2729287,1.028542,0.04405549,1.021095,0.276537,1.058796,0.05524977,1.012457,0.2876875,1.053985,-0.02585832,-0.09067336,0.098605,0.1364304,-0.01863648,-0.07991693,0.1286691,0.1526099,-0.002132337,-0.08079248,0.1191425,0.1439684,-0.025798,-0.09072248,0.09857415,0.1364294,-0.01858303,-0.07999416,0.1286007,0.1525862,-0.002071782,-0.08096119,0.1194124,0.1442856,-0.01835812,-0.08583622,0.110681,0.1412628,-0.1673822,0.3959176,-0.008734232,0.90286,50.92682,-0.3893201,0.9208788,-0.02031526,2.977654,-0.002514495,-0.07602305,0.1044715,0.1292289,0.761954,0.3700047,0.331115,-0.4157954,229.1388,0.8378107,0.4068407,0.3640793,0.3730671,True,False,True,-0.1045866,0.5965812,0.1243867,0.61832,-0.1037306,-0.2382765,-0.3340983,-0.9060037,309.9176,-0.2450698,-0.5629424,-0.7893271,0.01413229,0.5828005,0.1784839,0.6096824,0.01176262,0.5500168,0.2121266,0.5896224,-0.03494916,0.5625394,0.166171,0.5876094,0.05307761,-0.06104935,0.1130043,0.1389756,0.01575372,-0.07350952,0.1435703,0.1620626,0.009267273,-0.05288126,0.07628645,0.09328415,0.05306136,-0.0609895,0.113054,0.1389835,0.01573352,-0.07350826,0.1435505,0.1620424,0.009260054,-0.0529285,0.07632535,0.09334202,0.02155537,-0.06192101,0.1080851,0.1264169,-0.8992631,-0.09717762,0.4087119,0.1218068,166.0072,-0.9060096,-0.09790666,0.4117781,14.2247,0,0,0,0,0,0,0,0,0,1,0,0,0.358899,False,True,False,0.05700836,1.004762,0.2856444,1.04613,0.7540615,0.3977063,0.4045146,0.3310423,141.3359,0.7991191,0.4214705,0.4286856,-0.007008355,-0.004761696,0.01435566,0.0166696,-0.04889258,-0.03011352,-0.008292356,0.9983156,6.652038,-0.8427259,-0.5190448,-0.1429293,0.01624902,1.10345,-0.03838584,1.104237,0.02150186,0.05721214,-0.005675132,0.9981143,7.038283,0.3502967,0.9320695,-0.09245622,True
1773055723938,14.67861,0.1377689,0.9249107,0.2250024,0.9618036,-0.548093,-0.3464448,-0.2535022,0.7178486,88.24571,-0.7872648,-0.4976232,-0.3641232,0.03826199,0.990979,0.2731763,1.028654,0.04390424,1.021112,0.276797,1.058874,0.05510841,1.012463,0.2879325,1.054051,-0.02588876,-0.09064811,0.0986281,0.1364361,-0.01863611,-0.07990749,0.128652,0.1525905,-0.002141019,-0.0807704,0.1191054,0.1439255,-0.0258167,-0.09070716,0.09858526,0.1364307,-0.01859398,-0.07997628,0.1286113,0.1525871,-0.002086055,-0.08092171,0.1193491,0.1442113,-0.01836912,-0.08580694,0.1106951,0.1412574,-0.1676018,0.3968063,-0.007702517,0.9024385,51.03907,-0.3890309,0.9210517,-0.01787879,2.980642,-0.002524867,-0.07599541,0.1044848,0.1292236,0.7619539,0.3700046,0.331115,-0.4157954,229.1388,0.8378108,0.4068407,0.3640794,0.3710575,True,False,True,-0.1045837,0.596628,0.1243251,0.6183521,-0.1038365,-0.2382379,-0.3341585,-0.9059795,309.9111,-0.24529,-0.5627823,-0.7893727,0.01413368,0.5828325,0.178415,0.6096928,0.01178163,0.5500587,0.212068,0.5896407,-0.03494601,0.5625819,0.1661026,0.5876306,0.05307098,-0.06105653,0.1129998,0.1389726,0.01576367,-0.07350417,0.1435905,0.1620789,0.009266252,-0.05287807,0.07628691,0.09328262,0.05306334,-0.06100331,0.1130428,0.1389813,0.01573973,-0.07350741,0.1435587,0.16205,0.009261331,-0.0529181,0.07631742,0.09332977,0.02155546,-0.06192006,0.1080831,0.1264148,-0.8992677,-0.09693836,0.4087222,0.1219293,165.9931,-0.9060277,-0.09766706,0.4117946,14.22733,0,0,0,0,0,0,0,0,0,1,0,0,0.358348,False,True,False,0.0568684,1.004819,0.2858748,1.04624,0.7540002,0.3978465,0.4043965,0.3311576,141.3219,0.7990885,0.4216373,0.4285789,-0.006868396,-0.004818678,0.0141252,0.01642911,-0.04868126,-0.03018218,-0.008327176,0.9983236,6.636362,-0.841059,-0.5214531,-0.1438674,0.01621124,1.103465,-0.03840084,1.104252,0.02125057,0.05712842,-0.005714091,0.9981243,7.019676,0.3471184,0.933167,-0.0933371,True
1773055723952,14.69274,0.1375965,0.9249259,0.2253159,0.9618669,-0.5482447,-0.3464571,-0.2533665,0.7177748,88.25786,-0.7873964,-0.4975864,-0.3638884,0.03808777,0.9910365,0.2734442,1.028774,0.04374522,1.021125,0.2770803,1.058954,0.05495858,1.012468,0.2881989,1.054121,-0.02592016,-0.09062103,0.09865365,0.1364425,-0.01863399,-0.07989892,0.1286312,0.1525682,-0.002149776,-0.08074825,0.1190661,0.1438806,-0.02583848,-0.09068904,0.09859964,0.1364332,-0.0186024,-0.07995997,0.1286155,0.1525831,-0.002099472,-0.08088505,0.1192895,0.1441415,-0.01838026,-0.08577802,0.1107077,0.1412512,-0.1677744,0.3977259,-0.006793468,0.9020087,51.15326,-0.3886205,0.9212636,-0.0157359,2.98234,-0.002535396,-0.07596814,0.1044967,0.1292174,0.7619539,0.3700047,0.331115,-0.4157954,229.1388,0.8378107,0.4068407,0.3640794,0.3694988,True,False,True,-0.1045814,0.5966753,0.1242622,0.6183848,-0.103947,-0.2381994,-0.3342197,-0.9059544,309.9043,-0.2455198,-0.56262,-0.7894171,0.01413357,0.5828642,0.1783462,0.6097031,0.01180121,0.5501013,0.2120092,0.5896598,-0.03494244,0.5626234,0.1660332,0.5876505,0.05306277,-0.06106279,0.1129964,0.1389695,0.01577425,-0.07349802,0.1436127,0.1620969,0.009264803,-0.05287616,0.07628866,0.09328282,0.05306322,-0.06101583,0.113033,0.1389788,0.01574699,-0.07350544,0.1435701,0.1620598,0.009262062,-0.05290927,0.07631136,0.09331989,0.02155463,-0.06191916,0.1080834,0.1264144,-0.899275,-0.09670456,0.4087318,0.1220287,165.9816,-0.9060463,-0.09743272,0.4118095,14.22928,0,0,0,0,0,0,0,0,0,1,0,0,0.3578681,False,True,False,0.05672045,1.004873,0.2861246,1.046353,0.753946,0.3979822,0.4042735,0.3312681,141.3085,0.7990638,0.4217983,0.4284662,-0.00672045,-0.004873037,0.01387542,0.01616906,-0.04847599,-0.03025739,-0.0083559,0.998331,6.621477,-0.8393966,-0.5239283,-0.1446884,0.01614983,1.10349,-0.03838837,1.104276,0.02125537,0.05711631,-0.00550735,0.998126,7.016439,0.3473572,0.9333997,-0.09000159,True
1773055723966,14.7066,0.137404,0.9248326,0.2256212,0.9618213,-0.5484273,-0.3464862,-0.2532733,0.7176542,88.27772,-0.787518,-0.4975393,-0.3636896,0.03788891,0.9910021,0.2736776,1.028796,0.04356706,1.021054,0.2773389,1.058946,0.05479088,1.012355,0.2884406,1.054069,-0.02596601,-0.09058931,0.09868292,0.1364514,-0.01863458,-0.07988827,0.1286238,0.1525564,-0.002161181,-0.08073028,0.1190047,0.14382,-0.02586492,-0.09066837,0.0986169,0.136437,-0.01860908,-0.07994509,0.1286173,0.1525776,-0.002112268,-0.08085285,0.1192304,0.1440748,-0.01839265,-0.08574937,0.1107205,0.1412454,-0.1678846,0.3987208,-0.006004552,0.9015545,51.27369,-0.388024,0.921545,-0.01387804,2.983494,-0.002547106,-0.07594108,0.1045087,0.1292115,0.7619539,0.3700047,0.331115,-0.4157954,229.1388,0.8378107,0.4068407,0.3640794,0.369173,True,False,True,-0.1045492,0.5967336,0.1242696,0.6184371,-0.1040019,-0.238084,-0.3341635,-0.9059992,309.9164,-0.2457049,-0.5624747,-0.7894631,0.01414354,0.5828755,0.1783864,0.6097258,0.01181667,0.5501314,0.21204,0.5896992,-0.03491246,0.5626507,0.1660562,0.5876814,0.0530384,-0.0610664,0.1130038,0.1389678,0.01578003,-0.07349507,0.1436247,0.1621067,0.009261346,-0.05289012,0.07630224,0.09330149,0.05305808,-0.06102632,0.113027,0.1389765,0.01575384,-0.07350329,0.1435814,0.1620695,0.009261914,-0.0529053,0.07630947,0.09331607,0.02155186,-0.06191964,0.1080858,0.1264162,-0.8992888,-0.09651602,0.4087291,0.122086,165.975,-0.9060665,-0.09724344,0.4118096,14.22867,0,0,0,0,0,0,0,0,0,1,0,0,0.3574413,False,True,False,0.05656337,1.004926,0.2863959,1.046469,0.7538985,0.3981137,0.4041459,0.3313739,141.2956,0.7990449,0.4219543,0.4283477,-0.006563369,-0.004925966,0.0136041,0.01588756,-0.04827651,-0.03033898,-0.008378956,0.998338,6.607625,-0.8376883,-0.5264384,-0.1453907,0.01609731,1.103531,-0.03842575,1.104317,0.02092825,0.05686282,-0.005661369,0.9981466,6.977825,0.3439024,0.9343954,-0.09303016,True
1773055723980,14.72035,0.1372008,0.924732,0.225943,0.961771,-0.548613,-0.3465096,-0.2531868,0.7175314,88.2979,-0.7876416,-0.4974825,-0.3634994,0.03768019,0.9909649,0.273925,1.028818,0.0433808,1.020976,0.2776149,1.058935,0.05461472,1.012232,0.2886983,1.054013,-0.02601434,-0.09055553,0.09871458,0.136461,-0.0186341,-0.07987805,0.1286149,0.1525435,-0.002172918,-0.08071267,0.118939,0.1437559,-0.0258957,-0.09064514,0.09863701,0.1364419,-0.01861423,-0.07993127,0.1286168,0.1525706,-0.002124761,-0.08082388,0.1191704,0.144009,-0.01840621,-0.08572044,0.1107337,0.14124,-0.1679432,0.3998027,-0.005299977,0.9010687,51.4022,-0.3872546,0.9218917,-0.01222104,2.984177,-0.00255989,-0.07591376,0.1045212,0.1292058,0.7619539,0.3700046,0.331115,-0.4157954,229.1388,0.8378109,0.4068407,0.3640794,0.3691555,True,False,True,-0.1045161,0.5967928,0.1242798,0.6184907,-0.1040542,-0.23796,-0.3340951,-0.9060509,309.9304,-0.245893,-0.5623289,-0.789508,0.01415148,0.5828834,0.1784349,0.6097477,0.01183026,0.5501601,0.2120763,0.5897393,-0.03488087,0.5626748,0.1660847,0.5877106,0.05301069,-0.061069,0.1130133,0.1389661,0.01578587,-0.07349182,0.1436369,0.1621167,0.009257305,-0.05290699,0.0763183,0.0933238,0.05304832,-0.06103511,0.1130242,0.1389744,0.01576043,-0.07350093,0.1435928,0.1620792,0.009260966,-0.05290565,0.07631129,0.09331767,0.02154732,-0.06192136,0.1080901,0.12642,-0.8993084,-0.09636523,0.4087153,0.1221061,165.9727,-0.9060887,-0.09709176,0.4117967,14.22575,0,0,0,0,0,0,0,0,0,1,0,0,0.3574707,False,True,False,0.05638694,1.004882,0.2866453,1.046486,0.7538384,0.3982126,0.4040218,0.3315431,141.2751,0.7990315,0.4220857,0.4282432,-0.006386939,-0.004882097,0.01335475,0.01558772,-0.04804062,-0.03037507,-0.008359127,0.9983484,6.586852,-0.8362256,-0.5287277,-0.1455043,0.0160462,1.10358,-0.03845878,1.104366,0.02064292,0.05688422,-0.005504832,0.9981522,6.967267,0.3397254,0.9361569,-0.0905943,True
1773055723993,14.73418,0.1369517,0.9245831,0.2265059,0.9617248,-0.5487009,-0.3465394,-0.2532102,0.7174416,88.31269,-0.7876633,-0.4974592,-0.3634846,0.03742243,0.9908725,0.2744149,1.02885,0.04314499,1.020852,0.2781388,1.058943,0.05439008,1.012064,0.2892067,1.05398,-0.02606216,-0.09052261,0.09874482,0.1364702,-0.01863674,-0.0798654,0.1286145,0.1525369,-0.002182713,-0.08069043,0.1188874,0.1437008,-0.02593016,-0.09061979,0.09865931,0.1364477,-0.01861889,-0.07991763,0.1286163,0.1525636,-0.002136757,-0.08079617,0.1191117,0.1439451,-0.01842099,-0.08569087,0.1107478,0.141235,-0.1679626,0.4009349,-0.004649595,0.9005656,51.53502,-0.3863691,0.9222819,-0.0106956,2.984768,-0.002573838,-0.07588582,0.1045346,0.1292005,0.7619539,0.3700047,0.331115,-0.4157954,229.1388,0.8378107,0.4068407,0.3640794,0.3686165,True,False,True,-0.1044764,0.5968234,0.1243025,0.6185181,-0.1041229,-0.2378036,-0.3340096,-0.9061157,309.9479,-0.2461359,-0.5621436,-0.7895648,0.01417211,0.5828811,0.1784903,0.6097623,0.01184233,0.5501487,0.2121229,0.5897456,-0.03484183,0.5626585,0.1661264,0.5877045,0.05301282,-0.06105968,0.1130171,0.1389659,0.0157922,-0.07349154,0.1436431,0.1621226,0.009252968,-0.0529323,0.07633588,0.09335209,0.05304097,-0.06104019,0.1130227,0.1389726,0.015767,-0.07349899,0.1436032,0.1620882,0.009259311,-0.05291116,0.07631638,0.09332479,0.02154449,-0.06192463,0.1080963,0.1264264,-0.8993123,-0.09627974,0.4087359,0.1220764,165.9761,-0.9060892,-0.09700528,0.411816,14.22289,0,0,0,0,0,0,0,0,0,1,0,0,0.3572615,False,True,False,0.05620086,1.004833,0.2869102,1.046501,0.7537824,0.3983043,0.4038943,0.3317156,141.2541,0.7990235,0.42221,0.4281356,-0.006200861,-0.004832745,0.01308978,0.0152692,-0.04780559,-0.03041115,-0.008329733,0.9983589,6.565894,-0.8347846,-0.5310417,-0.1454544,0.01599075,1.103601,-0.03847283,1.104387,0.02066348,0.05690796,-0.005775881,0.9981489,6.973559,0.3397568,0.935702,-0.09496921,True
1773055724008,14.74812,0.1366814,0.9244184,0.2271197,0.9616728,-0.5487797,-0.3465652,-0.2532524,0.7173539,88.3271,-0.7876743,-0.4974319,-0.3634981,0.03714376,0.9907671,0.274954,1.028882,0.04288954,1.020712,0.2787154,1.05895,0.05414563,1.01188,0.2897671,1.053944,-0.02611193,-0.09048811,0.09877664,0.1364799,-0.0186389,-0.07985284,0.128614,0.1525301,-0.002192488,-0.08066799,0.1188342,0.1436443,-0.02596802,-0.09059237,0.09868373,0.1364544,-0.01862306,-0.07990413,0.1286158,0.1525566,-0.002148364,-0.0807694,0.1190539,0.1438824,-0.01843685,-0.08566055,0.1107629,0.1412305,-0.1679465,0.4021208,-0.004040969,0.9000425,51.67268,-0.3853734,0.9227142,-0.009272487,2.985274,-0.002588836,-0.07585721,0.1045488,0.1291955,0.761954,0.3700047,0.331115,-0.4157955,229.1388,0.8378107,0.4068407,0.3640793,0.3682405,True,False,True,-0.1044356,0.5968531,0.1243283,0.6185451,-0.1041915,-0.2376363,-0.3339121,-0.9061876,309.9674,-0.2463879,-0.5619527,-0.7896219,0.01419242,0.5828769,0.1785525,0.609777,0.0118523,0.5501329,0.2121744,0.5897497,-0.03480087,0.5626365,0.1661735,0.5876943,0.05301612,-0.06104798,0.113022,0.138966,0.01579861,-0.07349144,0.1436486,0.1621281,0.009248086,-0.05296113,0.07635574,0.09338419,0.0530358,-0.06104181,0.1130226,0.1389712,0.01577358,-0.07349741,0.1436127,0.1620965,0.009256976,-0.05292156,0.07632457,0.09333716,0.02154324,-0.06192936,0.1081042,0.1264353,-0.8993014,-0.09625538,0.4087886,0.1219997,165.985,-0.9060696,-0.09697981,0.4118652,14.22004,0,0,0,0,0,0,0,0,0,1,0,0,0.3574371,False,True,False,0.05596414,1.004726,0.2874224,1.046527,0.7537493,0.3982948,0.4038644,0.3318388,141.2392,0.7990251,0.4222194,0.4281236,-0.005964141,-0.00472641,0.01257762,0.01470056,-0.0476951,-0.03036655,-0.008274845,0.9983661,6.551805,-0.8346469,-0.5314036,-0.1448068,0.01592274,1.103616,-0.03845488,1.104401,0.02090401,0.05669389,-0.006083278,0.9981542,6.963444,0.3442112,0.933537,-0.1001689,True
1773055724021,14.76208,0.1363277,0.9241968,0.227719,0.9615514,-0.5488968,-0.3466371,-0.2533014,0.7172123,88.3504,-0.7876776,-0.497431,-0.3634924,0.03678259,0.9906046,0.2754763,1.028853,0.04254656,1.020523,0.2792596,1.058897,0.0538082,1.011642,0.2902983,1.053844,-0.02614604,-0.09046262,0.09880222,0.136488,-0.01863867,-0.07984317,0.1286142,0.1525252,-0.002201979,-0.0806542,0.118777,0.1435894,-0.02600515,-0.09056532,0.09870843,0.1364613,-0.01862631,-0.07989141,0.1286155,0.1525501,-0.002159542,-0.08074532,0.1189961,0.1438212,-0.01845203,-0.08563123,0.1107782,0.1412268,-0.1679161,0.4033054,-0.003481037,0.8995204,51.80981,-0.384354,0.9231518,-0.00796797,2.985704,-0.002603156,-0.07582958,0.1045632,0.1291912,0.7619541,0.3700047,0.3311151,-0.4157955,229.1388,0.8378108,0.4068407,0.3640794,0.3679475,True,False,True,-0.1043878,0.5967852,0.12437,0.6184799,-0.1043005,-0.2375084,-0.3337351,-0.9062738,309.9908,-0.2467535,-0.5618957,-0.7895482,0.01422708,0.5827462,0.1786043,0.609668,0.01186991,0.549998,0.2122209,0.5896409,-0.03475615,0.5625074,0.1662251,0.5875826,0.05302107,-0.06105081,0.1130169,0.138965,0.01580612,-0.07349529,0.1436462,0.1621284,0.00924487,-0.05298834,0.07637104,0.09341181,0.05303273,-0.06104369,0.1130214,0.1389699,0.01578036,-0.07349698,0.1436197,0.1621031,0.009254454,-0.05293548,0.07633426,0.09335271,0.02154356,-0.06193608,0.1081122,0.1264454,-0.8992772,-0.09625101,0.4088709,0.121906,165.9958,-0.9060346,-0.09697428,0.4119433,14.21709,0,0,0,0,0,0,0,0,0,1,0,0,0.358153,False,True,False,0.05570667,1.004605,0.2879854,1.046552,0.7537223,0.398267,0.4038435,0.3319588,141.2246,0.7990323,0.4222088,0.4281205,-0.005706672,-0.004605293,0.0120146,0.0140757,-0.0476003,-0.03031216,-0.008208927,0.9983727,6.538165,-0.8347192,-0.5315542,-0.1439518,0.01585151,1.103644,-0.03843326,1.104427,0.02082558,0.05652697,-0.005983335,0.998166,6.941252,0.344014,0.9337586,-0.09883761,True
1773055724034,14.7758,0.1359788,0.9239756,0.2283096,0.9614294,-0.5490115,-0.3467117,-0.2533665,0.7170655,88.37453,-0.7876713,-0.4974301,-0.363507,0.03642657,0.9904445,0.2759883,1.028823,0.04220905,1.020337,0.279794,1.058845,0.05347537,1.011404,0.2908196,1.053742,-0.02617952,-0.09043714,0.09882816,0.1364963,-0.01863776,-0.07983395,0.1286144,0.1525205,-0.002211478,-0.08064137,0.1187179,0.1435335,-0.02604102,-0.09053897,0.09873304,0.1364685,-0.01862866,-0.0798796,0.1286153,0.152544,-0.002170221,-0.08072389,0.1189388,0.1437619,-0.01846633,-0.08560316,0.1107936,0.1412237,-0.1678735,0.4044759,-0.002967581,0.8990045,51.94497,-0.3833259,0.9235886,-0.006776236,2.986058,-0.002616646,-0.07580306,0.1045778,0.1291877,0.761954,0.3700047,0.331115,-0.4157954,229.1388,0.8378107,0.4068407,0.3640793,0.3678498,True,False,True,-0.1043387,0.5967103,0.1244154,0.6184084,-0.1044148,-0.2373768,-0.3335378,-0.9063677,310.0163,-0.2471415,-0.561852,-0.7894576,0.01426297,0.5826038,0.1786591,0.6095487,0.01188636,0.5498503,0.2122697,0.5895211,-0.03470998,0.5623661,0.1662805,0.5874603,0.05302726,-0.0610538,0.1130112,0.138964,0.01581381,-0.07349988,0.1436422,0.1621277,0.009241476,-0.05301807,0.07638738,0.0934417,0.0530316,-0.06104577,0.1130193,0.1389687,0.01578723,-0.07349757,0.1436243,0.1621082,0.009251787,-0.05295245,0.07634518,0.093371,0.02154531,-0.06194453,0.1081199,0.1264565,-0.8992411,-0.09626511,0.4089789,0.1217977,166.0083,-0.9059862,-0.0969872,0.4120467,14.21409,0,0,0,0,0,0,0,0,0,1,0,0,0.3588563,False,True,False,0.05536103,1.004436,0.288517,1.046518,0.7536573,0.3982459,0.4038284,0.3321497,141.2014,0.7990204,0.4222166,0.4281351,-0.005361032,-0.004436255,0.01148301,0.01342686,-0.04743898,-0.03021234,-0.008136616,0.998384,6.515488,-0.8347873,-0.5316487,-0.1431806,0.0157782,1.103731,-0.03835271,1.10451,0.02066357,0.05637238,-0.005865271,0.9981787,6.917066,0.3425319,0.9344631,-0.09722633,True
1773055724050,14.78993,0.1356408,0.923759,0.2288808,0.9613093,-0.5491238,-0.3467891,-0.2534471,0.7169136,88.39951,-0.7876558,-0.4974297,-0.3635411,0.03608198,0.9902911,0.2764793,1.028795,0.04188327,1.020156,0.2803082,1.058794,0.05315339,1.011169,0.2913204,1.053639,-0.02621234,-0.09041176,0.09885462,0.136505,-0.01863614,-0.0798252,0.1286148,0.152516,-0.002220942,-0.08062959,0.1186569,0.1434766,-0.02607711,-0.09051219,0.09875863,0.1364761,-0.01863024,-0.07986814,0.1286152,0.1525381,-0.002180901,-0.08070399,0.1188794,0.1437018,-0.01848033,-0.08557507,0.1108097,0.1412211,-0.1678191,0.4056844,-0.002472471,0.8984714,52.08427,-0.382248,0.9240428,-0.005631641,2.986355,-0.002629881,-0.07577654,0.104593,0.1291847,0.761954,0.3700047,0.331115,-0.4157954,229.1388,0.8378108,0.4068407,0.3640794,0.3677654,True,False,True,-0.1043669,0.5966121,0.124458,0.618327,-0.1044355,-0.2372469,-0.3333955,-0.9064517,310.039,-0.2472961,-0.5617845,-0.7894576,0.01422183,0.5824693,0.1787142,0.6094354,0.01183029,0.5497175,0.21234,0.5894214,-0.0347425,0.5622213,0.1663409,0.5873407,0.05304123,-0.06105574,0.1130003,0.1389613,0.01582579,-0.07349642,0.1436491,0.1621334,0.009238394,-0.05304367,0.07640004,0.09346627,0.05303363,-0.06104786,0.1130153,0.1389671,0.01579534,-0.07349733,0.1436295,0.1621135,0.009248969,-0.05297165,0.07635672,0.09339105,0.0215489,-0.06195381,0.1081286,0.126469,-0.8991918,-0.09627116,0.409124,0.1216695,166.0231,-0.9059222,-0.09699176,0.4121863,14.21188,0,0,0,0,0,0,0,0,0,1,0,0,0.3591703,False,True,False,0.05501986,1.004269,0.2890397,1.046483,0.7535926,0.398211,0.4038213,0.3323472,141.1774,0.7990106,0.4222107,0.4281591,-0.005019855,-0.004268646,0.01096034,0.01278864,-0.04728171,-0.03009884,-0.008054523,0.9983956,6.492129,-0.8350073,-0.5315532,-0.142245,0.01568566,1.103817,-0.03825554,1.104592,0.02049382,0.05600018,-0.005837766,0.9982034,6.870032,0.3420396,0.9346369,-0.09743167,True
1773055724063,14.80372,0.1352401,0.9233544,0.2298254,0.9610895,-0.5493393,-0.3467629,-0.2535205,0.7167351,88.42884,-0.7877578,-0.4972613,-0.3635509,0.03568223,0.9899632,0.2773415,1.028697,0.04152041,1.019796,0.2812048,1.058671,0.05279472,1.010763,0.292197,1.053475,-0.02626502,-0.09039254,0.09887045,0.1365138,-0.01863322,-0.07982495,0.1286008,0.1525037,-0.0022337,-0.08062032,0.1185888,0.1434152,-0.02611593,-0.09048748,0.09878171,0.1364839,-0.01863085,-0.07985922,0.1286122,0.152531,-0.002191802,-0.08068667,0.1188193,0.1436425,-0.0184959,-0.08554982,0.1108222,0.1412176,-0.1677485,0.4068986,-0.001996625,0.8979366,52.22369,-0.3811384,0.9245072,-0.004536496,2.986532,-0.002644561,-0.07575273,0.1046047,0.1291806,0.761954,0.3700047,0.331115,-0.4157954,229.1388,0.8378108,0.4068407,0.3640794,0.3680986,True,False,True,-0.1043995,0.5965064,0.1245033,0.6182396,-0.104447,-0.2371144,-0.3332448,-0.9065404,310.0631,-0.2474348,-0.5617239,-0.7894568,0.01417623,0.582328,0.1787719,0.6093162,0.01176851,0.5495784,0.2124157,0.5893177,-0.03477965,0.5620677,0.1664055,0.5872142,0.05305728,-0.0610578,0.1129879,0.1389583,0.01583868,-0.07349219,0.1436564,0.1621392,0.009235146,-0.05307053,0.07641311,0.09349188,0.05303851,-0.06104991,0.1130096,0.1389653,0.01580429,-0.07349627,0.143635,0.1621188,0.009246117,-0.05299205,0.07636836,0.09341186,0.02155407,-0.06196347,0.1081376,0.1264824,-0.8991323,-0.09626867,0.4092973,0.1215283,166.0394,-0.9058465,-0.09698755,0.4123537,14.2105,0,0,0,0,0,0,0,0,0,1,0,0,0.3595007,False,True,False,0.05468983,1.004107,0.2895417,1.04645,0.7535276,0.3981627,0.4038219,0.3325513,141.1526,0.7990027,0.4221917,0.4281924,-0.004689831,-0.004107475,0.01045832,0.01217548,-0.04712814,-0.02997193,-0.007963141,0.9984073,6.468202,-0.8353757,-0.5312711,-0.1411517,0.01556741,1.10385,-0.03818847,1.104621,0.02048765,0.0558597,-0.005733639,0.9982119,6.853711,0.3427513,0.9345137,-0.09592182,True
1773055724077,14.8175,0.134834,0.922942,0.2307821,0.9608656,-0.549565,-0.3467268,-0.253606,0.7165493,88.45937,-0.7878656,-0.4970734,-0.3635738,0.03527828,0.9896306,0.278214,1.028599,0.04115577,1.019431,0.2821138,1.058547,0.05243361,1.010351,0.293085,1.053307,-0.02631969,-0.0903741,0.09888542,0.136523,-0.01862958,-0.07982617,0.1285851,0.1524907,-0.002246806,-0.08061218,0.1185183,0.1433525,-0.02615801,-0.09046408,0.09880311,0.1364919,-0.01863059,-0.07985239,0.1286066,0.1525227,-0.002203153,-0.08067127,0.1187571,0.1435825,-0.01851315,-0.08552655,0.1108317,0.1412133,-0.1676618,0.408147,-0.001525136,0.8973869,52.36663,-0.3799748,0.9249906,-0.003456443,2.986609,-0.002660852,-0.07573074,0.1046137,0.1291753,0.761954,0.3700047,0.3311151,-0.4157954,229.1388,0.8378107,0.4068407,0.3640794,0.3684783,True,False,True,-0.1044361,0.5963936,0.1245512,0.6181466,-0.1044496,-0.2369793,-0.3330862,-0.9066337,310.0885,-0.2475586,-0.5616708,-0.7894562,0.01412641,0.5821806,0.178832,0.6091918,0.01170146,0.5494332,0.2124965,0.5892102,-0.03482111,0.5619061,0.1664738,0.5870813,0.05307548,-0.06105973,0.1129743,0.138955,0.0158523,-0.07348737,0.1436643,0.1621454,0.009231882,-0.05309866,0.07642639,0.09351838,0.05304614,-0.06105194,0.1130024,0.1389632,0.01581419,-0.07349444,0.1436411,0.1621243,0.009243182,-0.05301403,0.07638033,0.09343382,0.0215608,-0.06197368,0.1081472,0.1264967,-0.8990621,-0.09625829,0.4095006,0.1213718,166.0574,-0.9057583,-0.09697521,0.4125505,14.20986,0,0,0,0,0,0,0,0,0,1,0,0,0.3598166,False,True,False,0.05432153,1.003777,0.2904221,1.046358,0.7535172,0.3981012,0.4036936,0.3328044,141.1218,0.7990673,0.4221664,0.428097,-0.004321527,-0.003777385,0.00957793,0.01116606,-0.04691346,-0.02993607,-0.00777115,0.9984201,6.442363,-0.8348995,-0.53276,-0.1383,0.01544274,1.10386,-0.03811148,1.104626,0.02044614,0.0555973,-0.005480862,0.9982288,6.821182,0.3436863,0.9345542,-0.09212971,True
1773055724092,14.8317,0.1345284,0.9223727,0.2318484,0.9605326,-0.549976,-0.3466765,-0.2538136,0.7161847,88.51926,-0.7880319,-0.4967347,-0.3636763,0.03499305,0.9891981,0.2791546,1.028428,0.0409271,1.018965,0.2830876,1.05835,0.05219759,1.009845,0.2940402,1.053077,-0.02637805,-0.09035625,0.09889922,0.1365324,-0.01862018,-0.07982799,0.1285683,0.1524763,-0.002259849,-0.08060496,0.118456,0.1432972,-0.02620453,-0.09044129,0.09882341,0.1365004,-0.01862839,-0.07984724,0.1285985,0.1525129,-0.002215132,-0.08065723,0.1186933,0.1435221,-0.0185328,-0.08550492,0.110838,0.1412077,-0.167553,0.4094396,-0.001057363,0.8968188,52.51395,-0.3787383,0.9255008,-0.002390073,2.986436,-0.002679395,-0.0757103,0.1046197,0.1291686,0.7619539,0.3700047,0.331115,-0.4157954,229.1388,0.8378107,0.4068407,0.3640794,0.3683165,True,False,True,-0.104441,0.5963117,0.12461,0.6180803,-0.1044501,-0.2369623,-0.3328857,-0.9067118,310.1096,-0.2476583,-0.5618537,-0.7892945,0.01412272,0.5820665,0.1788719,0.6090944,0.01168625,0.5493273,0.2125684,0.589137,-0.03481951,0.5617729,0.1665432,0.5869735,0.05309886,-0.0610635,0.1129571,0.1389516,0.01586944,-0.07347933,0.143675,0.1621529,0.00922721,-0.05313059,0.07644386,0.09355033,0.05305727,-0.06105438,0.1129928,0.1389607,0.01582586,-0.07349125,0.1436482,0.1621303,0.009239811,-0.05303864,0.07639374,0.09345841,0.02156964,-0.06198485,0.1081582,0.1265131,-0.8989746,-0.09623006,0.4097522,0.1211928,166.0781,-0.9056502,-0.09694465,0.4127949,14.20999,0,0,0,0,0,0,0,0,0,1,0,0,0.3602668,False,True,False,0.05394934,1.00344,0.2913133,1.046263,0.753513,0.3980271,0.4035567,0.3330685,141.0897,0.7991418,0.4221295,0.427994,-0.00394934,-0.003439903,0.008686751,0.01014346,-0.04669476,-0.02989987,-0.007559674,0.998433,6.415931,-0.8344248,-0.5343038,-0.1350897,0.01527839,1.103865,-0.03807421,1.104627,0.02040414,0.05557413,-0.005552686,0.9982306,6.817738,0.3431537,0.9346372,-0.09338421,True
1773055724106,14.84562,0.1342373,0.9218299,0.2328616,0.9602159,-0.5506115,-0.3465872,-0.2541519,0.7156194,88.61204,-0.7882878,-0.4961947,-0.3638588,0.03474828,0.9888598,0.2800005,1.028325,0.04075471,1.018592,0.2839573,1.058216,0.05201101,1.009432,0.2948956,1.052911,-0.02643851,-0.09033906,0.09891213,0.1365421,-0.01860946,-0.07983094,0.1285497,0.1524609,-0.002273109,-0.08059884,0.1183929,0.1432418,-0.02625324,-0.09042003,0.09884186,0.1365091,-0.01862446,-0.07984385,0.1285884,0.1525021,-0.002227189,-0.08064506,0.1186307,0.1434637,-0.01855382,-0.0854857,0.1108411,0.1412013,-0.1674282,0.4107206,-0.0006119863,0.8962567,52.65939,-0.3774852,0.9260148,-0.00137979,2.986042,-0.002699246,-0.07569215,0.1046226,0.1291607,0.7619539,0.3700046,0.331115,-0.4157954,229.1388,0.8378109,0.4068407,0.3640794,0.3682877,True,False,True,-0.1044473,0.5962259,0.1246715,0.6180109,-0.1044432,-0.2369581,-0.3326733,-0.9067916,310.1313,-0.2477426,-0.5620725,-0.7891121,0.01411941,0.5819495,0.1789105,0.6089939,0.01167125,0.5492193,0.2126429,0.5890629,-0.03481806,0.5616346,0.1666153,0.5868614,0.05312463,-0.06106757,0.1129383,0.1389479,0.01588764,-0.07347041,0.1436866,0.1621609,0.009222253,-0.05316404,0.07646223,0.09358386,0.05307127,-0.06105712,0.1129815,0.1389581,0.0158387,-0.07348692,0.1436562,0.1621367,0.009236162,-0.0530647,0.07640797,0.09348448,0.0215801,-0.06199646,0.1081702,0.1265309,-0.8988745,-0.09618589,0.410039,0.1209999,166.1004,-0.9055278,-0.09689783,0.413074,14.21085,0,0,0,0,0,0,0,0,0,1,0,0,0.3607253,False,True,False,0.05370011,1.002998,0.2922713,1.046093,0.7534996,0.3978491,0.4033319,0.3335835,141.0271,0.799282,0.4220223,0.4278382,-0.003700111,-0.002997637,0.007728726,0.009077987,-0.04629675,-0.02978365,-0.007141309,0.9984581,6.364216,-0.8340306,-0.536549,-0.1286499,0.01510362,1.103873,-0.03806977,1.104632,0.02036599,0.05518882,-0.00570996,0.9982519,6.776605,0.3445864,0.9337782,-0.09661081,True
1773055724119,14.85931,0.1340071,0.9213388,0.2336129,0.9598948,-0.5513158,-0.3465231,-0.2543149,0.71505,88.70541,-0.7886382,-0.4956892,-0.3637887,0.03455037,0.9885604,0.2805755,1.028187,0.04062885,1.018252,0.2845585,1.058046,0.05187736,1.009078,0.295483,1.05273,-0.02651381,-0.09032094,0.09892392,0.1365533,-0.01860125,-0.07983731,0.1285225,0.1524403,-0.002286673,-0.08058862,0.1183423,0.1431945,-0.0263068,-0.09039968,0.09885871,0.1365181,-0.01861969,-0.07984251,0.1285748,0.1524894,-0.002239404,-0.08063345,0.1185714,0.1434083,-0.01857758,-0.08546867,0.1108401,0.1411933,-0.167279,0.411995,-0.0001810778,0.8956997,52.80311,-0.3761957,0.9265404,-0.000407228,2.985357,-0.002721688,-0.07567605,0.1046218,0.129151,0.7619539,0.3700046,0.331115,-0.4157954,229.1388,0.8378109,0.4068407,0.3640794,0.3677849,True,False,True,-0.1044937,0.5960742,0.1247071,0.6178796,-0.1043228,-0.2370641,-0.3325374,-0.9068276,310.1411,-0.2475027,-0.5624273,-0.7889346,0.01408962,0.5818316,0.178913,0.6088812,0.01164372,0.5490978,0.212686,0.5889646,-0.03484073,0.5614535,0.1666612,0.5867025,0.05316805,-0.0610541,0.1129221,0.1389455,0.01591203,-0.073462,0.1436995,0.1621709,0.009215935,-0.05320147,0.07648256,0.0936211,0.05309114,-0.0610565,0.1129693,0.1389555,0.01585375,-0.07348181,0.1436651,0.1621437,0.009232011,-0.05309278,0.07642327,0.09351251,0.0215938,-0.06200802,0.1081835,0.1265502,-0.8987527,-0.09617411,0.4103751,0.1207741,166.1264,-0.90538,-0.09688329,0.4134012,14.21342,0,0,0,0,0,0,0,0,0,1,0,0,0.3613089,False,True,False,0.05349621,1.002643,0.2931321,1.045984,0.7534878,0.3975556,0.4029821,0.3343817,140.9301,0.7995093,0.4218375,0.4275955,-0.003496211,-0.002643466,0.006867945,0.008147397,-0.04568994,-0.02960129,-0.00647578,0.998496,6.285598,-0.8333831,-0.5399266,-0.118118,0.01487892,1.103876,-0.03806326,1.104632,0.02045789,0.05481984,-0.005175239,0.9982733,6.735106,0.3482724,0.9332455,-0.08810256,True
1773055724132,14.87312,0.1337956,0.9208883,0.2343021,0.9596009,-0.5520785,-0.3464467,-0.2544879,0.7144368,88.80588,-0.7890218,-0.4951361,-0.36371,0.03437543,0.9883146,0.281078,1.028082,0.04053091,1.017963,0.2850874,1.057907,0.05177034,1.00878,0.2959982,1.052584,-0.02659291,-0.09030328,0.09893474,0.1365648,-0.01859232,-0.0798451,0.1284927,0.1524182,-0.002300477,-0.08057859,0.1182929,0.1431482,-0.026366,-0.09037975,0.09887443,0.1365277,-0.01861404,-0.07984304,0.1285579,0.1524747,-0.002252025,-0.0806221,0.1185137,0.1433544,-0.01860442,-0.08545331,0.1108354,0.1411838,-0.1671041,0.41329,0.0002467585,0.8951355,52.94832,-0.3748459,0.9270871,0.0005535256,2.984385,-0.00274701,-0.07566158,0.1046173,0.1291395,0.761954,0.3700047,0.331115,-0.4157954,229.1388,0.8378107,0.4068407,0.3640793,0.3682927,True,False,True,-0.104544,0.5959148,0.1247431,0.6177417,-0.1041809,-0.2371955,-0.3324024,-0.906859,310.1497,-0.2472056,-0.5628293,-0.7887411,0.01405929,0.5817158,0.1789113,0.6087694,0.01161736,0.5489774,0.2127286,0.5888672,-0.03486405,0.5612668,0.1667076,0.5865384,0.05321598,-0.06103825,0.1129052,0.1389431,0.0159382,-0.07345288,0.1437132,0.1621815,0.009209155,-0.05324074,0.07650393,0.09366022,0.05311693,-0.06105273,0.112956,0.1389529,0.0158712,-0.07347584,0.143675,0.1621515,0.009227291,-0.05312334,0.07643993,0.09354302,0.02161082,-0.06201972,0.1081983,0.1265715,-0.898608,-0.09619207,0.4107647,0.1205126,166.1566,-0.9052053,-0.09689829,0.4137804,14.21766,0,0,0,0,0,0,0,0,0,1,0,0,0.3618585,False,True,False,0.05334409,1.002332,0.2937254,1.045844,0.7534284,0.3974272,0.4025519,0.3351854,140.8324,0.7996886,0.4218291,0.4272685,-0.003344085,-0.00233233,0.006274581,0.007482849,-0.04496194,-0.02951928,-0.005916555,0.998535,6.203587,-0.8309348,-0.5455414,-0.109343,0.01474239,1.103871,-0.03797188,1.104622,0.02043968,0.05452058,-0.004768351,0.998292,6.698379,0.3498683,0.9332348,-0.0816204,True
1773055724147,14.88703,0.1335943,0.9204599,0.2349572,0.959322,-0.5528856,-0.3463591,-0.2546675,0.7137908,88.91162,-0.7894318,-0.4945452,-0.3636243,0.03421375,0.9881006,0.2815383,1.027997,0.04045042,1.017705,0.2855751,1.057787,0.05167977,1.008516,0.2964723,1.05246,-0.02667574,-0.09028596,0.09894471,0.1365767,-0.01858278,-0.07985421,0.1284605,0.1523946,-0.002314542,-0.08056875,0.1182447,0.1431031,-0.0264305,-0.09036024,0.09888905,0.1365379,-0.01860754,-0.07984537,0.1285376,0.152458,-0.002265027,-0.08061099,0.1184577,0.1433021,-0.01863418,-0.08543952,0.110827,0.1411728,-0.1669043,0.4146037,0.0006721957,0.8945649,53.09481,-0.3734395,0.9276533,0.001504002,2.983143,-0.002775107,-0.07564857,0.1046093,0.129126,0.761954,0.3700046,0.331115,-0.4157954,229.1388,0.8378108,0.4068407,0.3640794,0.3692187,True,False,True,-0.104598,0.5957483,0.1247797,0.6175976,-0.1040182,-0.2373514,-0.3322685,-0.906886,310.157,-0.2468535,-0.5632768,-0.7885318,0.01402841,0.5816025,0.1789057,0.6086587,0.01159225,0.5488582,0.2127706,0.5887708,-0.03488792,0.561075,0.1667544,0.5863696,0.0532683,-0.06101994,0.1128875,0.1389407,0.01596615,-0.07344308,0.1437276,0.1621926,0.009201976,-0.05328172,0.07652627,0.09370106,0.0531484,-0.06104591,0.1129418,0.1389504,0.01589094,-0.07346903,0.143686,0.16216,0.00922203,-0.05315628,0.07645788,0.09357587,0.02163103,-0.06203156,0.1082145,0.1265946,-0.898441,-0.09623869,0.4112054,0.120217,166.1908,-0.9050043,-0.09694172,0.4142093,14.22348,0,0,0,0,0,0,0,0,0,1,0,0,0.362372,False,True,False,0.05321633,1.002072,0.2942455,1.045734,0.7533675,0.3972893,0.4020804,0.3360505,140.7271,0.7998857,0.4218207,0.4269076,-0.00321633,-0.002071857,0.00575456,0.006910306,-0.04417599,-0.02943852,-0.005310311,0.9985758,6.116509,-0.8280209,-0.5517864,-0.09953481,0.01461051,1.103884,-0.03789913,1.104631,0.02044019,0.05426986,-0.004573883,0.9983066,6.669674,0.3513807,0.9329355,-0.07862813,True
1773055724164,14.90436,0.1333979,0.9200423,0.2355959,0.9590507,-0.5537248,-0.3462619,-0.254851,0.7131218,89.02104,-0.7898616,-0.4939258,-0.3635325,0.03405885,0.9879041,0.2819757,1.027923,0.04038022,1.017463,0.2860418,1.057678,0.05159869,1.008272,0.296925,1.052349,-0.02676225,-0.09026899,0.09895382,0.1365891,-0.01857256,-0.07986476,0.128426,0.1523698,-0.002328781,-0.08055926,0.1181977,0.1430591,-0.02651234,-0.09033776,0.098905,0.1365504,-0.01859893,-0.07985014,0.1285101,0.1524363,-0.002280732,-0.08059824,0.1183935,0.1432421,-0.01867249,-0.08542512,0.1108131,0.1411583,-0.1666403,0.4161692,0.001170471,0.8938863,53.26851,-0.3717214,0.9283409,0.002610948,2.981385,-0.002811254,-0.075635,0.1045961,0.1291081,0.7619541,0.3700047,0.331115,-0.4157955,229.1388,0.8378109,0.4068407,0.3640794,0.3693154,True,False,True,-0.1046555,0.5955749,0.1248167,0.6174475,-0.1038353,-0.2375309,-0.3321355,-0.9069086,310.1631,-0.246448,-0.5637681,-0.7883075,0.01399717,0.5814914,0.1788961,0.6085491,0.01156847,0.5487404,0.212812,0.5886754,-0.03491218,0.5608782,0.1668017,0.5861962,0.05332485,-0.06099943,0.112869,0.1389384,0.01599582,-0.07343262,0.143743,0.1622044,0.00919442,-0.05332443,0.07654948,0.09374356,0.05319186,-0.06103447,0.1129239,0.1389474,0.01591677,-0.07346006,0.1437,0.1621709,0.009215233,-0.0531977,0.07648043,0.09361716,0.02165844,-0.06204564,0.1082351,0.1266238,-0.8982195,-0.09632534,0.4117815,0.1198303,166.2354,-0.9047387,-0.09702446,0.4147702,14.23215,0,0,0,0,0,0,0,0,0,1,0,0,0.3625821,False,True,False,0.05310308,1.00184,0.2947228,1.045641,0.7533064,0.3971442,0.4015759,0.3369611,140.6163,0.8000973,0.4218124,0.4265194,-0.003103081,-0.001840115,0.005277216,0.006392507,-0.04334648,-0.02936063,-0.004667929,0.9986178,6.025968,-0.8246686,-0.5585873,-0.08880756,0.0144992,1.103872,-0.03780087,1.104614,0.02046657,0.05410337,-0.004157128,0.9983169,6.64933,0.3529111,0.9329206,-0.07168259,True
1773055724174,14.91468,0.1332032,0.9196284,0.2362284,0.9587823,-0.5545861,-0.3461559,-0.2550362,0.7124373,89.13286,-0.7903062,-0.4932853,-0.3634363,0.03390681,0.9877152,0.2824024,1.027853,0.04031587,1.017227,0.2864997,1.057572,0.05152287,1.008037,0.2973684,1.052246,-0.0268522,-0.09025232,0.09896195,0.1366016,-0.01856179,-0.07987648,0.1283891,0.1523435,-0.002343316,-0.08054979,0.1181517,0.143016,-0.02656782,-0.09032383,0.09891429,0.1365587,-0.01859288,-0.07985444,0.1284904,0.1524212,-0.002290932,-0.08059033,0.118354,0.1432052,-0.01869882,-0.08541711,0.1108017,0.1411479,-0.166455,0.4171719,0.001485373,0.8934529,53.3792,-0.3705945,0.928789,0.003307025,2.980082,-0.002836125,-0.07562742,0.1045854,0.1290955,0.7619539,0.3700046,0.331115,-0.4157954,229.1388,0.8378109,0.4068407,0.3640795,0.3713757,True,False,True,-0.1047162,0.5953949,0.1248543,0.6172918,-0.103633,-0.2377334,-0.3320035,-0.9069271,310.1682,-0.2459911,-0.564302,-0.7880687,0.01396558,0.5813829,0.1788828,0.6084408,0.01154603,0.5486239,0.2128529,0.5885813,-0.03493679,0.5606769,0.1668494,0.5860187,0.05338547,-0.06097661,0.1128498,0.138936,0.01602713,-0.0734216,0.143759,0.1622167,0.009186479,-0.05336874,0.07657367,0.09378774,0.05322342,-0.06102505,0.1129118,0.1389455,0.01593475,-0.0734538,0.1437096,0.1621784,0.00921055,-0.05322557,0.07649563,0.09364495,0.02167808,-0.06205462,0.1082492,0.1266436,-0.8980634,-0.09640045,0.4121823,0.1195614,166.2664,-0.904552,-0.09709695,0.4151604,14.23878,0,0,0,0,0,0,0,0,0,1,0,0,0.3643795,False,True,False,0.05299608,1.001622,0.2951716,1.045553,0.7532457,0.3969943,0.401046,0.3379034,140.5016,0.8003199,0.4218045,0.4261094,-0.002996076,-0.001621604,0.004828453,0.005909317,-0.04248583,-0.02928682,-0.0039994,0.9986598,5.933387,-0.8208948,-0.5658686,-0.07727487,0.0143714,1.10388,-0.03772338,1.104618,0.02047361,0.05386967,-0.003909178,0.9983304,6.62266,0.3544519,0.9326253,-0.06767813,True
1773055724188,14.92887,0.1331671,0.9194672,0.2363428,0.9586507,-0.5547484,-0.3460131,-0.2552621,0.7122995,89.15536,-0.7903799,-0.4929834,-0.3636857,0.03388166,0.9876549,0.2824299,1.027802,0.04034467,1.017166,0.2865939,1.05754,0.05154695,1.007941,0.2974511,1.052178,-0.02693053,-0.09022398,0.09898676,0.1366162,-0.0185587,-0.07986604,0.1284199,0.1523637,-0.00235062,-0.0805368,0.1181502,0.1430076,-0.02664456,-0.09030274,0.09892959,0.1365708,-0.01858567,-0.07985689,0.1284755,0.152409,-0.002303537,-0.08057901,0.1183109,0.1431634,-0.01873613,-0.08540446,0.1107925,0.1411381,-0.1661644,0.418471,0.001852411,0.8928986,53.52043,-0.3690429,0.9294034,0.004114114,2.979485,-0.002871357,-0.07561546,0.1045768,0.1290824,0.7619541,0.3700047,0.3311151,-0.4157954,229.1388,0.8378108,0.4068407,0.3640794,0.3716912,True,False,True,-0.1047452,0.5952275,0.1249206,0.6171487,-0.103483,-0.2378325,-0.3318805,-0.9069632,310.178,-0.2456805,-0.5646413,-0.787922,0.01395112,0.58126,0.1789248,0.6083354,0.01153739,0.5484938,0.212916,0.5884826,-0.03492452,0.5604638,0.1669394,0.5858397,0.05342982,-0.06095771,0.1128368,0.1389343,0.01605937,-0.07342168,0.1437579,0.1622189,0.00917496,-0.05342973,0.07661252,0.09385305,0.05326702,-0.06101083,0.112896,0.1389431,0.01596107,-0.07344702,0.1437198,0.1621869,0.009203038,-0.0532687,0.07652031,0.09368889,0.02170617,-0.06206913,0.1082688,0.1266723,-0.8978333,-0.09655768,0.4127609,0.1191652,166.3122,-0.9042768,-0.09725064,0.4157231,14.24651,0,0,0,0,0,0,0,0,0,1,0,0,0.3648094,False,True,False,0.05289667,1.001413,0.2956241,1.045476,0.7531859,0.396841,0.400497,0.3388664,140.3844,0.8005509,0.4217968,0.4256828,-0.00289667,-0.001412749,0.004375935,0.005434645,-0.0416042,-0.02921771,-0.003312296,0.9987015,5.840412,-0.8166444,-0.5735112,-0.06501669,0.0142436,1.103889,-0.0376459,1.104623,0.02048065,0.05363598,-0.003661246,0.9983438,6.596,0.3560045,0.9323263,-0.06364154,True
1773055724202,14.94289,0.1331375,0.9193438,0.2364369,0.9585515,-0.5548732,-0.345892,-0.2554494,0.712194,89.17259,-0.790437,-0.4927357,-0.3638969,0.03385474,0.9876187,0.2824403,1.027769,0.04036856,1.017133,0.2866742,1.05753,0.05156702,1.007874,0.2975203,1.052135,-0.02701081,-0.09019482,0.0990122,0.1366313,-0.01855575,-0.07985473,0.1284549,0.1523868,-0.002357479,-0.08052367,0.1181538,0.1430032,-0.02672136,-0.09028015,0.09894688,0.1365834,-0.01857941,-0.07985643,0.1284712,0.1524044,-0.002314826,-0.08056742,0.1182779,0.1431298,-0.0187743,-0.08539054,0.110789,0.1411319,-0.165843,0.4196897,0.002158955,0.8923855,53.65088,-0.3674997,0.9300113,0.004784136,2.979917,-0.002907378,-0.07560235,0.1045734,0.1290727,0.761954,0.3700047,0.3311151,-0.4157954,229.1388,0.8378107,0.4068407,0.3640794,0.3721147,True,False,True,-0.1047758,0.595055,0.1249885,0.6170013,-0.1033209,-0.2379425,-0.3317589,-0.9069973,310.1873,-0.2453385,-0.5650011,-0.787771,0.01393646,0.581138,0.1789666,0.6082308,0.01152983,0.5483632,0.2129786,0.5883834,-0.03491016,0.5602443,0.1670324,0.5856554,0.05347679,-0.06093686,0.1128237,0.1389326,0.01609351,-0.07342236,0.1437558,0.1622208,0.009162568,-0.05349453,0.07665425,0.09392279,0.05331093,-0.06099536,0.1128808,0.1389409,0.01598879,-0.07344186,0.1437273,0.162194,0.009194573,-0.05331597,0.07654833,0.09373783,0.02173529,-0.06208545,0.1082888,0.1267024,-0.8975893,-0.09676388,0.4133641,0.1187455,166.3606,-0.9039851,-0.09745338,0.4163096,14.25308,0,0,0,0,0,0,0,0,0,1,0,0,0.3660996,False,True,False,0.05289986,1.001308,0.2956851,1.045393,0.7532791,0.3966122,0.4003763,0.3390694,140.3596,0.8007123,0.4215865,0.4255876,-0.002899859,-0.001307964,0.004314959,0.00536086,-0.04153635,-0.02917438,-0.002980198,0.9987066,5.82887,-0.8169275,-0.5737951,-0.05861385,0.0141158,1.103898,-0.03756841,1.104627,0.02048769,0.05340225,-0.003413287,0.9983571,6.56959,0.357556,0.9319888,-0.0595695,True
1773055724217,14.95665,0.1331033,0.9192085,0.2365457,0.9584439,-0.5549964,-0.3457612,-0.2556476,0.7120904,89.18951,-0.7904941,-0.4924756,-0.3641247,0.03382427,0.9875731,0.2824651,1.027731,0.04039013,1.017093,0.2867708,1.057519,0.05158417,1.007801,0.2976067,1.05209,-0.02709292,-0.09016493,0.09903844,0.1366468,-0.01855302,-0.07984245,0.1284939,0.152413,-0.002363967,-0.08051036,0.1181621,0.1430027,-0.02679808,-0.0902564,0.09896575,0.1365964,-0.01857398,-0.07985355,0.1284759,0.1524062,-0.00232495,-0.08055566,0.118254,0.1431036,-0.01881318,-0.0853757,0.11079,0.1411289,-0.1654961,0.4208331,0.002411658,0.8919107,53.77132,-0.3659706,0.9306113,0.005333031,2.981224,-0.002944071,-0.07558835,0.1045744,0.1290662,0.7619541,0.3700047,0.3311151,-0.4157955,229.1388,0.8378108,0.4068407,0.3640794,0.3726499,True,False,True,-0.1048079,0.5948778,0.1250577,0.6168499,-0.1031471,-0.2380628,-0.3316389,-0.9070294,310.196,-0.2449659,-0.5653795,-0.7876151,0.01392153,0.5810164,0.1790086,0.6081266,0.01152305,0.5482322,0.2130411,0.5882838,-0.0348944,0.5600196,0.167128,0.5854667,0.05352569,-0.06091455,0.1128106,0.138931,0.01612908,-0.07342353,0.1437528,0.1622222,0.009149533,-0.05356211,0.07669804,0.09399576,0.0533552,-0.06097873,0.1128664,0.1389388,0.01601769,-0.07343809,0.1437326,0.1621998,0.009185299,-0.05336671,0.07657917,0.09379096,0.02176533,-0.06210325,0.1083089,0.1267335,-0.8973328,-0.09701248,0.4139881,0.1183059,166.4113,-0.9036792,-0.0976986,0.416916,14.25868,0,0,0,0,0,0,0,0,0,1,0,0,0.3673602,False,True,False,0.05289974,1.001233,0.2957307,1.045334,0.75336,0.3964215,0.4002808,0.3392255,140.3406,0.8008461,0.4214089,0.4255115,-0.00289974,-0.001233459,0.004269361,0.005306351,-0.04149256,-0.02914107,-0.002709321,0.9987102,5.820804,-0.8171976,-0.5739346,-0.05336018,0.01398799,1.103906,-0.03749092,1.104631,0.02049472,0.05316851,-0.003165327,0.9983702,6.543194,0.3591226,0.931655,-0.05546503,True
1773055724230,14.97032,0.1330647,0.9190621,0.2366683,0.9583284,-0.5551181,-0.3456212,-0.2558565,0.7119884,89.20615,-0.7905512,-0.4922039,-0.3643687,0.03379068,0.9875187,0.2825033,1.027688,0.04040968,1.017047,0.2868828,1.057506,0.05159871,1.007722,0.2977092,1.052044,-0.02717675,-0.09013423,0.09906523,0.1366626,-0.0185504,-0.07982922,0.1285368,0.1524419,-0.002370045,-0.08049687,0.118175,0.1430059,-0.02687593,-0.09023133,0.09898616,0.1366099,-0.01856915,-0.07984856,0.1284884,0.1524135,-0.0023342,-0.08054359,0.1182378,0.1430835,-0.01885332,-0.08535988,0.110795,0.1411286,-0.1651213,0.4219251,0.002620341,0.8914636,53.88452,-0.3644319,0.9312121,0.005783239,2.983304,-0.002981958,-0.07557341,0.1045791,0.1290621,0.7619541,0.3700047,0.3311151,-0.4157955,229.1388,0.8378108,0.4068407,0.3640794,0.3732071,True,False,True,-0.1048415,0.5946962,0.1251282,0.6166947,-0.1029619,-0.2381931,-0.3315203,-0.9070597,310.2043,-0.244564,-0.5657765,-0.7874553,0.01390623,0.5808951,0.1790507,0.6080227,0.01151701,0.5481009,0.2131035,0.5881839,-0.03487723,0.5597901,0.167226,0.5852743,0.0535764,-0.06089076,0.1127973,0.1389293,0.01616601,-0.07342511,0.143749,0.1622231,0.009135977,-0.05363224,0.07674389,0.09407183,0.0534006,-0.06096069,0.1128522,0.1389369,0.01604812,-0.07343543,0.1437359,0.1622046,0.009175187,-0.05342121,0.07661296,0.09384858,0.02179674,-0.06212255,0.1083296,0.126766,-0.897061,-0.09730259,0.4146409,0.1178417,166.4649,-0.9033552,-0.09798532,0.4175503,14.2636,0,0,0,0,0,0,0,0,0,1,0,0,0.368551,False,True,False,0.05289645,1.001153,0.295792,1.045274,0.753449,0.3962185,0.4001837,0.3393797,140.3218,0.8009881,0.421218,0.4254335,-0.002896454,-0.001152515,0.004207999,0.005236887,-0.0414576,-0.02910826,-0.002426498,0.9987133,5.813805,-0.8174925,-0.5739789,-0.04784753,0.01386018,1.103915,-0.03741343,1.104636,0.02050176,0.05293477,-0.002917367,0.9983832,6.517051,0.3606843,0.9312735,-0.05132481,True
1773055724243,14.98413,0.1330739,0.9189349,0.2367263,0.958222,-0.5551957,-0.3454071,-0.2559149,0.7120107,89.20251,-0.7906872,-0.4919147,-0.3644636,0.03381966,0.9874666,0.2825318,1.027647,0.04046981,1.016971,0.2869704,1.057459,0.05166987,1.007608,0.2977767,1.051957,-0.02724027,-0.09009673,0.09910261,0.1366777,-0.01855296,-0.07982069,0.1285573,0.152455,-0.002379137,-0.08047781,0.1181563,0.1429799,-0.02695139,-0.09020351,0.09901022,0.1366238,-0.0185658,-0.0798428,0.1285026,0.1524221,-0.002343484,-0.08052999,0.1182209,0.1430621,-0.01889152,-0.08534128,0.1108042,0.1411297,-0.1647387,0.4230446,0.002854355,0.891003,54.0009,-0.3628626,0.9318213,0.006287159,2.985351,-0.003018017,-0.07555583,0.1045878,0.1290597,0.7619539,0.3700046,0.331115,-0.4157954,229.1388,0.8378109,0.4068407,0.3640794,0.3729323,True,False,True,-0.1049646,0.5946774,0.1251292,0.6166978,-0.1027482,-0.2383329,-0.3315978,-0.9070189,310.1932,-0.2440053,-0.5659905,-0.7874751,0.01380198,0.5809659,0.1790295,0.6080818,0.01143319,0.54817,0.213093,0.5882428,-0.03494587,0.5597629,0.1672499,0.5852591,0.05360914,-0.06087644,0.1127877,0.1389278,0.01619409,-0.07342886,0.1437398,0.1622195,0.009124734,-0.05368784,0.07678057,0.09413236,0.05344372,-0.06094329,0.1128389,0.138935,0.01607829,-0.07343407,0.1437367,0.1622076,0.009164767,-0.05347635,0.07664759,0.09390722,0.02182731,-0.06214245,0.1083491,0.1267976,-0.8967915,-0.09760724,0.4152816,0.1173846,166.5176,-0.9030346,-0.09828674,0.4181726,14.26717,0,0,0,0,0,0,0,0,0,1,0,0,0.3686498,False,True,False,0.0528901,1.001065,0.2958677,1.045211,0.7535455,0.3960037,0.4000852,0.3395323,140.3033,0.8011376,0.4210143,0.4253536,-0.002890099,-0.001065135,0.00413233,0.005153963,-0.04143087,-0.02907573,-0.002132086,0.998716,5.807606,-0.8178377,-0.5739495,-0.04208699,0.01452165,1.10379,-0.0373802,1.104519,0.02172747,0.0546982,-0.004061993,0.9982583,6.764228,0.3682953,0.9271713,-0.06885352,True
1773055724258,14.99819,0.1330988,0.9188755,0.2367299,0.9581693,-0.5553312,-0.3453168,-0.2559858,0.7119234,89.21675,-0.7907804,-0.4917242,-0.3645186,0.03387102,0.9874804,0.2825081,1.027655,0.04052775,1.016946,0.2869571,1.057434,0.05174658,1.007565,0.2977386,1.051909,-0.02725561,-0.09007519,0.09913093,0.1366871,-0.01855796,-0.07982276,0.1285508,0.1524512,-0.002391521,-0.08045051,0.1181245,0.1429384,-0.02701533,-0.0901766,0.09903553,0.136637,-0.01856416,-0.0798386,0.1285127,0.1524282,-0.002353555,-0.08051331,0.1182007,0.1430361,-0.01892313,-0.08532178,0.1108148,0.1411305,-0.1644165,0.4241071,0.003212739,0.890556,54.1136,-0.3614554,0.9323626,0.007062928,2.986487,-0.00304786,-0.07553745,0.1045978,0.1290577,0.761954,0.3700047,0.3311151,-0.4157954,229.1388,0.8378107,0.4068407,0.3640794,0.3701808,True,False,True,-0.1049539,0.5947294,0.125146,0.6167495,-0.1026858,-0.2384365,-0.3315756,-0.9070067,310.1899,-0.2438421,-0.5662017,-0.7873737,0.01383641,0.5811042,0.1790219,0.6082125,0.01146829,0.5482522,0.2130967,0.5883216,-0.03488526,0.559775,0.1672786,0.5852753,0.05367383,-0.06082886,0.1127858,0.1389304,0.01621017,-0.07342667,0.1437413,0.1622215,0.009114627,-0.05374637,0.07681957,0.09419658,0.053492,-0.06091931,0.1128277,0.138934,0.01610595,-0.07343252,0.1437377,0.1622105,0.00915426,-0.05353301,0.07668366,0.09396791,0.02186019,-0.06216151,0.1083707,0.1268311,-0.8965059,-0.09798928,0.4159483,0.1168856,166.5752,-0.9026935,-0.0986656,0.4188192,14.2729,0,0,0,0,0,0,0,0,0,1,0,0,0.3688354,False,True,False,0.05293521,1.000975,0.2959171,1.045141,0.7536873,0.3959041,0.3999249,0.3395223,140.3045,0.8012852,0.4209068,0.4251815,-0.002935212,-0.0009753704,0.004082918,0.00512221,-0.04146848,-0.02921557,-0.001945515,0.9987107,5.819593,-0.8168932,-0.5755215,-0.03832497,0.01463404,1.103821,-0.03751946,1.104555,0.02125529,0.05501858,-0.003965294,0.9982512,6.777992,0.3595595,0.9307072,-0.06707785,True
1773055724271,15.01192,0.1331219,0.9188101,0.236741,0.9581127,-0.5554677,-0.3452253,-0.2560572,0.7118356,89.23107,-0.7908746,-0.4915316,-0.3645741,0.0339229,0.9874891,0.2824952,1.027662,0.04058369,1.016915,0.286951,1.057404,0.05182254,1.007517,0.2977073,1.051858,-0.02726691,-0.09005415,0.09915973,0.1366963,-0.01856354,-0.07982545,0.1285435,0.1524471,-0.002404055,-0.08042204,0.1180929,0.1428965,-0.02706725,-0.09015138,0.0990611,0.1366492,-0.01856403,-0.07983589,0.128519,0.1524321,-0.00236395,-0.08049451,0.1181784,0.1430073,-0.01894802,-0.08530216,0.1108263,0.141131,-0.1641562,0.425084,0.003666324,0.8901365,54.21918,-0.3602335,0.9328279,0.008045585,2.986798,-0.003071352,-0.07551891,0.1046087,0.1290562,0.761954,0.3700047,0.331115,-0.4157954,229.1388,0.8378108,0.4068407,0.3640794,0.3680699,True,False,True,-0.1049415,0.5947841,0.1251627,0.6168035,-0.1026254,-0.2385454,-0.3315577,-0.9069916,310.1858,-0.2436797,-0.5664161,-0.7872698,0.01387363,0.5812504,0.1790134,0.6083505,0.01150611,0.5483379,0.2130991,0.588403,-0.03482106,0.5597892,0.167307,0.5852932,0.05374143,-0.06077798,0.1127845,0.1389333,0.01622572,-0.07342444,0.1437427,0.1622233,0.009104244,-0.05380629,0.07685981,0.09426259,0.0535434,-0.06089023,0.1128188,0.1389338,0.01613061,-0.07343086,0.1437387,0.1622132,0.009143969,-0.05358933,0.07671993,0.09402859,0.02189416,-0.06217925,0.1083937,0.1268653,-0.8962144,-0.09842797,0.4166186,0.1163646,166.6353,-0.9023443,-0.09910121,0.4194682,14.28036,0,0,0,0,0,0,0,0,0,1,0,0,0.3691492,False,True,False,0.05298427,1.000968,0.2958765,1.045126,0.7537332,0.3958251,0.3998066,0.3396518,140.2887,0.8013739,0.4208438,0.4250769,-0.002984274,-0.0009683371,0.004123539,0.005181422,-0.04137631,-0.02923808,-0.001772007,0.9987142,5.81165,-0.8161923,-0.5767527,-0.03495475,0.01465181,1.103845,-0.03749306,1.104578,0.02132904,0.05511969,-0.004078183,0.9982436,6.79265,0.360031,0.9304124,-0.06883914,True
1773055724285,15.02587,0.1330896,0.9188064,0.2368099,0.9581215,-0.5556462,-0.3451536,-0.2561345,0.7117032,89.25267,-0.7909777,-0.4913357,-0.3646145,0.03392035,0.987562,0.2825339,1.027743,0.04058436,1.016943,0.2869914,1.057443,0.05184219,1.007546,0.2977228,1.051892,-0.02727305,-0.09003851,0.09918278,0.136704,-0.01856695,-0.0798348,0.1285256,0.1524374,-0.002415187,-0.08039532,0.1180674,0.1428606,-0.02711023,-0.09012785,0.09908646,0.1366606,-0.01856464,-0.07983566,0.1285204,0.1524332,-0.002374626,-0.08047383,0.1181553,0.1429767,-0.01896786,-0.08528321,0.110837,0.1411306,-0.1639382,0.4259902,0.004214437,0.8897409,54.31858,-0.3591468,0.9332356,0.009232755,2.986178,-0.003090088,-0.07550101,0.1046188,0.1290544,0.761954,0.3700047,0.331115,-0.4157954,229.1388,0.8378107,0.4068407,0.3640793,0.3660721,True,False,True,-0.1049617,0.5948209,0.1251817,0.6168462,-0.1026559,-0.2385388,-0.3314919,-0.9070139,310.1918,-0.24378,-0.566465,-0.7872033,0.01386204,0.5813323,0.1790249,0.6084318,0.01148764,0.5483627,0.2131036,0.5884273,-0.03481043,0.5597721,0.1673381,0.5852851,0.053795,-0.0607343,0.1127826,0.1389334,0.01624111,-0.0734272,0.1437355,0.1622197,0.009094946,-0.05385614,0.0768925,0.0943168,0.05359588,-0.06085775,0.1128113,0.1389337,0.01615364,-0.0734301,0.1437381,0.1622145,0.009133758,-0.053645,0.0767559,0.09408868,0.02192856,-0.06219608,0.1084161,0.1268986,-0.8959199,-0.09891582,0.4172824,0.1158381,166.6961,-0.9019921,-0.09958623,0.4201106,14.28838,0,0,0,0,0,0,0,0,0,1,0,0,0.3687433,False,True,False,0.05303587,1.000957,0.2958483,1.045109,0.7537798,0.3957454,0.399687,0.3397821,140.2728,0.8014635,0.4207801,0.424971,-0.003035869,-0.0009567738,0.004151732,0.005231519,-0.04128366,-0.02926132,-0.001596857,0.9987177,5.80383,-0.8154623,-0.577989,-0.03154217,0.01465404,1.103842,-0.03748029,1.104575,0.02134073,0.05521892,-0.004127141,0.9982377,6.804169,0.3596182,0.9305083,-0.06954752,True
1773055724300,15.03978,0.133052,0.918802,0.2368889,0.9581317,-0.5558313,-0.3450837,-0.2562129,0.7115644,89.27532,-0.7910828,-0.4911377,-0.3646531,0.03391454,0.9876351,0.2825846,1.027826,0.04057961,1.01697,0.2870402,1.057482,0.05185728,1.007578,0.2977463,1.051929,-0.02727521,-0.09002407,0.09920526,0.1367112,-0.01857053,-0.07984567,0.1285053,0.1524264,-0.002426222,-0.08036791,0.1180432,0.1428254,-0.0271446,-0.09010627,0.09911116,0.1366711,-0.01856587,-0.07983774,0.1285173,0.1524318,-0.002385347,-0.0804518,0.118132,0.1429452,-0.0189829,-0.08526527,0.1108466,0.1411293,-0.1637608,0.4268158,0.004838043,0.8893747,54.41044,-0.3581984,0.9335858,0.01058238,2.984718,-0.003104285,-0.07548409,0.1046279,0.1290522,0.761954,0.3700047,0.331115,-0.4157954,229.1388,0.8378108,0.4068407,0.3640794,0.3644327,True,False,True,-0.1049828,0.5948585,0.1252007,0.61689,-0.1027006,-0.2385207,-0.3314229,-0.9070388,310.1986,-0.2439172,-0.566494,-0.7871399,0.01384845,0.5814129,0.1790386,0.6085125,0.01146599,0.548383,0.2131071,0.5884471,-0.03480209,0.5597537,0.167369,0.5852758,0.05384902,-0.06068897,0.1127814,0.1389335,0.01625606,-0.07343069,0.1437271,0.1622153,0.00908557,-0.05390571,0.07692502,0.09437071,0.05364854,-0.06082268,0.1128051,0.1389336,0.01617494,-0.07343023,0.1437358,0.1622147,0.009123748,-0.05369924,0.07679106,0.09414732,0.02196284,-0.06221186,0.1084377,0.1269307,-0.8956273,-0.09944112,0.4179303,0.1153148,166.7564,-0.9016421,-0.1001089,0.420737,14.29677,0,0,0,0,0,0,0,0,0,1,0,0,0.3684199,False,True,False,0.05303526,1.001016,0.2958688,1.045172,0.7538055,0.3956669,0.3995546,0.3399722,140.2496,0.8015494,0.4207273,0.4248613,-0.003035259,-0.001015782,0.004131168,0.005226008,-0.04113386,-0.02926179,-0.001401865,0.9987241,5.789241,-0.8145423,-0.5794488,-0.02776005,0.01470334,1.103829,-0.03746654,1.104562,0.0213557,0.05517653,-0.004067209,0.9982399,6.799794,0.3601021,0.9303926,-0.06858172,True
1773055724312,15.05372,0.1330095,0.918797,0.2369774,0.9581429,-0.5560229,-0.3450153,-0.2562925,0.7114192,89.299,-0.7911898,-0.4909378,-0.3646901,0.03390571,0.9877084,0.2826466,1.027914,0.04056974,1.016996,0.2870968,1.057521,0.05186809,1.007611,0.2977774,1.05197,-0.02727349,-0.09001074,0.09922736,0.1367181,-0.01857432,-0.07985791,0.128483,0.1524145,-0.002437149,-0.08033991,0.1180201,0.1427907,-0.0271715,-0.09008636,0.09913537,0.1366809,-0.01856763,-0.07984194,0.1285101,0.1524282,-0.002396135,-0.08042848,0.1181086,0.142913,-0.01899378,-0.08524819,0.1108554,0.1411274,-0.1636177,0.427572,0.005532196,0.8890337,54.49586,-0.3573673,0.9338859,0.0120832,2.982505,-0.003114567,-0.07546798,0.1046361,0.1290497,0.761954,0.3700047,0.331115,-0.4157954,229.1388,0.8378107,0.4068407,0.3640793,0.3630801,True,False,True,-0.1050047,0.5948972,0.12522,0.6169349,-0.1027589,-0.2384912,-0.3313511,-0.9070662,310.206,-0.2440897,-0.5665035,-0.7870795,0.01383284,0.5814922,0.1790543,0.6085926,0.01144115,0.5483991,0.2131096,0.5884625,-0.03479588,0.559734,0.1673998,0.5852655,0.05390341,-0.06064205,0.1127808,0.1389336,0.01627057,-0.07343483,0.1437174,0.1622101,0.00907624,-0.05395488,0.07695742,0.09442431,0.05370169,-0.06078506,0.1128,0.1389336,0.01619486,-0.07343119,0.143732,0.1622137,0.009113858,-0.05375256,0.07682573,0.09420506,0.02199726,-0.06222678,0.1084586,0.1269618,-0.8953341,-0.1000038,0.418568,0.1147914,166.8168,-0.901292,-0.1006692,0.4213534,14.30549,0,0,0,0,0,0,0,0,0,1,0,0,0.3683542,False,True,False,0.05303211,1.001075,0.2959017,1.045237,0.7538289,0.3955879,0.3994194,0.3401711,140.2254,0.8016356,0.4206755,0.42475,-0.003032107,-0.001074672,0.004098326,0.005210074,-0.04097584,-0.02925971,-0.001202874,0.998731,5.773666,-0.813603,-0.5809713,-0.02388388,0.01476012,1.103825,-0.03745215,1.104559,0.02140241,0.05506656,-0.004002899,0.9982452,6.789536,0.3614353,0.9299418,-0.06759935,True
1773055724327,15.06757,0.1330519,0.9187929,0.2370141,0.9581539,-0.5561898,-0.3450364,-0.2564009,0.7112394,89.32831,-0.7912226,-0.4908408,-0.3647499,0.03396194,0.9877725,0.2826281,1.027972,0.040631,1.01702,0.2870791,1.057542,0.05194842,1.007644,0.2977358,1.051995,-0.02728251,-0.08999978,0.09924408,0.1367248,-0.01857819,-0.07986728,0.1284622,0.1524023,-0.002449,-0.08030844,0.1179985,0.1427554,-0.02719455,-0.09006841,0.09915791,0.13669,-0.01856981,-0.07984719,0.1285002,0.1524228,-0.00240709,-0.08040359,0.1180858,0.1428803,-0.01900287,-0.08523212,0.1108623,0.1411244,-0.1635081,0.4282689,0.00628097,0.8887134,54.57597,-0.3566439,0.9341403,0.01370005,2.979938,-0.003123139,-0.07545281,0.1046427,0.1290464,0.7619541,0.3700047,0.3311151,-0.4157955,229.1388,0.8378108,0.4068407,0.3640794,0.3622027,True,False,True,-0.1050539,0.5948172,0.1252049,0.6168631,-0.1027571,-0.2384655,-0.3313286,-0.9070814,310.2102,-0.2441046,-0.5664865,-0.7870873,0.01379742,0.5814731,0.1790232,0.6085644,0.0113902,0.5483204,0.2130962,0.5883833,-0.0348352,0.5596332,0.1673934,0.5851695,0.05397052,-0.06060594,0.1127678,0.1389333,0.01628124,-0.07343329,0.1437161,0.1622093,0.009072448,-0.05397486,0.07697006,0.09444568,0.05375748,-0.06074793,0.1127933,0.1389335,0.01621277,-0.07343162,0.1437287,0.1622128,0.009105279,-0.0537987,0.07685566,0.09425496,0.02203202,-0.06223868,0.1084775,0.1269899,-0.8950474,-0.1005277,0.4191848,0.114317,166.8715,-0.9009538,-0.1011911,0.421951,14.31656,0,0,0,0,0,0,0,0,0,1,0,0,0.3689165,False,True,False,0.05302645,1.001133,0.2959457,1.045306,0.7538499,0.3955086,0.3992815,0.3403786,140.2001,0.8017219,0.4206247,0.4246372,-0.003026444,-0.001133442,0.004054308,0.005184734,-0.04080977,-0.02925514,-0.001000059,0.9987381,5.757504,-0.812581,-0.5825117,-0.0199126,0.0148056,1.103821,-0.03746196,1.104556,0.02143913,0.05488368,-0.003982152,0.9982547,6.771287,0.3630287,0.9293451,-0.06742977,True
1773055724341,15.08151,0.1330953,0.9187883,0.2370557,0.9581658,-0.5563591,-0.3450696,-0.2565138,0.7110502,89.35915,-0.7912479,-0.4907544,-0.3648112,0.03401831,0.9878355,0.2826123,1.02803,0.04069148,1.017044,0.2870622,1.057562,0.05202848,1.007679,0.2976947,1.05202,-0.0272898,-0.08999,0.0992596,0.1367311,-0.01858224,-0.07987735,0.12844,0.1523894,-0.002460906,-0.080276,0.1179779,0.1427203,-0.02721443,-0.09005208,0.09917909,0.1366985,-0.0185724,-0.07985347,0.1284877,0.1524159,-0.002418296,-0.08037701,0.1180633,0.1428469,-0.01901048,-0.08521683,0.1108676,0.1411203,-0.1634267,0.4289181,0.007087564,0.8884091,54.65197,-0.3560089,0.9343553,0.01543955,2.977031,-0.003130313,-0.07543837,0.1046477,0.1290422,0.761954,0.3700047,0.331115,-0.4157954,229.1388,0.8378107,0.4068407,0.3640793,0.3620894,True,False,True,-0.1051055,0.5947308,0.1251879,0.6167851,-0.1027593,-0.2384311,-0.3313098,-0.907097,310.2144,-0.2441293,-0.5664501,-0.7871056,0.01375972,0.5814483,0.1789902,0.6085301,0.01133522,0.5482338,0.2130821,0.5882965,-0.03488025,0.5595289,0.1673845,0.58507,0.05403956,-0.06056991,0.1127537,0.138933,0.01629107,-0.07343163,0.1437148,0.1622084,0.009069381,-0.05399077,0.07698005,0.09446262,0.05381631,-0.06071085,0.1127851,0.1389334,0.01622908,-0.07343162,0.1437258,0.1622119,0.009097806,-0.05383876,0.07688158,0.09429824,0.02206748,-0.06224794,0.108495,0.1270155,-0.8947638,-0.1010227,0.4197891,0.1138828,166.9216,-0.900623,-0.1016842,0.4225381,14.32987,0,0,0,0,0,0,0,0,0,1,0,0,0.3694393,False,True,False,0.05309016,1.001188,0.2959215,1.045355,0.7538155,0.3954235,0.3992214,0.3406242,140.1702,0.8017612,0.420574,0.4246134,-0.003090154,-0.001188397,0.004078507,0.005253148,-0.04062814,-0.02915403,-0.0008296267,0.9987486,5.733383,-0.8123598,-0.5829349,-0.01658839,0.01481626,1.103815,-0.03750277,1.104551,0.02142345,0.05488688,-0.004061765,0.9982545,6.771634,0.3627445,0.9293516,-0.06877431,True
1773055724354,15.0953,0.1331142,0.9188234,0.2371237,0.9582189,-0.5565826,-0.3450944,-0.2565219,0.7108601,89.39011,-0.7913496,-0.4906556,-0.364723,0.03405374,0.9879416,0.2826253,1.028137,0.04072856,1.017113,0.2870711,1.057633,0.05208728,1.007744,0.297677,1.05208,-0.0272972,-0.08997362,0.09928099,0.1367374,-0.0185845,-0.0798822,0.1284254,0.1523799,-0.002473543,-0.08024228,0.1179454,0.1426746,-0.02723154,-0.09003588,0.09920013,0.1367066,-0.0185749,-0.07985939,0.1284748,0.1524084,-0.002429698,-0.08034918,0.1180389,0.1428113,-0.01901655,-0.08520091,0.1108731,0.1411158,-0.1633645,0.429562,0.007932757,0.8881023,54.72852,-0.3554138,0.9345498,0.01725841,2.974046,-0.003136042,-0.07542332,0.1046528,0.1290377,0.7619539,0.3700046,0.331115,-0.4157954,229.1388,0.8378109,0.4068407,0.3640794,0.3626258,True,False,True,-0.1050837,0.5947871,0.1252393,0.6168461,-0.1027941,-0.2384524,-0.3313177,-0.9070846,310.2111,-0.2441964,-0.5664647,-0.7870743,0.01379611,0.5815483,0.1790133,0.6086333,0.01136936,0.5483013,0.213129,0.588377,-0.03484189,0.5595683,0.1674391,0.585121,0.05408615,-0.06054686,0.1127401,0.1389301,0.0163033,-0.07342119,0.1437228,0.162212,0.009064472,-0.05400733,0.07699668,0.09448516,0.05387209,-0.06067699,0.1127758,0.1389327,0.01624441,-0.07342947,0.1437252,0.1622119,0.009090928,-0.0538736,0.07690535,0.09433686,0.02210078,-0.06225509,0.108512,0.1270394,-0.8944969,-0.1014402,0.4203631,0.1134902,166.9669,-0.9003137,-0.1020998,0.4230966,14.34302,0,0,0,0,0,0,0,0,0,1,0,0,0.3686635,False,True,False,0.05315388,1.001242,0.2958998,1.045403,0.7537724,0.3953373,0.3991683,0.3408815,140.1388,0.8017949,0.4205241,0.4245991,-0.003153879,-0.001242042,0.004100174,0.005319873,-0.040438,-0.02903918,-0.0006598211,0.9987598,5.70765,-0.8122049,-0.5832574,-0.01325263,0.01482627,1.103812,-0.03755164,1.10455,0.02141168,0.05486697,-0.004131913,0.9982555,6.769552,0.3626569,0.9293005,-0.06998361,True
1773055724370,15.10943,0.1331322,0.9188607,0.2371975,0.9582754,-0.5568151,-0.3451279,-0.2565198,0.7106626,89.4223,-0.7914556,-0.490564,-0.3646166,0.0340881,0.98805,0.2826425,1.028247,0.04076357,1.017184,0.2870824,1.057706,0.05214839,1.0078,0.297657,1.052131,-0.02730327,-0.08995731,0.0993024,0.1367434,-0.01858661,-0.07988689,0.1284108,0.1523703,-0.002487493,-0.08020487,0.1178991,0.1426156,-0.02724667,-0.09001933,0.09922167,0.1367143,-0.01857736,-0.07986518,0.1284613,0.1524004,-0.002441867,-0.08031877,0.1180094,0.1427701,-0.01902122,-0.08518353,0.1108791,0.1411106,-0.1633233,0.4302502,0.008870421,0.8877678,54.81185,-0.3548257,0.9347339,0.01927131,2.971004,-0.003140448,-0.07540692,0.1046585,0.1290329,0.761954,0.3700047,0.331115,-0.4157955,229.1388,0.8378109,0.4068407,0.3640794,0.3635369,True,False,True,-0.105059,0.5948475,0.1252935,0.6169112,-0.1028363,-0.238474,-0.3313321,-0.9070688,310.2068,-0.244277,-0.5664704,-0.7870454,0.01383542,0.5816503,0.1790377,0.6087389,0.01140706,0.5483732,0.2131789,0.5884629,-0.034802,0.5596142,0.1674956,0.5851787,0.05413107,-0.06052582,0.1127257,0.1389267,0.01631521,-0.07340939,0.1437322,0.1622161,0.009059918,-0.05402083,0.07701211,0.09450501,0.05392671,-0.06064514,0.1127653,0.1389314,0.01625932,-0.07342524,0.1437267,0.1622128,0.009084402,-0.05390465,0.07692784,0.09437229,0.02213305,-0.06226049,0.1085292,0.1270623,-0.8942378,-0.1017981,0.420926,0.1131248,167.009,-0.9000152,-0.1024558,0.4236455,14.35641,0,0,0,0,0,0,0,0,0,1,0,0,0.3678779,False,True,False,0.05319524,1.001336,0.2959058,1.045497,0.7537155,0.3953452,0.399045,0.3411427,140.107,0.8018152,0.4205748,0.4245107,-0.003195237,-0.001336098,0.004094183,0.005362559,-0.04017351,-0.02900423,-0.0005355228,0.9987716,5.680422,-0.810752,-0.5853418,-0.01080752,0.01485372,1.103755,-0.03768417,1.104498,0.02124998,0.05470151,-0.004114547,0.9982681,6.745098,0.3612205,0.9298508,-0.06994167,True
1773055724383,15.12329,0.1331603,0.9188439,0.2372434,0.9582745,-0.5569859,-0.3451398,-0.2565444,0.7105141,89.44649,-0.7915296,-0.4904762,-0.3645738,0.03413638,0.9880929,0.2826554,1.028293,0.0408102,1.01719,0.2870851,1.057714,0.05221538,1.007807,0.2976306,1.052134,-0.02729719,-0.08994594,0.09932149,0.1367486,-0.01858565,-0.07989205,0.1283934,0.1523582,-0.002498733,-0.08017004,0.1178714,0.1425733,-0.02725715,-0.09000412,0.09924236,0.1367214,-0.01857908,-0.07987075,0.1284473,0.1523917,-0.002453648,-0.08028793,0.1179808,0.1427293,-0.01902354,-0.08516672,0.1108847,0.1411052,-0.163312,0.4308797,0.009818457,0.8874546,54.88978,-0.3543365,0.9348756,0.02130301,2.967728,-0.00314265,-0.07539106,0.1046637,0.1290278,0.761954,0.3700047,0.331115,-0.4157954,229.1388,0.8378108,0.4068407,0.3640794,0.3636504,True,False,True,-0.1050529,0.5948604,0.1252971,0.6169233,-0.1028323,-0.2384831,-0.3312774,-0.9070869,310.2117,-0.2442902,-0.5665444,-0.7869879,0.01384723,0.5816817,0.1790246,0.6087652,0.01141775,0.5483923,0.2131897,0.5884848,-0.03478692,0.5596103,0.1675146,0.5851794,0.05416132,-0.06051178,0.1127142,0.138923,0.01632843,-0.07339948,0.1437427,0.1622223,0.009054985,-0.05403129,0.07703269,0.09452728,0.0539754,-0.0606175,0.1127547,0.1389296,0.01627364,-0.07341991,0.14373,0.1622148,0.009078309,-0.05393092,0.07694957,0.09440444,0.02216198,-0.06226451,0.1085461,0.1270837,-0.8940003,-0.1020838,0.421446,0.1128088,167.0455,-0.8997435,-0.1027396,0.4241534,14.36825,0,0,0,0,0,0,0,0,0,1,0,0,0.3665628,False,True,False,0.05323628,1.001434,0.2959149,1.045596,0.7536497,0.3953646,0.3989182,0.3414136,140.0739,0.8018292,0.4206395,0.4244203,-0.003236283,-0.001434088,0.004085064,0.005405357,-0.03989258,-0.02896882,-0.0004178889,0.9987839,5.651955,-0.809139,-0.587573,-0.008476018,0.01487225,1.103716,-0.0378214,1.104463,0.02105227,0.05459695,-0.004135817,0.998278,6.725914,0.358881,0.9307221,-0.07050388,True
1773055724396,15.1369,0.1331884,0.918825,0.2372919,0.9582723,-0.5571548,-0.3451556,-0.2565646,0.7103666,89.4705,-0.7916022,-0.4903949,-0.3645255,0.03418504,0.9881318,0.2826734,1.028337,0.04085612,1.017192,0.2870906,1.057719,0.05228397,1.007806,0.2976039,1.052128,-0.02728814,-0.08993547,0.09934006,0.1367534,-0.0185841,-0.07989713,0.1283754,0.1523455,-0.002510599,-0.08013275,0.1178366,0.1425238,-0.02726349,-0.08999008,0.09926233,0.1367279,-0.0185801,-0.07987613,0.1284326,0.1523822,-0.002465288,-0.08025619,0.1179513,0.1426872,-0.01902369,-0.08515012,0.11089,0.1410994,-0.1633317,0.431475,0.0107988,0.8871502,54.9654,-0.3539296,0.9349794,0.02340032,2.964279,-0.003142781,-0.07537539,0.1046687,0.1290227,0.7619539,0.3700046,0.331115,-0.4157954,229.1388,0.8378109,0.4068407,0.3640794,0.3640696,True,False,True,-0.1050458,0.5948732,0.1252993,0.6169349,-0.1028277,-0.2384907,-0.3312179,-0.9071072,310.2172,-0.2443045,-0.5666213,-0.7869284,0.01385884,0.581708,0.1790108,0.6087866,0.01142882,0.5484108,0.2132011,0.5885064,-0.03477281,0.5596079,0.1675334,0.5851817,0.05418815,-0.0605003,0.1127024,0.138919,0.01634155,-0.07338887,0.1437544,0.1622292,0.009050187,-0.0540389,0.07705311,0.09454783,0.05401896,-0.06059353,0.112744,0.1389274,0.01628753,-0.07341357,0.143735,0.1622177,0.009072564,-0.05395302,0.07697075,0.09443376,0.02218801,-0.06226729,0.1085629,0.127104,-0.893781,-0.1023062,0.4219296,0.1125363,167.0769,-0.899495,-0.1029603,0.424627,14.37873,0,0,0,0,0,0,0,0,0,1,0,0,0.3653963,False,True,False,0.05328813,1.001467,0.2959126,1.045629,0.7536128,0.3953523,0.398825,0.3416181,140.049,0.8018531,0.4206597,0.4243547,-0.003288131,-0.001466751,0.004087448,0.005447054,-0.03969727,-0.02893506,-0.0003054815,0.9987927,5.631414,-0.8081057,-0.5890226,-0.006218598,0.01489357,1.10375,-0.03787045,1.104499,0.0209292,0.05458251,-0.004161038,0.9982812,6.719507,0.3571235,0.9313636,-0.07100148,True
1773055724410,15.15076,0.1332165,0.9188042,0.237343,0.958269,-0.5573221,-0.3451751,-0.2565807,0.71022,89.49435,-0.7916735,-0.4903196,-0.3644718,0.03423414,0.9881673,0.2826963,1.028379,0.04090132,1.017191,0.2870987,1.057722,0.05235429,1.007795,0.2975767,1.052114,-0.02727622,-0.08992575,0.09935831,0.1367578,-0.018582,-0.07990216,0.1283569,0.1523324,-0.002523039,-0.08009304,0.1177945,0.1424669,-0.02726614,-0.08997674,0.09928223,0.1367341,-0.0185805,-0.07988153,0.1284169,0.1523719,-0.002477258,-0.08022235,0.1179188,0.1426415,-0.01902169,-0.08513304,0.1108953,0.1410929,-0.1633843,0.4320713,0.01185521,0.8868368,55.04318,-0.3535822,0.9350516,0.02565602,2.960623,-0.00314091,-0.07535926,0.1046737,0.1290173,0.7619539,0.3700046,0.331115,-0.4157954,229.1388,0.8378107,0.4068407,0.3640794,0.3646705,True,False,True,-0.1050378,0.5948859,0.1253004,0.616946,-0.1028223,-0.2384969,-0.3311538,-0.9071295,310.2233,-0.2443197,-0.5667008,-0.7868659,0.0138702,0.5817295,0.1789964,0.6088032,0.0114403,0.5484289,0.2132131,0.5885278,-0.03475963,0.559607,0.1675521,0.5851853,0.05421167,-0.06049126,0.1126904,0.1389145,0.01635464,-0.07337747,0.1437674,0.1622369,0.009045633,-0.05404367,0.07707336,0.09456661,0.05405898,-0.06057232,0.1127329,0.1389247,0.01630144,-0.07340609,0.1437417,0.1622217,0.009066983,-0.05397184,0.07699203,0.09446133,0.0222121,-0.06226902,0.1085801,0.1271238,-0.8935725,-0.1024757,0.4223938,0.1122965,167.1046,-0.8992606,-0.103128,0.4250826,14.38825,0,0,0,0,0,0,0,0,0,1,0,0,0.3642763,False,True,False,0.05334014,1.001496,0.2959144,1.04566,0.7535729,0.3953449,0.3987342,0.3418207,140.0243,0.8018736,0.4206847,0.4242913,-0.003340136,-0.001496196,0.00408563,0.005485206,-0.03950122,-0.02890106,-0.0001993305,0.9988015,5.610939,-0.8070504,-0.5904782,-0.004072526,0.01493475,1.103764,-0.03792551,1.104516,0.02076619,0.05463691,-0.004167547,0.9982816,6.718808,0.3543788,0.932389,-0.07111996,True
1773055724425,15.16495,0.1332768,0.9188148,0.237398,0.9583012,-0.5574684,-0.345258,-0.2566015,0.7100575,89.52081,-0.791697,-0.4903233,-0.3644164,0.03430521,0.9882274,0.2827105,1.028443,0.04096692,1.017217,0.2870973,1.05775,0.05245173,1.007774,0.2975309,1.052086,-0.02726407,-0.08991642,0.09937595,0.1367621,-0.01857999,-0.07990546,0.1283396,0.1523192,-0.002540292,-0.08004881,0.1177114,0.1423736,-0.0272657,-0.08996399,0.09930203,0.13674,-0.01858039,-0.07988658,0.1284006,0.1523608,-0.002490569,-0.08018567,0.1178749,0.1425849,-0.01901751,-0.08511424,0.1109011,0.1410857,-0.1634834,0.4327613,0.01304904,0.8864652,55.13526,-0.3532522,0.9351033,0.02819614,2.957121,-0.003136948,-0.07534152,0.1046793,0.1290114,0.761954,0.3700047,0.3311151,-0.4157954,229.1388,0.8378107,0.4068407,0.3640794,0.3666315,True,False,True,-0.105061,0.5948403,0.1252855,0.6169029,-0.1026661,-0.2386317,-0.3312076,-0.9070922,310.2131,-0.2439019,-0.5669127,-0.7868434,0.01386432,0.5817644,0.1789562,0.6088246,0.01144813,0.5484487,0.2131876,0.5885372,-0.03475784,0.5595813,0.1675539,0.5851612,0.05424542,-0.06047074,0.1126817,0.1389116,0.01637004,-0.07337757,0.1437629,0.1622344,0.009040375,-0.05405261,0.07709334,0.0945875,0.05409842,-0.06055086,0.1127221,0.138922,0.01631593,-0.07340007,0.1437462,0.1622244,0.009061366,-0.05398891,0.07701344,0.09448799,0.02223616,-0.06227026,0.108596,0.1271422,-0.8933629,-0.1026631,0.4228492,0.1120789,167.1297,-0.8990273,-0.103314,0.4255303,14.39716,0,0,0,0,0,0,0,0,0,1,0,0,0.3639479,False,True,False,0.05339281,1.001523,0.2959198,1.04569,0.7535303,0.3953419,0.3986453,0.3420217,139.9998,0.8018907,0.4207143,0.4242297,-0.003392804,-0.001523018,0.004080236,0.005520782,-0.03930425,-0.02886684,-9.895541E-05,0.9988102,5.590387,-0.8059793,-0.5919482,-0.002029196,0.01503489,1.103779,-0.03797264,1.104534,0.02070893,0.05474262,-0.00426985,0.9982766,6.728591,0.3528875,0.9328339,-0.07275977,True
1773055724438,15.17848,0.1333391,0.9188257,0.2374554,0.9583346,-0.5576106,-0.345352,-0.2566193,0.7098936,89.54748,-0.7917132,-0.4903417,-0.3643562,0.03437731,0.9882857,0.2827274,1.028506,0.04103246,1.017242,0.2870967,1.057775,0.05254935,1.007751,0.2974852,1.052056,-0.02724962,-0.08990773,0.09939321,0.136766,-0.01857754,-0.0799085,0.1283218,0.1523056,-0.002557688,-0.0800039,0.1176265,0.1422784,-0.02726243,-0.08995255,0.09932058,0.1367453,-0.01857981,-0.07989103,0.1283846,0.1523495,-0.002504219,-0.08014867,0.1178243,0.1425225,-0.01901161,-0.08509513,0.1109071,0.141078,-0.1636187,0.4334858,0.01428891,0.8860671,55.23375,-0.3529634,0.9351294,0.03082449,2.953922,-0.003131376,-0.07532349,0.1046849,0.1290053,0.761954,0.3700047,0.331115,-0.4157955,229.1388,0.8378109,0.4068407,0.3640794,0.3685333,True,False,True,-0.1050853,0.5947911,0.1252685,0.6168562,-0.1024903,-0.2387816,-0.3312725,-0.9070489,310.2013,-0.2434302,-0.567143,-0.7868232,0.01385796,0.5818011,0.1789131,0.6088468,0.01145769,0.5484723,0.2131587,0.5885488,-0.0347563,0.5595575,0.1675544,0.5851385,0.05427783,-0.0604506,0.1126731,0.1389085,0.01638568,-0.07337847,0.1437569,0.1622311,0.009035127,-0.0540598,0.07711308,0.0946072,0.05413496,-0.06053046,0.1127121,0.1389192,0.01633012,-0.07339568,0.1437484,0.1622257,0.009056032,-0.05400335,0.07703371,0.09451225,0.02225877,-0.06227095,0.1086098,0.1271582,-0.8931646,-0.1028546,0.4232699,0.1118949,167.1509,-0.8988091,-0.1035046,0.4259449,14.40498,0,0,0,0,0,0,0,0,0,1,0,0,0.3637246,False,True,False,0.05346736,1.001578,0.295919,1.045746,0.7534474,0.3953488,0.3986092,0.3422382,139.9734,0.8018698,0.420757,0.4242269,-0.003467362,-0.001577616,0.004081011,0.005582663,-0.03909765,-0.02877554,-3.582532E-05,0.998821,5.564979,-0.8053947,-0.5927637,-0.000737986,0.0151412,1.103803,-0.03800551,1.104561,0.02076379,0.05491151,-0.004305797,0.998266,6.749161,0.3527434,0.9328584,-0.07314858,True
1773055724452,15.19237,0.1334152,0.9188561,0.2374021,0.958361,-0.5577596,-0.3454604,-0.2566476,0.7097136,89.57677,-0.7917206,-0.4903692,-0.3643025,0.03445634,0.988352,0.2826322,1.028546,0.04110968,1.017296,0.286979,1.057798,0.0526397,1.007785,0.2973455,1.052053,-0.0272356,-0.08991028,0.09939828,0.1367686,-0.01857567,-0.0799106,0.1283123,0.1522984,-0.002569152,-0.07998012,0.1175845,0.1422306,-0.02725685,-0.08994377,0.09933672,0.1367501,-0.01857895,-0.07989509,0.1283696,0.1523389,-0.002517699,-0.08011364,0.1177745,0.1424618,-0.01900515,-0.08507793,0.1109122,0.1410708,-0.1637814,0.4341499,0.01548558,0.8856918,55.32646,-0.352769,0.9351161,0.03335442,2.950968,-0.003125283,-0.07530724,0.1046898,0.1289996,0.7619539,0.3700047,0.331115,-0.4157954,229.1388,0.8378107,0.4068407,0.3640794,0.3677503,True,False,True,-0.105078,0.5947394,0.1252704,0.6168055,-0.1024091,-0.2387606,-0.3313321,-0.9070417,310.1994,-0.2432285,-0.5670727,-0.7869365,0.01386578,0.5817943,0.1789182,0.608842,0.01147103,0.5484579,0.2131747,0.5885415,-0.03472914,0.559501,0.1675844,0.5850915,0.05429955,-0.06043915,0.1126653,0.1389057,0.0163998,-0.07337527,0.1437587,0.1622327,0.009028236,-0.05408033,0.07713968,0.09463995,0.05416919,-0.06051149,0.1127024,0.1389164,0.01634459,-0.07339144,0.1437505,0.1622272,0.009050263,-0.05401935,0.07705572,0.09453879,0.0222805,-0.06227265,0.1086242,0.1271751,-0.8929672,-0.1030373,0.4236912,0.1117082,167.1724,-0.8985915,-0.1036863,0.4263598,14.41157,0,0,0,0,0,0,0,0,0,1,0,0,0.3629056,False,True,False,0.05354274,1.001631,0.2959202,1.045802,0.7533572,0.3953608,0.3985813,0.3424554,139.9469,0.8018413,0.4208052,0.424233,-0.00354274,-0.001631379,0.004079849,0.005644251,-0.03888912,-0.02867692,1.784958E-05,0.998832,5.53903,-0.8048535,-0.5935006,0.0003694168,0.01526945,1.103828,-0.03804445,1.104589,0.02073357,0.05490177,-0.004434971,0.9982666,6.748,0.3522907,0.9328535,-0.07535601,True
1773055724466,15.20628,0.1334939,0.918888,0.2373431,0.958388,-0.5579062,-0.3455797,-0.2566752,0.7095303,89.60658,-0.7917213,-0.49041,-0.3642462,0.03453615,0.9884164,0.2825315,1.028583,0.04118748,1.017351,0.2868537,1.057821,0.05272992,1.007817,0.2971987,1.052047,-0.02721979,-0.08991503,0.0994012,0.1367707,-0.01857347,-0.07991248,0.1283039,0.152292,-0.002580494,-0.07995767,0.1175406,0.1421819,-0.02724914,-0.0899378,0.09935013,0.1367544,-0.01857781,-0.07989871,0.1283559,0.1523292,-0.002530757,-0.08008118,0.1177258,0.1424035,-0.01899824,-0.08506287,0.1109164,0.141064,-0.1639686,0.4347474,0.01662201,0.8853433,55.41242,-0.3526677,0.9350654,0.03575103,2.94834,-0.00311876,-0.07529303,0.1046936,0.1289943,0.761954,0.3700047,0.331115,-0.4157954,229.1388,0.8378108,0.4068407,0.3640794,0.3671713,True,False,True,-0.1050695,0.5946847,0.1252719,0.6167516,-0.1023251,-0.2387284,-0.3314,-0.907035,310.1975,-0.2430207,-0.5669764,-0.7870702,0.013873,0.5817828,0.1789263,0.6088336,0.01148409,0.5484413,0.2131927,0.5885328,-0.03470078,0.5594416,0.1676161,0.585042,0.05431859,-0.06042939,0.1126578,0.1389028,0.01641393,-0.07337221,0.1437604,0.1622342,0.009021153,-0.0541014,0.07716703,0.09467362,0.05420031,-0.06049441,0.1126931,0.1389136,0.01635901,-0.07338744,0.1437526,0.1622286,0.009044212,-0.05403643,0.07707889,0.09456684,0.02230083,-0.06227528,0.1086388,0.1271924,-0.8927752,-0.1032064,0.424103,0.1115238,167.1937,-0.8983795,-0.1038542,0.4267652,14.4168,0,0,0,0,0,0,0,0,0,1,0,0,0.3621255,False,True,False,0.05362969,1.001706,0.2958065,1.045845,0.7532566,0.395367,0.398561,0.3426933,139.9179,0.8018082,0.4208507,0.4242505,-0.003629688,-0.001705885,0.004193515,0.005802607,-0.03866681,-0.0285581,7.693251E-05,0.998844,5.510401,-0.8044013,-0.5941058,0.001600458,0.01532223,1.103867,-0.03810586,1.10463,0.0206199,0.05512751,-0.004481147,0.9982563,6.768048,0.3493238,0.9339208,-0.07591558,True
1773055724480,15.22024,0.133575,0.9189214,0.2372788,0.9584154,-0.5580506,-0.3457094,-0.2567019,0.7093439,89.63689,-0.7917154,-0.4904635,-0.3641872,0.03461672,0.988479,0.2824255,1.028617,0.04126591,1.017409,0.2867208,1.057843,0.05282009,1.007848,0.2970451,1.052038,-0.02720232,-0.08992189,0.09940205,0.1367724,-0.01857108,-0.07991397,0.1282964,0.1522862,-0.0025918,-0.07993639,0.1174949,0.1421323,-0.02723938,-0.08993448,0.09936096,0.1367582,-0.01857641,-0.07990189,0.1283435,0.1523202,-0.00254348,-0.08005098,0.1176776,0.1423469,-0.01899087,-0.08504973,0.1109196,0.1410577,-0.164181,0.435288,0.0177094,0.8850172,55.49274,-0.3526538,0.9349804,0.03803906,2.946042,-0.003111805,-0.07528063,0.1046968,0.1289894,0.7619541,0.3700047,0.3311151,-0.4157955,229.1388,0.8378108,0.4068407,0.3640794,0.3667584,True,False,True,-0.1050599,0.594627,0.1252731,0.6166945,-0.1022385,-0.2386851,-0.3314758,-0.9070284,310.1958,-0.2428069,-0.5668546,-0.7872236,0.01387955,0.581767,0.1789373,0.6088218,0.01149688,0.5484226,0.2132129,0.5885229,-0.0346713,0.5593793,0.1676494,0.5849903,0.05433514,-0.06042108,0.1126505,0.1388998,0.01642803,-0.07336925,0.143762,0.1622358,0.009013895,-0.05412289,0.07719523,0.09470818,0.05422846,-0.06047912,0.1126842,0.1389107,0.0163734,-0.07338365,0.1437545,0.1622301,0.009037896,-0.05405447,0.07710315,0.09459633,0.02231983,-0.06227875,0.1086536,0.1272101,-0.8925884,-0.1033622,0.4245058,0.1113422,167.2146,-0.898173,-0.1040089,0.4271618,14.42072,0,0,0,0,0,0,0,0,0,1,0,0,0.3613894,False,True,False,0.05371605,1.00178,0.2956867,1.045887,0.7531486,0.3953763,0.3985484,0.3429345,139.8885,0.8017683,0.4208999,0.4242768,-0.003716048,-0.001779795,0.00431335,0.005965037,-0.03844117,-0.02843057,0.0001292712,0.9988564,5.480909,-0.804012,-0.5946364,0.002703757,0.01537929,1.103916,-0.03815974,1.104682,0.02033364,0.05535601,-0.00461483,0.9982489,6.782266,0.3437518,0.935825,-0.07801633,True
1773055724493,15.23421,0.1336646,0.9189485,0.2372044,0.9584355,-0.5580964,-0.3457934,-0.2568169,0.7092252,89.65617,-0.7916464,-0.4904997,-0.3642886,0.03470042,0.9885243,0.2823167,1.028634,0.041358,1.017457,0.2866029,1.057861,0.05292052,1.007859,0.2969078,1.052015,-0.02719871,-0.08993055,0.09939858,0.1367748,-0.01856948,-0.0799135,0.1282942,0.152284,-0.00260242,-0.07991922,0.1174487,0.1420847,-0.02723089,-0.08993366,0.0993688,0.1367616,-0.01857497,-0.07990431,0.1283332,0.1523127,-0.002555773,-0.08002347,0.1176298,0.1422921,-0.01898485,-0.08503857,0.1109218,0.1410518,-0.1644053,0.4357978,0.01872767,0.8847036,55.56985,-0.3526846,0.9348796,0.04017487,2.944412,-0.003106119,-0.07527009,0.1046987,0.1289847,0.761954,0.3700047,0.331115,-0.4157954,229.1388,0.8378107,0.4068407,0.3640793,0.3663519,True,False,True,-0.1050549,0.5946105,0.1252918,0.6166816,-0.1021455,-0.2387036,-0.3314818,-0.9070319,310.1967,-0.2425902,-0.5669087,-0.7872518,0.01388937,0.5817893,0.1789511,0.6088474,0.01151133,0.5484415,0.2132503,0.5885544,-0.03463452,0.5593409,0.167694,0.5849642,0.05435893,-0.06041032,0.112643,0.1388983,0.01644116,-0.07336187,0.143773,0.1622435,0.009006102,-0.05416178,0.07722852,0.09475681,0.05425571,-0.06046476,0.1126756,0.1389081,0.01638754,-0.07337911,0.1437584,0.1622329,0.009031267,-0.05407687,0.07712932,0.09462982,0.02233856,-0.06228413,0.1086704,0.1272305,-0.8924001,-0.1035082,0.4249223,0.1111265,167.2395,-0.8979618,-0.1041533,0.4275706,14.4242,0,0,0,0,0,0,0,0,0,1,0,0,0.3617623,False,True,False,0.05380196,1.001853,0.295561,1.045926,0.7530335,0.3953887,0.3985431,0.3431788,139.8587,0.801722,0.4209532,0.4243115,-0.00380196,-0.001853466,0.004439056,0.006131514,-0.0382122,-0.02829471,0.0001749551,0.998869,5.45054,-0.8036672,-0.5950856,0.003679602,0.015428,1.103941,-0.03826939,1.104712,0.01989413,0.05530454,-0.004647783,0.9982605,6.759943,0.3374328,0.9380438,-0.07883304,True
1773055724508,15.24816,0.1337567,0.9189765,0.2371249,0.9584554,-0.5581284,-0.3458804,-0.2569419,0.7091123,89.67452,-0.7915643,-0.4905441,-0.3644072,0.03478448,0.9885665,0.2822038,1.028646,0.04145172,1.017506,0.2864813,1.057879,0.0530215,1.007868,0.2967677,1.051988,-0.02719559,-0.08994115,0.0993931,0.1367772,-0.01856777,-0.07991254,0.1282936,0.1522827,-0.002612926,-0.07990367,0.117401,0.1420366,-0.02722353,-0.08993522,0.09937387,0.1367649,-0.01857347,-0.07990602,0.128325,0.1523064,-0.002567683,-0.07999848,0.117582,0.1422388,-0.01898003,-0.08502925,0.1109229,0.1410464,-0.1646419,0.4362812,0.01968396,0.8844005,55.64431,-0.3527573,0.9347641,0.04217431,2.943419,-0.003101563,-0.07526128,0.1046998,0.1289804,0.761954,0.3700047,0.331115,-0.4157954,229.1388,0.8378108,0.4068407,0.3640794,0.3660751,True,False,True,-0.1050493,0.5945939,0.1253114,0.6166686,-0.1020495,-0.2387206,-0.3314858,-0.9070367,310.198,-0.2423681,-0.566963,-0.7872809,0.0138993,0.58181,0.1789666,0.608872,0.01152603,0.5484607,0.2132905,0.5885872,-0.03459559,0.5593004,0.1677402,0.5849364,0.0543814,-0.06040059,0.1126355,0.1388968,0.01645416,-0.07335402,0.143785,0.1622519,0.008998054,-0.05420326,0.07726314,0.09480797,0.05428194,-0.06045138,0.1126673,0.1389058,0.01640143,-0.07337388,0.1437639,0.1622369,0.009024348,-0.05410323,0.07715722,0.09466697,0.02235693,-0.06229128,0.1086891,0.1272532,-0.8922109,-0.1036435,0.4253508,0.1108802,167.2679,-0.8977467,-0.1042866,0.4279899,14.42719,0,0,0,0,0,0,0,0,0,1,0,0,0.3625889,False,True,False,0.05389821,1.001907,0.2954469,1.045951,0.7529768,0.3953073,0.3985988,0.3433322,139.84,0.8017095,0.4208916,0.4243961,-0.003898207,-0.001907468,0.00455308,0.00629007,-0.03813406,-0.02813872,0.0002522203,0.9988763,5.432842,-0.8046375,-0.5937335,0.005321905,0.0154588,1.103963,-0.03840424,1.104739,0.01981855,0.05537241,-0.004798863,0.9982575,6.765734,0.3358631,0.9383907,-0.08132585,True
1773055724522,15.26192,0.1338646,0.9189796,0.2370563,0.9584565,-0.5580743,-0.345933,-0.2570661,0.7090842,89.67908,-0.7914559,-0.4905991,-0.3645689,0.03488334,0.9885856,0.2821068,1.028641,0.04155898,1.017526,0.2863992,1.057881,0.05313785,1.00783,0.2966629,1.051928,-0.02720605,-0.08993481,0.09940409,0.1367831,-0.01856531,-0.07990669,0.1283075,0.152291,-0.00262362,-0.07988636,0.1173505,0.1419854,-0.02721993,-0.08993514,0.0993801,0.1367686,-0.01857179,-0.07990616,0.1283214,0.1523033,-0.002579214,-0.07997534,0.1175342,0.1421865,-0.01897708,-0.08501896,0.1109264,0.1410426,-0.164845,0.4368145,0.02057352,0.8840792,55.72316,-0.3527326,0.9346883,0.04402288,2.943116,-0.003098782,-0.07525156,0.1047032,0.1289774,0.7619539,0.3700046,0.331115,-0.4157954,229.1388,0.8378107,0.4068407,0.3640794,0.3660528,True,False,True,-0.1050408,0.5946499,0.1252831,0.6167154,-0.1020359,-0.2387165,-0.3314784,-0.9070421,310.1995,-0.2423426,-0.5669689,-0.7872848,0.01391813,0.5819056,0.1789272,0.6089522,0.01154458,0.5485285,0.2132671,0.5886422,-0.03456055,0.5593257,0.1677261,0.5849544,0.05442198,-0.06038042,0.1126279,0.1388978,0.01646948,-0.07335182,0.1437927,0.1622593,0.008991591,-0.05424006,0.07728974,0.09485007,0.05431085,-0.06043675,0.1126592,0.1389041,0.01641546,-0.07336934,0.1437698,0.1622415,0.009017598,-0.05413146,0.07718456,0.09470474,0.02237667,-0.06229913,0.108708,0.1272766,-0.8920166,-0.1038014,0.4257889,0.1106139,167.2986,-0.8975244,-0.1044423,0.4284179,14.43127,0,0,0,0,0,0,0,0,0,1,0,0,0.3628867,False,True,False,0.05399401,1.001959,0.2953291,1.045972,0.7529216,0.3952171,0.3986678,0.3434771,139.8223,0.8016959,0.4208193,0.4244935,-0.003994007,-0.001959085,0.004670948,0.006450416,-0.03807161,-0.02797357,0.0003279331,0.9988834,5.41581,-0.8058472,-0.5921059,0.006941235,0.01548768,1.10399,-0.03850625,1.10477,0.01953556,0.05547071,-0.004850936,0.9982574,6.765965,0.3310558,0.9400246,-0.08220553,True
1773055724536,15.27616,0.1339756,0.9189818,0.2369844,0.9584563,-0.5579978,-0.3459834,-0.2571985,0.7090718,89.68111,-0.7913333,-0.4906618,-0.3647501,0.03498326,0.9886012,0.282007,1.028632,0.04166844,1.017547,0.2863184,1.057883,0.0532558,1.007785,0.2965595,1.051862,-0.02721941,-0.08992743,0.09941588,0.1367895,-0.01856268,-0.07989941,0.1283254,0.152302,-0.002634264,-0.07987012,0.1172977,0.1419329,-0.02721982,-0.08993351,0.09938768,0.136773,-0.01856986,-0.07990473,0.1283222,0.152303,-0.002590867,-0.07995305,0.1174841,0.1421327,-0.01897579,-0.0850073,0.1109326,0.1410403,-0.1650247,0.4374209,0.02143628,0.8837253,55.80988,-0.3526123,0.934648,0.04580342,2.943501,-0.003097568,-0.07524056,0.104709,0.1289756,0.7619539,0.3700046,0.331115,-0.4157954,229.1388,0.8378109,0.4068407,0.3640795,0.3660292,True,False,True,-0.1050315,0.5947106,0.1252524,0.6167662,-0.1020307,-0.2387086,-0.3314678,-0.9070486,310.2013,-0.2423384,-0.5669689,-0.787286,0.0139381,0.5820051,0.1788849,0.6090354,0.01156362,0.5485981,0.2132408,0.5886979,-0.03452451,0.5593533,0.1677086,0.5849737,0.0544641,-0.06035953,0.1126204,0.1388991,0.01648497,-0.07335,0.1438006,0.162267,0.008985185,-0.05427817,0.07731632,0.09489292,0.05434334,-0.0604204,0.112651,0.1389031,0.01643017,-0.07336525,0.1437764,0.1622469,0.00901074,-0.05416254,0.07721247,0.0947446,0.02239842,-0.06230793,0.1087277,0.1273015,-0.8918098,-0.1039858,0.4262536,0.1103186,167.3326,-0.8972865,-0.1046244,0.4288713,14.4365,0,0,0,0,0,0,0,0,0,1,0,0,0.363115,False,True,False,0.05410291,1.001969,0.2952451,1.045963,0.7529062,0.395116,0.3987702,0.3435082,139.8185,0.8016893,0.4207167,0.4246078,-0.004102904,-0.001969337,0.004754931,0.006581906,-0.03812506,-0.02784166,0.0003687064,0.998885,5.411904,-0.807561,-0.589739,0.0078099,0.01550852,1.10405,-0.03855929,1.104832,0.01942263,0.05539109,-0.004810129,0.9982642,6.752757,0.3297862,0.9405123,-0.08167352,True
1773055724550,15.28962,0.1340896,0.9189832,0.2369092,0.9584551,-0.5578996,-0.3460318,-0.2573385,0.7090747,89.68064,-0.7911972,-0.4907324,-0.3649501,0.03508446,0.9886132,0.2819051,1.028619,0.04177986,1.017566,0.2862391,1.057884,0.05337514,1.007733,0.2964576,1.05179,-0.02723495,-0.08991916,0.09942809,0.136796,-0.01855982,-0.07989112,0.1283464,0.152315,-0.002644899,-0.0798548,0.1172435,0.1418796,-0.02722288,-0.0899306,0.09939586,0.1367777,-0.01856783,-0.07990197,0.1283271,0.1523054,-0.00260181,-0.07993314,0.1174352,0.1420814,-0.0189761,-0.08499521,0.1109407,0.1410394,-0.1651702,0.4380514,0.02221345,0.8833665,55.89767,-0.3524136,0.9346434,0.04739548,2.944498,-0.003097874,-0.07522914,0.1047166,0.1289751,0.7619539,0.3700046,0.331115,-0.4157954,229.1388,0.8378109,0.4068407,0.3640794,0.3662099,True,False,True,-0.1050216,0.5947757,0.1252193,0.6168205,-0.1020338,-0.2386966,-0.3314543,-0.9070563,310.2033,-0.2423553,-0.5669627,-0.7872849,0.01395915,0.5821083,0.17884,0.6091213,0.01158322,0.5486693,0.2132116,0.5887541,-0.03448749,0.5593829,0.1676878,0.5849938,0.0545077,-0.06033801,0.112613,0.1389008,0.01650076,-0.07334852,0.1438088,0.1622753,0.008978828,-0.05431772,0.07734283,0.09493654,0.05437668,-0.0604037,0.1126433,0.1389026,0.01644447,-0.07336187,0.1437829,0.1622526,0.009004278,-0.054194,0.07723889,0.09478351,0.02242042,-0.06231699,0.1087468,0.1273261,-0.8916066,-0.1041808,0.4267083,0.1100182,167.3673,-0.8970522,-0.1048171,0.4293145,14.44236,0,0,0,0,0,0,0,0,0,1,0,0,0.3634547,False,True,False,0.05421326,1.001977,0.2951601,1.045953,0.7528973,0.3950062,0.3988879,0.3435176,139.8173,0.8016827,0.4206014,0.4247347,-0.004213255,-0.001977324,0.004839927,0.006714628,-0.03820632,-0.02770661,0.000403793,0.9988857,5.410168,-0.8095421,-0.5870668,0.008555845,0.01552317,1.104088,-0.03861515,1.104872,0.01943864,0.05551438,-0.004858813,0.9982569,6.767006,0.3293628,0.9406198,-0.08232632,True
1773055724563,15.30355,0.1341345,0.9189769,0.2368575,0.9584425,-0.5577671,-0.3461465,-0.2575134,0.7090595,89.68312,-0.7909923,-0.4908845,-0.3651903,0.0351081,0.9886214,0.2818067,1.028601,0.04180871,1.017571,0.2861692,1.057872,0.05341096,1.007695,0.2963701,1.051731,-0.02725345,-0.08990413,0.09944806,0.1368043,-0.01855883,-0.0798838,0.1283666,0.152328,-0.002653731,-0.0798355,0.1172162,0.1418464,-0.02722924,-0.0899251,0.09940673,0.1367832,-0.01856596,-0.07989819,0.1283353,0.1523101,-0.002612617,-0.0799128,0.1173896,0.1420324,-0.01897801,-0.08498153,0.1109514,0.1410398,-0.1652785,0.4387108,0.02296435,0.8829997,55.98728,-0.3521258,0.934673,0.04892552,2.945713,-0.003099658,-0.07521625,0.1047267,0.1289759,0.7619539,0.3700046,0.331115,-0.4157954,229.1388,0.8378107,0.4068407,0.3640794,0.3652039,True,False,True,-0.1050076,0.5948958,0.1251298,0.6169158,-0.1019819,-0.2387418,-0.3314618,-0.9070475,310.2009,-0.242221,-0.5670446,-0.7872672,0.01398459,0.5822786,0.1787386,0.6092548,0.01161205,0.5488089,0.2131125,0.5888488,-0.03444888,0.5594883,0.1676054,0.5850688,0.05454198,-0.06031532,0.1126093,0.1389015,0.01651178,-0.07335428,0.1438044,0.1622751,0.008974621,-0.05434632,0.07736025,0.0949667,0.05441113,-0.0603853,0.1126362,0.1389024,0.01645849,-0.07336029,0.1437874,0.1622573,0.008998107,-0.05422574,0.07726417,0.09482167,0.02244309,-0.0623262,0.1087644,0.1273497,-0.8914025,-0.104416,0.427155,0.1097155,167.4022,-0.8968166,-0.1050502,0.4297495,14.44857,0,0,0,0,0,0,0,0,0,1,0,0,0.3630306,False,True,False,0.05432438,1.001982,0.2950747,1.045939,0.7528943,0.3948882,0.3990203,0.3435058,139.8188,0.8016759,0.4204738,0.4248736,-0.00432438,-0.00198245,0.004925311,0.006847559,-0.0383145,-0.02756867,0.0004330761,0.9988853,5.411181,-0.8116823,-0.5840349,0.0091746,0.01554524,1.104125,-0.03866306,1.104911,0.01926426,0.05543848,-0.004900804,0.9982643,6.752641,0.3271029,0.9413332,-0.08321458,True
1773055724577,15.31741,0.134178,0.9189695,0.2368044,0.9584284,-0.5576128,-0.3462671,-0.2576988,0.7090546,89.68391,-0.7907679,-0.4910521,-0.3654506,0.03512795,0.9886267,0.2817055,1.028579,0.0418338,1.017575,0.2860999,1.057857,0.05344245,1.007654,0.296284,1.051669,-0.02727411,-0.08988759,0.09946938,0.1368131,-0.01855803,-0.07987565,0.128389,0.1523426,-0.002662326,-0.07981642,0.117191,0.141815,-0.02723854,-0.08991732,0.09941971,0.1367894,-0.01856432,-0.07989352,0.1283464,0.1523168,-0.002622921,-0.07989281,0.1173483,0.1419872,-0.01898139,-0.08496681,0.1109642,0.1410415,-0.165348,0.4393758,0.02366242,0.8826376,56.07563,-0.3517637,0.9347343,0.05033977,2.94711,-0.003102841,-0.07520237,0.1047388,0.1289777,0.761954,0.3700047,0.331115,-0.4157954,229.1388,0.8378107,0.4068407,0.3640793,0.3643493,True,False,True,-0.1049927,0.5950228,0.1250352,0.6170166,-0.1019303,-0.2387906,-0.3314692,-0.9070377,310.1983,-0.2420862,-0.5671321,-0.7872455,0.0140112,0.5824565,0.1786318,0.6093941,0.01164212,0.5489545,0.2130063,0.5889467,-0.03440952,0.5596011,0.1675164,0.5851488,0.05457639,-0.06029194,0.1126061,0.1389023,0.01652238,-0.0733612,0.1437988,0.1622743,0.008970792,-0.05437478,0.07737647,0.09499584,0.05444543,-0.06036594,0.11263,0.1389024,0.01647173,-0.07336047,0.1437898,0.1622608,0.008992448,-0.05425666,0.07728747,0.0948578,0.0224656,-0.06233526,0.1087801,0.1273715,-0.8912048,-0.1046808,0.4275783,0.1094211,167.4361,-0.8965883,-0.1053131,0.4301611,14.45489,0,0,0,0,0,0,0,0,0,1,0,0,0.3628294,False,True,False,0.05435341,1.001978,0.2949996,1.045916,0.7528545,0.3947531,0.3992244,0.3435115,139.8181,0.8016351,0.4203308,0.4250919,-0.004353408,-0.001978397,0.005000412,0.00691884,-0.0384315,-0.02735002,0.0004396247,0.9988869,5.407562,-0.8147058,-0.5797905,0.009319562,0.01556518,1.104167,-0.03870258,1.104954,0.01923724,0.05545162,-0.005056712,0.9982632,6.754612,0.3265487,0.9412814,-0.08583679,True
1773055724591,15.33142,0.1341954,0.918949,0.2367862,0.9584067,-0.5575109,-0.3463585,-0.2578546,0.7090335,89.68733,-0.7905996,-0.4911669,-0.3656605,0.0351403,0.9886335,0.2816552,1.028572,0.04184008,1.017571,0.2860641,1.057844,0.05345581,1.007619,0.2962329,1.051621,-0.02727525,-0.08986874,0.09949698,0.136821,-0.01855785,-0.07986858,0.128409,0.1523557,-0.002669829,-0.07979628,0.1171761,0.1417915,-0.02724622,-0.08990716,0.09943587,0.136796,-0.01856296,-0.07988831,0.1283595,0.1523249,-0.00263273,-0.07987261,0.1173123,0.1419462,-0.01898367,-0.08495075,0.1109801,0.1410446,-0.1653945,0.4400107,0.02432694,0.8822944,56.15922,-0.3513815,0.9348049,0.0516827,2.94822,-0.003105,-0.07518718,0.1047538,0.1289811,0.761954,0.3700047,0.331115,-0.4157954,229.1388,0.8378107,0.4068407,0.3640793,0.3632849,True,False,True,-0.1049836,0.5950695,0.1250052,0.6170539,-0.1018036,-0.2388391,-0.3314506,-0.907046,310.2006,-0.2417956,-0.5672714,-0.7872348,0.0140188,0.5825166,0.1786071,0.6094444,0.0116537,0.5490218,0.2129608,0.5889933,-0.03439391,0.5596576,0.1675,0.5851972,0.05457065,-0.06029383,0.1126072,0.1389017,0.01652878,-0.0733772,0.1437741,0.1622603,0.008970141,-0.05437949,0.07738321,0.09500396,0.05447166,-0.06035086,0.1126252,0.1389022,0.01648367,-0.07336397,0.1437865,0.1622607,0.008987784,-0.05428237,0.0773075,0.09488839,0.02248398,-0.06234382,0.1087904,0.1273877,-0.8910405,-0.1049342,0.4279142,0.109202,167.4614,-0.8964013,-0.1055655,0.4304887,14.45815,0,0,0,0,0,0,0,0,0,1,0,0,0.3612954,False,True,False,0.05437808,1.001972,0.2949236,1.045889,0.7528152,0.3946091,0.3994488,0.343502,139.8192,0.8015904,0.420176,0.4253293,-0.004378077,-0.001971722,0.005076379,0.006987479,-0.03857152,-0.02711953,0.0004389625,0.9988877,5.405245,-0.8180247,-0.5751509,0.009309515,0.01556619,1.104196,-0.0387467,1.104985,0.01912589,0.0554026,-0.004996064,0.9982684,6.744518,0.325142,0.9418495,-0.08493356,True
1773055724605,15.34515,0.13421,0.9189268,0.236769,0.9583832,-0.5573978,-0.346451,-0.258015,0.7090189,89.6897,-0.7904227,-0.4912878,-0.3658804,0.03515023,0.9886391,0.2816069,1.028565,0.04184249,1.017565,0.2860309,1.057829,0.05346492,1.007582,0.2961852,1.051573,-0.02727553,-0.08984835,0.09952655,0.1368292,-0.01855788,-0.07986103,0.1284306,0.1523699,-0.002676975,-0.07977623,0.1171643,0.1417705,-0.02725225,-0.08989507,0.09945452,0.1368028,-0.01856192,-0.0798827,0.1283741,0.1523342,-0.002641828,-0.07985277,0.1172818,0.14191,-0.01898491,-0.08493386,0.1109984,0.141049,-0.1654188,0.4406027,0.02494284,0.8819772,56.2364,-0.3509899,0.9348824,0.05292437,2.949054,-0.003106178,-0.07517125,0.1047711,0.1289859,0.761954,0.3700047,0.331115,-0.4157954,229.1388,0.8378107,0.4068407,0.3640793,0.3624032,True,False,True,-0.1049741,0.5951167,0.124975,0.6170918,-0.1016676,-0.2388904,-0.3314287,-0.9070557,310.2032,-0.2414846,-0.5674214,-0.7872217,0.01402519,0.5825729,0.1785841,0.6094917,0.01166427,0.5490894,0.212913,0.5890392,-0.03438043,0.5597183,0.1674831,0.5852496,0.05455965,-0.06029847,0.1126093,0.1389011,0.01653431,-0.07339526,0.1437459,0.1622441,0.008970181,-0.05438092,0.07738774,0.09500849,0.05448977,-0.06034008,0.1126219,0.138902,0.01649408,-0.0733704,0.1437781,0.1622573,0.008984166,-0.05430266,0.07732401,0.0949131,0.02249808,-0.06235171,0.1087955,0.1273985,-0.8909115,-0.1051706,0.4281614,0.1090578,167.478,-0.8962573,-0.1058017,0.4307306,14.45853,0,0,0,0,0,0,0,0,0,1,0,0,0.3600858,False,True,False,0.05438591,1.001964,0.2948821,1.04587,0.7527841,0.3944868,0.3996139,0.3435184,139.8172,0.8015625,0.4200485,0.4255078,-0.004385907,-0.001963615,0.005117923,0.007020335,-0.03866329,-0.02693345,0.0004589194,0.9988891,5.401767,-0.8204991,-0.5715725,0.00973903,0.0155376,1.104234,-0.03879127,1.105024,0.01898238,0.05537163,-0.004912536,0.9982733,6.73499,0.3231591,0.9426554,-0.08363178,True
1773055724619,15.35912,0.1342219,0.918903,0.2367529,0.958358,-0.5572739,-0.3465447,-0.2581801,0.7090104,89.69109,-0.7902375,-0.4914147,-0.36611,0.03515796,0.9886434,0.2815604,1.028556,0.04184125,1.017557,0.2860002,1.057813,0.05346995,1.007545,0.2961407,1.051525,-0.02727503,-0.08982648,0.0995579,0.1368375,-0.01855808,-0.07985298,0.1284536,0.1523851,-0.002683775,-0.07975632,0.1171554,0.1417521,-0.027257,-0.08988076,0.09947609,0.13681,-0.01856112,-0.0798765,0.1283907,0.1523448,-0.002650578,-0.07983264,0.1172554,0.1418771,-0.01898526,-0.08491562,0.1110196,0.1410548,-0.1654231,0.441176,0.02553349,0.8816729,56.31034,-0.3505758,0.9349701,0.05411232,2.949671,-0.003106506,-0.07515401,0.1047912,0.1289921,0.761954,0.3700047,0.331115,-0.4157954,229.1388,0.8378107,0.4068407,0.3640793,0.3616092,True,False,True,-0.1049508,0.5951356,0.1249482,0.6171005,-0.1015153,-0.2389453,-0.3314248,-0.9070598,310.2043,-0.2411281,-0.5675637,-0.7872291,0.01404734,0.5826041,0.1785635,0.609516,0.01168694,0.5491309,0.212868,0.5890621,-0.03435763,0.559759,0.1674643,0.5852819,0.05454832,-0.06030735,0.1126103,0.1389013,0.01653489,-0.07341599,0.1437141,0.1622253,0.008971586,-0.05437769,0.07738296,0.09500287,0.054502,-0.06033325,0.1126195,0.1389018,0.0165026,-0.0733799,0.1437648,0.1622506,0.008981543,-0.05431832,0.07733632,0.09493184,0.02250883,-0.06235929,0.1087955,0.127404,-0.8908126,-0.1053944,0.4283321,0.1089793,167.487,-0.8961501,-0.1060259,0.4308985,14.45701,0,0,0,0,0,0,0,0,0,1,0,0,0.3587303,False,True,False,0.05439066,1.001954,0.2948437,1.045851,0.7527547,0.3943602,0.3997881,0.3435257,139.8163,0.8015334,0.4199148,0.4256945,-0.004390661,-0.001954317,0.005156338,0.007048764,-0.03876768,-0.02674342,0.000475578,0.9988902,5.399158,-0.8231122,-0.5678141,0.01009743,0.0155215,1.104274,-0.03883699,1.105065,0.01886074,0.055379,-0.004953264,0.998275,6.731733,0.3212436,0.9432373,-0.08436597,True
1773055724632,15.37335,0.1342297,0.9189337,0.2367429,0.9583862,-0.5572432,-0.346614,-0.2583028,0.7089559,89.69994,-0.7901326,-0.4914748,-0.3662556,0.03515665,0.9887031,0.2815081,1.028599,0.04184641,1.017596,0.2859671,1.057842,0.05348425,1.007594,0.2960916,1.051559,-0.0272901,-0.08981363,0.09957696,0.1368459,-0.01855695,-0.07985198,0.128454,0.1523848,-0.002689458,-0.07972942,0.1171623,0.1417428,-0.027264,-0.08986656,0.09949745,0.1368176,-0.01856024,-0.07987132,0.1284041,0.1523533,-0.002658808,-0.07981077,0.1172356,0.1418486,-0.01898703,-0.08489832,0.1110381,0.1410592,-0.165417,0.4416959,0.02612817,0.8813963,56.37748,-0.3501796,0.9350483,0.05531204,2.949776,-0.003108187,-0.0751377,0.1048087,0.1289968,0.7619539,0.3700046,0.331115,-0.4157954,229.1388,0.8378107,0.4068407,0.3640794,0.3607207,True,False,True,-0.1049263,0.5951529,0.1249214,0.6171076,-0.1013535,-0.2390029,-0.3314208,-0.9070642,310.2055,-0.2407491,-0.5677133,-0.7872371,0.01406976,0.5826308,0.1785445,0.6095365,0.01170941,0.5491709,0.2128213,0.5890829,-0.03433628,0.5598022,0.1674446,0.5853163,0.05453277,-0.06031896,0.1126121,0.1389017,0.01653407,-0.07343873,0.1436788,0.1622043,0.008973646,-0.05437125,0.07737505,0.09499294,0.05450852,-0.06033023,0.1126179,0.1389018,0.01650926,-0.07339235,0.1437466,0.1622408,0.008979872,-0.05432954,0.07734452,0.09494478,0.02251631,-0.06236655,0.1087905,0.1274046,-0.8907431,-0.105606,0.4284284,0.1089639,167.4888,-0.8960786,-0.1062385,0.4309947,14.45366,0,0,0,0,0,0,0,0,0,1,0,0,0.3592277,False,True,False,0.05439277,1.001945,0.2948079,1.045831,0.7527267,0.3942292,0.3999712,0.3435242,139.8165,0.8015032,0.4197751,0.4258892,-0.004392769,-0.001944542,0.005192101,0.007073583,-0.03888436,-0.02654936,0.000489035,0.9988909,5.397563,-0.8258339,-0.5638605,0.01038622,0.01555753,1.104324,-0.038939,1.10512,0.01855349,0.05541137,-0.005014506,0.9982786,6.724633,0.3163443,0.9447857,-0.08549931,True
1773055724647,15.38686,0.1342351,0.9189662,0.2367342,0.9584159,-0.5572141,-0.3466816,-0.2584245,0.7089014,89.7088,-0.7900299,-0.4915325,-0.3663996,0.03515266,0.9887648,0.2814563,1.028644,0.04184946,1.017636,0.2859354,1.057872,0.05349644,1.00765,0.2960442,1.0516,-0.02730634,-0.08980058,0.09959601,0.1368545,-0.01855576,-0.07985141,0.128453,0.1523836,-0.002694691,-0.0797018,0.1171737,0.1417367,-0.0272726,-0.08985316,0.09951747,0.1368251,-0.01855933,-0.07986728,0.128414,0.1523594,-0.002666096,-0.07978862,0.117223,0.1418259,-0.01898994,-0.08488279,0.1110533,0.1410622,-0.165401,0.4421389,0.02669181,0.8811602,56.43473,-0.3498197,0.9351146,0.05645263,2.949429,-0.003110918,-0.07512304,0.104823,0.129,0.761954,0.3700047,0.331115,-0.4157954,229.1388,0.8378107,0.4068407,0.3640793,0.3601926,True,False,True,-0.1049006,0.5951689,0.1248947,0.6171133,-0.1011823,-0.2390632,-0.3314165,-0.907069,310.2068,-0.2403482,-0.5678702,-0.7872462,0.01409242,0.5826533,0.1785268,0.6095534,0.01173177,0.5492096,0.2127728,0.5891019,-0.03431633,0.5598481,0.167424,0.5853531,0.05451318,-0.06033329,0.1126144,0.1389021,0.01653197,-0.07346339,0.1436403,0.1621811,0.008976484,-0.05436154,0.07736418,0.09497879,0.05450947,-0.06033085,0.1126172,0.1389019,0.01651387,-0.07340676,0.143725,0.1622287,0.008979184,-0.05433604,0.07734852,0.09495169,0.02252039,-0.06237313,0.1087811,0.1274006,-0.8907044,-0.1057944,0.4284514,0.1090072,167.4838,-0.896044,-0.1064286,0.4310199,14.44883,0,0,0,0,0,0,0,0,0,1,0,0,0.3601611,False,True,False,0.05440014,1.002003,0.2947688,1.045876,0.752695,0.3941342,0.4000684,0.3435898,139.8085,0.8014898,0.4196847,0.4260035,-0.004400138,-0.002002597,0.005231261,0.00712304,-0.03890184,-0.02640316,0.0005347693,0.9988941,5.390014,-0.8273625,-0.5615411,0.01137345,0.0155872,1.104364,-0.03903173,1.105164,0.01844259,0.05539062,-0.004987128,0.998282,6.718108,0.3147591,0.9453497,-0.08511513,True
1773055724661,15.40094,0.1342712,0.9189789,0.2367115,0.9584275,-0.5571711,-0.3468253,-0.258587,0.7088056,89.72436,-0.7898611,-0.4916691,-0.3665801,0.03516372,0.9888005,0.2813636,1.028654,0.04187506,1.01765,0.2858695,1.057869,0.05352848,1.007689,0.2959632,1.051616,-0.02733151,-0.08979055,0.09960908,0.1368624,-0.01855238,-0.07985098,0.1284451,0.1523762,-0.002699845,-0.0796718,0.1171858,0.14173,-0.02728497,-0.08984002,0.09953671,0.1368329,-0.01855787,-0.07986386,0.1284205,0.1523629,-0.002673181,-0.07976408,0.1172152,0.1418057,-0.01899514,-0.08486805,0.111065,0.1410632,-0.1653791,0.4425541,0.02727846,0.8809379,56.48857,-0.3494674,0.9351739,0.05764291,2.948687,-0.003115823,-0.07510916,0.1048339,0.1290009,0.761954,0.3700047,0.331115,-0.4157954,229.1388,0.8378107,0.4068407,0.3640793,0.3600082,True,False,True,-0.1048451,0.5951499,0.1248672,0.61708,-0.1011924,-0.2390492,-0.3313196,-0.9071069,310.2171,-0.240419,-0.5679473,-0.7871687,0.01414125,0.5826014,0.178506,0.6094987,0.01176653,0.5491536,0.2127318,0.5890356,-0.03427444,0.5598237,0.1673951,0.5853191,0.0545027,-0.06033764,0.1126169,0.1389019,0.01652138,-0.07347587,0.1436202,0.1621679,0.008979613,-0.05435302,0.07735778,0.09496899,0.05450805,-0.06033228,0.1126171,0.1389019,0.01651545,-0.07342126,0.143703,0.1622159,0.008979274,-0.05433961,0.07735046,0.09495533,0.0225226,-0.06237877,0.108771,0.1273951,-0.8906817,-0.1059687,0.4284386,0.1090742,167.4761,-0.8960277,-0.1066047,0.4310102,14.44395,0,0,0,0,0,0,0,0,0,1,0,0,0.3599432,False,True,False,0.05440415,1.002059,0.2947307,1.04592,0.7526639,0.3940398,0.4001632,0.3436555,139.8005,0.8014773,0.4195949,0.4261154,-0.004404154,-0.002059102,0.005269349,0.007169554,-0.03891829,-0.02625916,0.000581329,0.9988971,5.382309,-0.8288864,-0.5592708,0.01238121,0.01558454,1.104385,-0.03909429,1.105186,0.01850837,0.05544683,-0.005042952,0.9982774,6.727078,0.3154602,0.9450465,-0.08595306,True
1773055724674,15.41469,0.1343072,0.9189917,0.236689,0.9584394,-0.5571277,-0.3469768,-0.2587536,0.7087048,89.74073,-0.7896861,-0.4918132,-0.3667635,0.03517248,0.9888358,0.2812673,1.028662,0.0418997,1.017663,0.2858014,1.057864,0.05355927,1.007731,0.2958804,1.051635,-0.02735872,-0.08978073,0.09962133,0.1368703,-0.01854879,-0.07985087,0.1284353,0.1523675,-0.002704671,-0.07964089,0.1172015,0.1417257,-0.02730016,-0.08982781,0.09955414,0.1368406,-0.018556,-0.07986119,0.1284236,0.1523639,-0.002679667,-0.07973868,0.1172124,0.1417892,-0.01900219,-0.08485484,0.1110727,0.1410623,-0.1653519,0.4429191,0.02785302,0.8807415,56.53613,-0.3491403,0.935223,0.05881161,2.947624,-0.003122494,-0.07509667,0.1048412,0.1289997,0.761954,0.3700047,0.331115,-0.4157954,229.1388,0.8378108,0.4068407,0.3640794,0.360065,True,False,True,-0.1047869,0.5951277,0.1248398,0.6170431,-0.101217,-0.2390284,-0.3312112,-0.9071493,310.2286,-0.2405295,-0.5680212,-0.7870821,0.01419159,0.582539,0.178486,0.6094345,0.01180075,0.5490872,0.2126903,0.5889594,-0.03423279,0.559795,0.1673647,0.5852805,0.05449006,-0.06034291,0.1126198,0.1389016,0.01650863,-0.0734884,0.1435996,0.162154,0.008983374,-0.05434203,0.07734955,0.09495636,0.05450434,-0.06033447,0.1126177,0.1389018,0.01651404,-0.07343508,0.1436817,0.1622032,0.008980118,-0.05434011,0.07735027,0.09495554,0.02252285,-0.0623832,0.1087605,0.1273883,-0.890676,-0.1061196,0.4283908,0.1091611,167.4661,-0.8960306,-0.1067575,0.4309663,14.43926,0,0,0,0,0,0,0,0,0,1,0,0,0.3598739,False,True,False,0.05442553,1.002093,0.2946588,1.045934,0.7525856,0.393926,0.4003244,0.3437696,139.7866,0.8014296,0.4194923,0.4263061,-0.004425529,-0.002093315,0.005341172,0.007245371,-0.03891594,-0.02602091,0.000617222,0.9989035,5.366868,-0.8312221,-0.5557916,0.01318351,0.01556563,1.104382,-0.03913869,1.105184,0.01847846,0.05550548,-0.005010555,0.9982748,6.732082,0.3147162,0.9453425,-0.08533736,True
1773055724689,15.42848,0.134281,0.9190111,0.2366989,0.9584566,-0.5571425,-0.3471227,-0.2589362,0.708555,89.76506,-0.7895388,-0.4919152,-0.3669442,0.03512637,0.9888971,0.2811891,1.028697,0.04187265,1.017695,0.2857522,1.05788,0.05353805,1.007781,0.2958156,1.051664,-0.02738845,-0.0897661,0.09963743,0.1368784,-0.01854412,-0.07985003,0.1284224,0.1523556,-0.002710031,-0.07961001,0.1172027,0.1417094,-0.02731839,-0.08981507,0.09957134,0.1368484,-0.01855355,-0.07985888,0.1284233,0.1523622,-0.002685934,-0.0797121,0.1172104,0.1417727,-0.01901058,-0.08484165,0.111078,0.1410596,-0.1653145,0.4433016,0.0284351,0.8805375,56.58546,-0.348782,0.9352817,0.05999264,2.946262,-0.003130419,-0.07508421,0.1048463,0.1289968,0.7619541,0.3700047,0.3311151,-0.4157955,229.1388,0.8378107,0.4068407,0.3640793,0.3604092,True,False,True,-0.1047931,0.5951681,0.1248084,0.6170768,-0.1012692,-0.2390242,-0.3310734,-0.9071949,310.2411,-0.2407099,-0.5681438,-0.7869384,0.01418387,0.5825408,0.1784486,0.609425,0.01177865,0.549089,0.212671,0.5889537,-0.03424629,0.5598149,0.1673312,0.5852907,0.05449049,-0.0603448,0.1126185,0.1389016,0.01649812,-0.07348032,0.1436127,0.1621609,0.008985924,-0.05434128,0.07735164,0.09495787,0.05450148,-0.0603366,0.1126179,0.1389018,0.01651076,-0.07344442,0.1436675,0.1621944,0.008981315,-0.05434035,0.07735056,0.09495602,0.02252269,-0.06238653,0.1087544,0.1273847,-0.8906736,-0.1062112,0.4283574,0.109223,167.459,-0.8960344,-0.1068505,0.4309356,14.43622,0,0,0,0,0,0,0,0,0,1,0,0,0.3582327,False,True,False,0.05444413,1.002124,0.2945841,1.045943,0.7525023,0.3938104,0.4004918,0.3438896,139.772,0.8013783,0.4193889,0.4265043,-0.004444126,-0.002124071,0.005415946,0.00732082,-0.0389105,-0.0257731,0.0006523893,0.9989101,5.350649,-0.8336259,-0.5521678,0.01397691,0.01555642,1.104392,-0.03918017,1.105197,0.01852578,0.05545881,-0.004943476,0.9982769,6.72801,0.3157132,0.9451197,-0.08424589,True
1773055724702,15.4423,0.1342506,0.919031,0.2367109,0.9584745,-0.5571647,-0.3472741,-0.2591244,0.7083946,89.79111,-0.7893902,-0.4920174,-0.367127,0.03507537,0.9889611,0.2811081,1.028735,0.04184224,1.017727,0.2857015,1.057896,0.05351315,1.007836,0.2957496,1.051696,-0.02742022,-0.08975095,0.09965348,0.1368865,-0.01853914,-0.07984935,0.1284074,0.152342,-0.002715169,-0.07957841,0.1172049,0.1416936,-0.02733945,-0.0898018,0.09958833,0.1368563,-0.01855057,-0.07985692,0.12842,0.152358,-0.002691979,-0.07968443,0.1172092,0.1417564,-0.01902024,-0.08482847,0.111081,0.1410554,-0.1652667,0.4436991,0.02902262,0.8803271,56.63631,-0.3483941,0.9353496,0.06118177,2.944616,-0.003139536,-0.07507176,0.1048491,0.1289921,0.7619541,0.3700047,0.331115,-0.4157955,229.1388,0.8378108,0.4068407,0.3640793,0.3608131,True,False,True,-0.1048014,0.5952099,0.1247768,0.6171122,-0.1013367,-0.2390167,-0.3309224,-0.9072443,310.2545,-0.2409314,-0.5682701,-0.786779,0.01417422,0.5825384,0.1784099,0.6094112,0.01175317,0.5490872,0.2126547,0.5889456,-0.03426289,0.5598334,0.1672964,0.5852995,0.05449102,-0.06034702,0.1126172,0.1389017,0.01648617,-0.0734695,0.1436303,0.1621703,0.008988832,-0.05433994,0.07735363,0.09495901,0.05449931,-0.06033875,0.1126177,0.1389017,0.01650567,-0.0734496,0.1436598,0.1621895,0.008982869,-0.05434026,0.07735119,0.09495664,0.02252207,-0.06238882,0.1087523,0.127384,-0.8906749,-0.1062472,0.4283357,0.1092624,167.4544,-0.8960395,-0.1068872,0.4309156,14.43469,0,0,0,0,0,0,0,0,0,1,0,0,0.3569031,False,True,False,0.05440734,1.002174,0.294529,1.045973,0.7524135,0.3936814,0.4006239,0.3440776,139.749,0.8013425,0.4192822,0.4266762,-0.004407335,-0.002173901,0.005471051,0.007354104,-0.03884473,-0.0255164,0.0007362391,0.9989192,5.328214,-0.8357223,-0.5489709,0.01583977,0.01553704,1.104421,-0.0392206,1.105227,0.01847,0.05543477,-0.004922863,0.9982793,6.723235,0.3149862,0.9453812,-0.0839542,True
1773055724716,15.45651,0.1342162,0.9190514,0.236725,0.9584927,-0.5571939,-0.3474308,-0.2593177,0.708224,89.8188,-0.7892402,-0.4921201,-0.3673119,0.03501975,0.9890277,0.2810244,1.028774,0.04180864,1.01776,0.2856496,1.057913,0.05348487,1.007893,0.2956824,1.051731,-0.02745389,-0.08973527,0.09966957,0.1368947,-0.01853378,-0.07984883,0.1283905,0.1523268,-0.002720086,-0.07954605,0.1172079,0.141678,-0.02736364,-0.08978774,0.09960551,0.1368644,-0.01854702,-0.07985521,0.1284138,0.1523514,-0.002697919,-0.07965516,0.117209,0.1417398,-0.0190313,-0.084815,0.1110819,0.1410495,-0.1652073,0.4441192,0.02962724,0.8801062,56.68964,-0.3479683,0.9354274,0.06240246,2.942671,-0.003149959,-0.07505906,0.1048499,0.1289856,0.761954,0.3700047,0.331115,-0.4157954,229.1388,0.8378107,0.4068407,0.3640793,0.3611853,True,False,True,-0.1048115,0.5952531,0.1247449,0.6171491,-0.101419,-0.2390059,-0.3307589,-0.9072976,310.2691,-0.2411929,-0.5683999,-0.7866052,0.01416261,0.5825321,0.1783698,0.6093932,0.01172443,0.5490818,0.2126415,0.5889353,-0.03428237,0.5598506,0.1672602,0.5853068,0.05449165,-0.06034949,0.1126156,0.1389017,0.01647279,-0.07345603,0.143652,0.1621821,0.008992092,-0.05433808,0.07735562,0.09495986,0.05449769,-0.06034102,0.1126173,0.1389017,0.01649872,-0.07345096,0.1436582,0.1621879,0.008984817,-0.0543398,0.07735213,0.09495732,0.02252097,-0.06239016,0.1087541,0.127386,-0.8906802,-0.1062303,0.4283239,0.1092821,167.4521,-0.8960468,-0.1068703,0.4309047,14.43455,0,0,0,0,0,0,0,0,0,1,0,0,0.356225,False,True,False,0.05436609,1.002224,0.2944717,1.046003,0.7523201,0.3935489,0.4007561,0.3442796,139.7243,0.8013062,0.4191743,0.4268506,-0.004366089,-0.002224207,0.005528331,0.007387305,-0.03876852,-0.02525082,0.0008262431,0.9989288,5.304355,-0.8378241,-0.545694,0.01785589,0.01550083,1.104452,-0.03925261,1.105258,0.01824387,0.05545233,-0.004861325,0.9982829,6.716243,0.3114512,0.9466577,-0.08299039,True
1773055724730,15.47015,0.1342123,0.9190527,0.2368051,0.9585131,-0.557273,-0.3475403,-0.2594056,0.7080758,89.84286,-0.7891859,-0.4921716,-0.367359,0.03500318,0.9890685,0.2810342,1.028816,0.04181125,1.017761,0.2856786,1.057922,0.05349002,1.007913,0.2956932,1.051753,-0.02747536,-0.08972531,0.09968286,0.1369022,-0.0185244,-0.07985187,0.1283627,0.1523038,-0.002726049,-0.07952325,0.1171924,0.1416525,-0.0273865,-0.08977496,0.09962134,0.1368721,-0.0185424,-0.07985453,0.1284034,0.1523417,-0.002703675,-0.07962814,0.1172056,0.1417219,-0.0190413,-0.08480296,0.1110803,0.1410424,-0.1651592,0.4445449,0.03019922,0.8798808,56.74401,-0.3475614,0.9355012,0.06355131,2.940297,-0.003159423,-0.07504767,0.1048485,0.128978,0.7619541,0.3700047,0.3311151,-0.4157955,229.1388,0.8378108,0.4068407,0.3640794,0.3609939,True,False,True,-0.1048113,0.5953353,0.1247107,0.6172214,-0.10155,-0.2390465,-0.3306574,-0.9073093,310.2722,-0.241519,-0.5685304,-0.7864111,0.01417053,0.5825939,0.1783145,0.6094362,0.0117252,0.5491277,0.2126036,0.5889643,-0.03426744,0.5598983,0.1672216,0.5853404,0.0545039,-0.06033569,0.1126176,0.1389021,0.0164654,-0.07344013,0.143672,0.1621919,0.008990935,-0.05435085,0.07737691,0.09498441,0.05449896,-0.06033993,0.1126174,0.1389018,0.01649191,-0.07344875,0.143661,0.1621887,0.008986069,-0.05434206,0.0773572,0.09496287,0.02252148,-0.06239093,0.1087608,0.1273921,-0.8906677,-0.106215,0.4283614,0.1092516,167.4557,-0.8960312,-0.1068546,0.430941,14.43542,0,0,0,0,0,0,0,0,0,1,0,0,0.3563681,False,True,False,0.05432067,1.002275,0.294412,1.046033,0.7522218,0.3934133,0.4008886,0.3444948,139.6981,0.8012689,0.4190651,0.4270277,-0.00432067,-0.002275229,0.005587995,0.007420953,-0.03868225,-0.02497659,0.0009218724,0.998939,5.279202,-0.8399441,-0.5423403,0.02001748,0.01547179,1.10448,-0.0392611,1.105286,0.0181257,0.05540806,-0.004894282,0.9982873,6.707726,0.309827,0.9471036,-0.08365917,True
1773055724743,15.48403,0.1342067,0.9190533,0.2368905,0.9585341,-0.5573637,-0.3476488,-0.2594855,0.7079219,89.86784,-0.789142,-0.4922177,-0.3673919,0.03498547,0.9891094,0.2810487,1.028858,0.04181358,1.017761,0.2857119,1.05793,0.05349434,1.007931,0.2957082,1.051775,-0.02749695,-0.08971561,0.09969572,0.1369095,-0.01851426,-0.07985544,0.128332,0.1522786,-0.002731902,-0.07950096,0.1171756,0.1416262,-0.02740943,-0.08976264,0.09963679,0.1368799,-0.01853656,-0.07985472,0.1283886,0.1523286,-0.002709533,-0.07960172,0.1171993,0.141702,-0.01905091,-0.08479157,0.1110764,0.1410337,-0.1651177,0.444997,0.03077113,0.8796402,56.80201,-0.3471488,0.935576,0.06469421,2.937413,-0.003168488,-0.07503694,0.1048447,0.128969,0.7619541,0.3700047,0.3311151,-0.4157955,229.1388,0.8378108,0.4068407,0.3640794,0.3608108,True,False,True,-0.104812,0.5954209,0.1246762,0.6172971,-0.1016988,-0.2390904,-0.3305528,-0.9073191,310.2749,-0.2418851,-0.5686637,-0.7862021,0.01417854,0.5826581,0.1782566,0.6094809,0.0117261,0.5491744,0.2125653,0.588994,-0.0342515,0.559946,0.1671818,0.5853738,0.05451766,-0.06032009,0.1126199,0.1389026,0.01645757,-0.07342176,0.1436953,0.1622034,0.008989506,-0.05436501,0.07740045,0.09501155,0.05450284,-0.06033581,0.1126179,0.138902,0.01648478,-0.07344315,0.1436681,0.1621918,0.008986782,-0.05434683,0.07736618,0.09497298,0.02252339,-0.06239121,0.1087722,0.1274024,-0.8906392,-0.1061991,0.4284442,0.1091748,167.4645,-0.895995,-0.1068377,0.4310206,14.43724,0,0,0,0,0,0,0,0,0,1,0,0,0.3570744,False,True,False,0.05431273,1.002304,0.2944296,1.046065,0.7521381,0.3933633,0.4009303,0.3446863,139.6747,0.8012397,0.4190431,0.4271041,-0.004312728,-0.002304196,0.005570412,0.007412046,-0.03854776,-0.0248165,0.0009862543,0.9989481,5.256462,-0.8406462,-0.541196,0.02150815,0.01543511,1.104499,-0.03926785,1.105305,0.01819245,0.05538154,-0.004927335,0.9982874,6.707492,0.3109789,0.9466832,-0.08422709,True
1773055724758,15.49817,0.134223,0.9190423,0.2369253,0.9585344,-0.5573877,-0.347841,-0.2596319,0.7077549,89.89492,-0.7889891,-0.4923731,-0.3675121,0.03497829,0.9891362,0.2809899,1.028868,0.04182184,1.017751,0.2856799,1.057913,0.05349986,1.007931,0.2956657,1.051763,-0.0275214,-0.08969993,0.09971254,0.1369164,-0.0185051,-0.07985601,0.1283123,0.1522612,-0.00273588,-0.07948428,0.1171609,0.1416048,-0.02743302,-0.08974943,0.09965274,0.1368876,-0.01852994,-0.07985499,0.1283725,0.1523144,-0.00271508,-0.07957697,0.1171912,0.1416815,-0.01906033,-0.08478003,0.1110722,0.1410248,-0.1650599,0.4454835,0.03130225,0.8793861,56.8632,-0.3466849,0.9356749,0.06574594,2.934378,-0.003177366,-0.07502604,0.1048409,0.1289597,0.761954,0.3700047,0.331115,-0.4157955,229.1388,0.8378107,0.4068407,0.3640793,0.3609239,True,False,True,-0.1048205,0.5954566,0.124687,0.6173352,-0.101797,-0.2390561,-0.3304827,-0.9073427,310.2814,-0.2421481,-0.5686508,-0.7861304,0.01417077,0.5826712,0.1782589,0.6094939,0.01170655,0.5491779,0.2125769,0.5890012,-0.03424993,0.5599506,0.1672053,0.5853848,0.05452854,-0.06031622,0.1126158,0.1389019,0.01645586,-0.07341297,0.143702,0.1622052,0.008986969,-0.05437628,0.07742692,0.09503932,0.05450826,-0.06033169,0.1126175,0.138902,0.01647869,-0.0734368,0.1436753,0.1621946,0.008986821,-0.05435303,0.07737897,0.09498695,0.02252671,-0.06239191,0.1087857,0.1274148,-0.890592,-0.1061784,0.4285691,0.1090902,167.4743,-0.8959391,-0.1068159,0.4311422,14.43872,0,0,0,0,0,0,0,0,0,1,0,0,0.3575475,False,True,False,0.05430423,1.002332,0.2944517,1.046097,0.7520521,0.3933206,0.4009616,0.344886,139.6503,0.8012107,0.4190304,0.4271708,-0.004304234,-0.002331734,0.005548298,0.007399123,-0.03839932,-0.0246626,0.001051624,0.9989576,5.232725,-0.8411971,-0.5402727,0.02303746,0.01542119,1.104499,-0.03927585,1.105305,0.01828203,0.05526574,-0.004943648,0.9982921,6.698262,0.312941,0.9460064,-0.08462245,True
1773055724771,15.51176,0.1342393,0.9190301,0.2369614,0.9585339,-0.5574127,-0.3480427,-0.2597801,0.7075816,89.92303,-0.7888306,-0.4925376,-0.3676316,0.03497016,0.9891619,0.2809289,1.028876,0.04182929,1.01774,0.2856466,1.057893,0.05350345,1.00793,0.2956227,1.05175,-0.02754632,-0.08968373,0.09972946,0.1369231,-0.01849541,-0.0798566,0.1282917,0.152243,-0.002739593,-0.07946876,0.1171455,0.1415834,-0.02745614,-0.08973603,0.0996684,0.1368948,-0.0185229,-0.07985532,0.128356,0.1522998,-0.00272008,-0.07955488,0.1171819,0.1416615,-0.01906919,-0.08476889,0.1110681,0.141016,-0.1649891,0.4459777,0.03177122,0.879132,56.92433,-0.3461952,0.9357909,0.06666526,2.931343,-0.003185743,-0.07501549,0.1048369,0.1289506,0.7619539,0.3700046,0.331115,-0.4157954,229.1388,0.8378109,0.4068407,0.3640794,0.3610958,True,False,True,-0.1048302,0.5954919,0.1247004,0.6173736,-0.1019033,-0.2390145,-0.3304144,-0.9073666,310.2879,-0.2424306,-0.5686215,-0.7860642,0.01416145,0.5826829,0.1782635,0.6095062,0.01168497,0.5491799,0.2125914,0.5890078,-0.0342489,0.5599531,0.167233,0.585395,0.05454007,-0.06031256,0.112611,0.1389009,0.0164546,-0.07340346,0.1437091,0.1622071,0.008984096,-0.05438817,0.07745562,0.09506924,0.05451475,-0.06032779,0.1126162,0.1389018,0.01647378,-0.07343,0.1436822,0.1621972,0.008986265,-0.0543602,0.07739461,0.09500374,0.02253109,-0.06239296,0.1088004,0.1274287,-0.8905303,-0.1061532,0.4287257,0.1090029,167.4843,-0.8958685,-0.1067895,0.4312956,14.43982,0,0,0,0,0,0,0,0,0,1,0,0,0.3582595,False,True,False,0.05430101,1.00234,0.2944112,1.046093,0.7519254,0.3932351,0.4011047,0.3450933,139.625,0.8011408,0.4189733,0.427358,-0.004301008,-0.002339721,0.005588859,0.007430229,-0.03829193,-0.02439148,0.001092105,0.9989683,5.205723,-0.8431973,-0.5371061,0.0240484,0.01540157,1.104507,-0.03927989,1.105313,0.01830742,0.05527018,-0.00493641,0.9982914,6.699665,0.31331,0.9458841,-0.08448086,True
1773055724786,15.52604,0.134234,0.9190117,0.2369889,0.9585223,-0.5575831,-0.3482929,-0.259831,0.7073054,89.9678,-0.7887632,-0.4926991,-0.3675599,0.03494944,0.9891968,0.28085,1.028887,0.04181145,1.017742,0.2855701,1.057874,0.0534834,1.007934,0.2955388,1.05173,-0.02755214,-0.08966945,0.09974735,0.136928,-0.01848524,-0.07985964,0.1282746,0.1522289,-0.002743516,-0.07945713,0.1171217,0.1415573,-0.02747653,-0.0897219,0.09968516,0.1369018,-0.01851491,-0.07985623,0.1283388,0.1522848,-0.002725055,-0.07953411,0.1171691,0.1416394,-0.01907595,-0.08475733,0.1110649,0.1410075,-0.1649131,0.4465031,0.03223909,0.8788626,56.98908,-0.3456754,0.935918,0.06757656,2.928019,-0.003192103,-0.07500461,0.1048339,0.1289419,0.7619539,0.3700046,0.331115,-0.4157954,229.1388,0.8378107,0.4068407,0.3640794,0.3605711,True,False,True,-0.1048203,0.5955577,0.1247069,0.6174367,-0.1020029,-0.2389946,-0.3304694,-0.9073406,310.2808,-0.2426351,-0.5684985,-0.7860903,0.01417968,0.5827762,0.1782594,0.6095946,0.01169621,0.549237,0.2125826,0.5890581,-0.03421806,0.5599992,0.1672451,0.5854408,0.05456764,-0.06029177,0.1126096,0.1389015,0.01645442,-0.07339848,0.1437055,0.1622016,0.008980091,-0.05440436,0.07747976,0.09509779,0.05452598,-0.06032014,0.1126148,0.1389017,0.01646967,-0.07342331,0.1436871,0.1621981,0.008984955,-0.05436957,0.07741269,0.0950237,0.02253845,-0.06239396,0.1088158,0.1274436,-0.8904438,-0.1061783,0.4289282,0.1088882,167.4975,-0.8957701,-0.1068134,0.4314938,14.44173,0,0,0,0,0,0,0,0,0,1,0,0,0.3587028,False,True,False,0.05429651,1.002347,0.29437,1.046088,0.7517918,0.3931503,0.4012534,0.3453081,139.5988,0.8010659,0.4189182,0.4275525,-0.004296508,-0.002346635,0.005630016,0.007460815,-0.03817833,-0.0241107,0.001130316,0.9989794,5.177521,-0.8452643,-0.5338084,0.02502508,0.01537047,1.104537,-0.03925902,1.105341,0.01822588,0.05519395,-0.004888328,0.9982973,6.687966,0.3124605,0.9462329,-0.08380442,True
1773055724799,15.54,0.1342272,0.9189919,0.237017,0.9585093,-0.5578602,-0.3486766,-0.2598872,0.7068772,90.03721,-0.7886775,-0.4929431,-0.3674167,0.03491866,0.9892485,0.2807215,1.028901,0.04178154,1.017762,0.2854337,1.057855,0.05344824,1.007959,0.295402,1.051713,-0.02755604,-0.08965505,0.09976537,0.1369324,-0.0184748,-0.07986296,0.1282574,0.1522149,-0.00274721,-0.07944674,0.1170966,0.1415307,-0.0274931,-0.08970796,0.09970188,0.1369082,-0.01850655,-0.07985763,0.1283218,0.1522702,-0.00272967,-0.07951589,0.117154,0.1416167,-0.01908032,-0.0847461,0.1110628,0.1409996,-0.1648367,0.4470238,0.03267569,0.8785959,57.05308,-0.3451602,0.9360467,0.06842136,2.924641,-0.003196242,-0.07499401,0.1048319,0.1289342,0.7619539,0.3700046,0.331115,-0.4157954,229.1388,0.8378109,0.4068407,0.3640794,0.3601883,True,False,True,-0.1048102,0.5956253,0.124715,0.6175018,-0.102108,-0.238972,-0.3305427,-0.907308,310.2719,-0.2428445,-0.5683495,-0.7861332,0.01419886,0.5828769,0.1782566,0.6096905,0.01170898,0.5492983,0.2125735,0.5891122,-0.03418524,0.5600477,0.1672587,0.5854892,0.05459737,-0.06026913,0.1126079,0.138902,0.0164547,-0.0733936,0.1437008,0.1621953,0.008975722,-0.05442137,0.07750457,0.09512732,0.05454086,-0.06030951,0.1126133,0.1389018,0.01646655,-0.07341713,0.14369,0.1621975,0.008983032,-0.05438037,0.07743184,0.0950453,0.02254807,-0.06239484,0.1088307,0.1274585,-0.8903401,-0.1062481,0.4291598,0.1087558,167.5128,-0.8956527,-0.1068821,0.4317206,14.44428,0,0,0,0,0,0,0,0,0,1,0,0,0.3591266,False,True,False,0.05427113,1.002369,0.2942907,1.046086,0.7515882,0.3931697,0.4013108,0.3456622,139.5555,0.8009602,0.4189971,0.427673,-0.004271131,-0.002369165,0.005709291,0.007513422,-0.03785781,-0.0238522,0.001155829,0.9989977,5.130887,-0.8457885,-0.5328866,0.0258226,0.01534686,1.104573,-0.03922413,1.105375,0.0180578,0.0550587,-0.004909534,0.9983078,6.667442,0.3105296,0.946813,-0.08442644,True
1773055724813,15.55339,0.1342191,0.9189707,0.2370456,0.9584949,-0.5582339,-0.3491685,-0.2599343,0.7063218,90.12714,-0.7885875,-0.4932519,-0.3671955,0.03488015,0.9893138,0.2805531,1.028916,0.04174162,1.017796,0.2852478,1.057837,0.05340067,1.008001,0.2952214,1.0517,-0.02755756,-0.08964056,0.09978373,0.1369366,-0.01846387,-0.0798667,0.12824,0.1522009,-0.002750738,-0.07943789,0.1170695,0.1415034,-0.02750611,-0.08969437,0.09971839,0.1369139,-0.01849795,-0.07985946,0.1283053,0.1522562,-0.002733919,-0.07950015,0.117137,0.1415938,-0.01908252,-0.0847353,0.1110617,0.1409926,-0.1647608,0.4475353,0.03307934,0.8783347,57.11575,-0.3446545,0.9361759,0.06919695,2.921252,-0.003198326,-0.07498381,0.1048308,0.1289275,0.761954,0.3700047,0.331115,-0.4157954,229.1388,0.8378107,0.4068407,0.3640793,0.3599301,True,False,True,-0.1047997,0.5956946,0.1247246,0.6175689,-0.1022184,-0.2389466,-0.3306338,-0.9072691,310.2613,-0.2430586,-0.5681757,-0.786193,0.01421931,0.5829855,0.1782552,0.6097944,0.01172327,0.5493637,0.2125641,0.5891701,-0.03415018,0.5600984,0.1672738,0.5855399,0.05462994,-0.06024428,0.1126063,0.1389028,0.01645555,-0.07338874,0.1436951,0.1621881,0.008970935,-0.05443952,0.07753056,0.09515843,0.05455883,-0.06029636,0.1126119,0.138902,0.01646433,-0.07341141,0.143691,0.1621956,0.008980593,-0.0543923,0.07745175,0.09506812,0.02255962,-0.06239559,0.1088452,0.1274733,-0.8902221,-0.1063561,0.429415,0.1086087,167.5298,-0.8955196,-0.1069889,0.4319703,14.44738,0,0,0,0,0,0,0,0,0,1,0,0,0.3595767,False,True,False,0.05423234,1.002414,0.2941622,1.046091,0.7512709,0.3932197,0.4013821,0.346212,139.4884,0.800795,0.419141,0.4278414,-0.004232336,-0.002414227,0.005837798,0.007604015,-0.03734469,-0.02347092,0.001187299,0.9990261,5.05773,-0.8463839,-0.5319474,0.02690907,0.01532784,1.104605,-0.03918719,1.105407,0.0179648,0.05506196,-0.004878805,0.9983094,6.664153,0.3090829,0.9473367,-0.08393946,True
1773055724827,15.5674,0.1341911,0.9190099,0.2371249,0.9585481,-0.5584804,-0.3494698,-0.2599715,0.7059641,90.18503,-0.7885383,-0.4934289,-0.367063,0.0348446,0.9894078,0.280529,1.028999,0.04169516,1.017859,0.285196,1.057881,0.05335222,1.008064,0.2951644,1.051742,-0.02753482,-0.08963878,0.09979285,0.1369375,-0.01845438,-0.07987784,0.1282141,0.1521837,-0.002755544,-0.07943373,0.1170328,0.1414708,-0.02751211,-0.08968274,0.09973396,0.1369189,-0.01848884,-0.07986329,0.1282863,0.1522411,-0.002738439,-0.07948625,0.1171152,0.1415681,-0.01908066,-0.0847258,0.1110603,0.1409855,-0.1647149,0.4480291,0.03351368,0.8780751,57.17797,-0.3442151,0.9362748,0.07003565,2.917407,-0.00319656,-0.07497486,0.1048295,0.1289212,0.761954,0.3700047,0.331115,-0.4157954,229.1388,0.8378107,0.4068407,0.3640793,0.3599383,True,False,True,-0.1047693,0.5957211,0.1247926,0.617603,-0.1023429,-0.2388669,-0.3306726,-0.9072619,310.2593,-0.2433456,-0.5679653,-0.786256,0.01425265,0.583019,0.1783187,0.6098457,0.01174633,0.5493707,0.212635,0.5892026,-0.0341114,0.5601013,0.1673453,0.5855608,0.05465369,-0.06023272,0.1126013,0.1389031,0.01645578,-0.07337918,0.1437023,0.1621902,0.008967762,-0.05445147,0.07754549,0.09517714,0.05457866,-0.06028306,0.1126097,0.1389022,0.01646255,-0.07340467,0.1436934,0.1621945,0.008977911,-0.05440467,0.07747135,0.09509091,0.02257193,-0.06239619,0.1088602,0.1274885,-0.8900992,-0.106452,0.4296857,0.1084513,167.5479,-0.8953804,-0.1070836,0.4322351,14.45135,0,0,0,0,0,0,0,0,0,1,0,0,0.3594899,False,True,False,0.05418273,1.002478,0.2939931,1.046102,0.7508576,0.3933066,0.4014544,0.3469253,139.4013,0.8005793,0.4193513,0.4280387,-0.00418273,-0.002478004,0.006006896,0.007727777,-0.03666123,-0.0229987,0.001219301,0.9990624,4.96272,-0.8467932,-0.5312189,0.02816315,0.01532508,1.104606,-0.03915276,1.105406,0.01809529,0.0549931,-0.005023323,0.9983101,6.662743,0.3113939,0.9463524,-0.08644418,True
1773055724840,15.58135,0.1341607,0.9190515,0.2372076,0.9586043,-0.5587181,-0.3497453,-0.2599915,0.7056321,90.23872,-0.7885059,-0.4935873,-0.36692,0.03481083,0.9894996,0.2805227,1.029084,0.04164775,1.017918,0.2851589,1.057926,0.05330354,1.008123,0.2951207,1.051784,-0.02750697,-0.08963853,0.09980088,0.1369376,-0.01844474,-0.07989022,0.1281867,0.152166,-0.002760458,-0.07943121,0.1169933,0.1414368,-0.02751104,-0.08967353,0.09974791,0.1369228,-0.01847966,-0.0798689,0.1282655,0.1522254,-0.002743025,-0.07947478,0.1170898,0.1415407,-0.01907493,-0.08471797,0.1110586,0.1409787,-0.1647002,0.4484839,0.03395772,0.8778285,57.23696,-0.3438598,0.9363409,0.07089664,2.913289,-0.003191164,-0.07496741,0.104828,0.1289155,0.7619539,0.3700046,0.331115,-0.4157954,229.1388,0.8378109,0.4068407,0.3640794,0.3603722,True,False,True,-0.1047376,0.5957466,0.1248653,0.6176369,-0.1024735,-0.2387787,-0.3307194,-0.9072534,310.257,-0.2436454,-0.5677307,-0.786333,0.0142874,0.5830523,0.1783877,0.6098986,0.01177059,0.5493767,0.212712,0.5892365,-0.03407162,0.5601029,0.1674212,0.5855818,0.05467858,-0.06022107,0.112596,0.1389035,0.0164563,-0.07336912,0.1437106,0.162193,0.008964566,-0.0544635,0.07755986,0.09519542,0.05459949,-0.06027015,0.1126068,0.1389025,0.01646125,-0.07339726,0.143697,0.1621942,0.008975132,-0.05441693,0.0774898,0.0951127,0.02258449,-0.06239662,0.108875,0.1275036,-0.8899769,-0.1065328,0.4299593,0.1082905,167.5664,-0.8952416,-0.107163,0.4325027,14.45602,0,0,0,0,0,0,0,0,0,1,0,0,0.3596475,False,True,False,0.05413555,1.002574,0.2939477,1.046179,0.7506016,0.3933528,0.4014898,0.3473856,139.345,0.8004519,0.4194768,0.4281543,-0.004135553,-0.002573967,0.006052345,0.007769105,-0.03622383,-0.02270269,0.001255681,0.999085,4.902405,-0.846974,-0.530827,0.02935994,0.01532128,1.104591,-0.03913068,1.10539,0.01823568,0.05504382,-0.005120094,0.9983044,6.674134,0.3132739,0.9456075,-0.08795901,True
