Timestamp,Trial Duration,Right Wrist World Position X,Right Wrist World Position Y,Right Wrist World Position Z,Right Wrist World Position Magnitude,Right Wrist World Rotation X,Right Wrist World Rotation Y,Right Wrist World Rotation Z,Right Wrist World Rotation W,Right Wrist World Rotation Angle,Right Wrist World Rotation Axis X,Right Wrist World Rotation Axis Y,Right Wrist World Rotation Axis Z,Right Thumb Tip World Position X,Right Thumb Tip World Position Y,Right Thumb Tip World Position Z,Right Thumb Tip World Position Magnitude,Right Index Tip World Position X,Right Index Tip World Position Y,Right Index Tip World Position Z,Right Index Tip World Position Magnitude,Right Middle Tip World Position X,Right Middle Tip World Position Y,Right Middle Tip World Position Z,Right Middle Tip World Position Magnitude,Right Thumb Tip Local Position X,Right Thumb Tip Local Position Y,Right Thumb Tip Local Position Z,Right Thumb Tip Local Position Magnitude,Right Index Tip Local Position X,Right Index Tip Local Position Y,Right Index Tip Local Position Z,Right Index Tip Local Position Magnitude,Right Middle Tip Local Position X,Right Middle Tip Local Position Y,Right Middle Tip Local Position Z,Right Middle Tip Local Position Magnitude,Right Die Local Position X,Right Die Local Position Y,Right Die Local Position Z,Right Die Local Position Magnitude,Right Die Local Rotation X,Right Die Local Rotation Y,Right Die Local Rotation Z,Right Die Local Rotation W,Right Die Local Rotation Angle,Right Die Local Rotation Axis X,Right Die Local Rotation Axis Y,Right Die Local Rotation Axis Z,Left Wrist World Position X,Left Wrist World Position Y,Left Wrist World Position Z,Left Wrist World Position Magnitude,Left Wrist World Rotation X,Left Wrist World Rotation Y,Left Wrist World Rotation Z,Left Wrist World Rotation W,Left Wrist World Rotation Angle,Left Wrist World Rotation Axis X,Left Wrist World Rotation Axis Y,Left Wrist World Rotation Axis Z,Left Thumb Tip World Position X,Left Thumb Tip World Position Y,Left Thumb Tip World Position Z,Left Thumb Tip World Position Magnitude,Left Index Tip World Position X,Left Index Tip World Position Y,Left Index Tip World Position Z,Left Index Tip World Position Magnitude,Left Middle Tip World Position X,Left Middle Tip World Position Y,Left Middle Tip World Position Z,Left Middle Tip World Position Magnitude,Left Thumb Tip Local Position X,Left Thumb Tip Local Position Y,Left Thumb Tip Local Position Z,Left Thumb Tip Local Position Magnitude,Left Index Tip Local Position X,Left Index Tip Local Position Y,Left Index Tip Local Position Z,Left Index Tip Local Position Magnitude,Left Middle Tip Local Position X,Left Middle Tip Local Position Y,Left Middle Tip Local Position Z,Left Middle Tip Local Position Magnitude,Left Die Local Position X,Left Die Local Position Y,Left Die Local Position Z,Left Die Local Position Magnitude,Left Die Local Rotation X,Left Die Local Rotation Y,Left Die Local Rotation Z,Left Die Local Rotation W,Left Die Local Rotation Angle,Left Die Local Rotation Axis X,Left Die Local Rotation Axis Y,Left Die Local Rotation Axis Z,Die World Position X,Die World Position Y,Die World Position Z,Die World Position Magnitude,Die World Rotation X,Die World Rotation Y,Die World Rotation Z,Die World Rotation W,Die World Rotation Angle,Die World Rotation Axis X,Die World Rotation Axis Y,Die World Rotation Axis Z,Target Offset Position X,Target Offset Position Y,Target Offset Position Z,Target Offset Position Magnitude,Target Offset Rotation X,Target Offset Rotation Y,Target Offset Rotation Z,Target Offset Rotation W,Target Offset Rotation Angle,Target Offset Rotation Axis X,Target Offset Rotation Axis Y,Target Offset Rotation Axis Z,Head World Position X,Head World Position Y,Head World Position Z,Head World Position Magnitude,Head World Rotation X,Head World Rotation Y,Head World Rotation Z,Head World Rotation W,Head World Rotation Angle,Head World Rotation Axis X,Head World Rotation Axis Y,Head World Rotation Axis Z,Is On Target
1773034739594,0.0138012,-0.006404141,0.8888645,0.2424269,0.9213533,0.6327723,0.2561823,0.2733279,-0.6776885,265.3265,0.8605061,0.3483819,0.3716982,-0.07428936,0.9836329,0.2896952,1.028093,-0.06407338,1.021833,0.2792785,1.061247,-0.04024922,1.033287,0.2930241,1.074786,-0.02172082,-0.08109872,0.1039224,0.1335989,-0.02346082,-0.06360301,0.1436334,0.1588279,0.004296119,-0.05589635,0.1567284,0.1664531,0,0,0,0,0,0,0,0,0,1,0,0,-0.07225989,0.5847744,0.1081542,0.5990659,0.2649182,-0.02361213,0.915688,0.301291,144.9297,0.2778283,-0.0247628,0.9603116,-0.03140575,0.6508315,0.2092632,0.6843676,0.01229107,0.6140738,0.2377287,0.658599,0.02245514,0.6216349,0.1989314,0.6530757,0.06203792,-0.06932662,0.09839166,0.1354098,0.02461438,-0.06008797,0.1541221,0.1672425,0.001047564,-0.07753874,0.1222012,0.144729,0,0,0,0,0,0,0,0,0,1,0,0,-0.05033109,1.000636,0.3045513,1.047166,0.002834483,0.007832758,0.003813966,0.999958,1.049773,0.3094087,0.8550142,0.4163279,0.1003311,-0.0006355047,-0.004551262,0.1004363,-0.6747258,-0.06605677,-0.6305554,0.3778645,135.5971,-0.7287551,-0.07134632,-0.6810477,0.001599386,1.056243,-0.02069416,1.056447,-0.03010719,0.0589065,-0.1132787,0.9913584,15.07572,-0.2295083,0.4490467,-0.8635285,False
1773034739608,0.0275755,-0.006257825,0.889689,0.2427114,0.9222226,0.6255081,0.2524765,0.273368,-0.6857588,266.5906,0.8594165,0.3468899,0.3755938,-0.07269793,0.9829885,0.2942849,1.028667,-0.06447709,1.016852,0.2847772,1.057943,-0.04305605,1.027649,0.2979747,1.070843,-0.01917569,-0.08143335,0.1039182,0.1334095,-0.02193735,-0.06568688,0.1387907,0.1551092,0.00348196,-0.05928126,0.151375,0.1626062,0,0,0,0,0,0,0,0,0,1,0,0,-0.07213436,0.5846949,0.1081043,0.5989641,0.2646716,-0.02353981,0.9157651,0.3012791,144.9311,0.2775686,-0.02468686,0.9603886,-0.03133151,0.6507236,0.2092673,0.6842628,0.01231638,0.6142237,0.2374388,0.6586347,0.02249421,0.6216453,0.1988765,0.6530703,0.06203167,-0.06926782,0.09845413,0.1354222,0.02460579,-0.06025876,0.1538164,0.1670211,0.001090088,-0.07756648,0.1221341,0.1446876,0,0,0,0,0,0,0,0,0,1,0,0,-0.05023503,0.999908,0.3075152,1.047332,0.01388312,0.0103628,0.005587616,0.9998344,2.085729,0.7627595,0.569348,0.3069921,0.100235,9.196997E-05,-0.007515192,0.1005164,-0.6803652,-0.06119685,-0.6301517,0.3691438,136.6743,-0.7320696,-0.06584749,-0.6780401,0.001863619,1.056469,-0.0209307,1.056678,-0.03040878,0.05986367,-0.112548,0.9913751,15.06113,-0.2320305,0.4567825,-0.858784,False
1773034739623,0.0414409,-0.00589616,0.8899987,0.243012,0.9225981,0.6243239,0.2496885,0.269654,-0.68932,267.1526,0.8617818,0.3446561,0.3722154,-0.06995014,0.9824916,0.2981248,1.029107,-0.06439973,1.011533,0.2878345,1.053658,-0.04585238,1.019631,0.3002327,1.063903,-0.01568849,-0.08162956,0.1038954,0.1330555,-0.02067793,-0.0673515,0.1335057,0.1509556,0.002149997,-0.06280243,0.1431793,0.156362,0,0,0,0,0,0,0,0,0,1,0,0,-0.0720895,0.5849202,0.1080904,0.5991762,0.2645528,-0.02345662,0.9157498,0.3014364,144.9122,0.2774584,-0.0246009,0.9604226,-0.03132354,0.6509669,0.2092765,0.6844967,0.01231229,0.6145974,0.2372365,0.6589103,0.02248727,0.621892,0.1988768,0.6533049,0.06207775,-0.06923794,0.09846921,0.135439,0.02460549,-0.06037372,0.1535946,0.1668584,0.001140572,-0.07755215,0.1221166,0.1446655,0,0,0,0,0,0,0,0,0,1,0,0,-0.04970123,0.9996613,0.3088678,1.047469,0.01675184,0.015185,0.00762568,0.9997153,2.734325,0.7020984,0.6364296,0.3196054,0.09970123,0.0003386736,-0.00886783,0.1000954,-0.6843146,-0.06257884,-0.6278091,0.3655863,137.1127,-0.7352076,-0.06723287,-0.6744997,0.001842771,1.056662,-0.02111432,1.056874,-0.03125784,0.06000564,-0.1119881,0.9914035,15.03625,-0.2389016,0.4586192,-0.8559179,False
1773034739636,0.0554579,-0.005331645,0.8899264,0.2436499,0.9226931,0.6226016,0.2472215,0.2675572,-0.6925763,267.6688,0.8631126,0.3427232,0.3709145,-0.06777827,0.9825482,0.3003308,1.029657,-0.06460379,1.006112,0.290695,1.049257,-0.04680262,1.013885,0.3020397,1.058953,-0.0142235,-0.08092416,0.1046329,0.1330378,-0.02023164,-0.06912386,0.1284462,0.1472612,0.001278436,-0.06442077,0.1377172,0.1520451,0,0,0,0,0,0,0,0,0,1,0,0,-0.07215297,0.584995,0.1079992,0.5992404,0.2652408,-0.02309822,0.916214,0.2994422,145.1518,0.2779969,-0.02420906,0.9602768,-0.03151058,0.6511751,0.2091591,0.6846675,0.01220941,0.6151636,0.2366842,0.659238,0.02237671,0.6222946,0.1987546,0.6536472,0.06206006,-0.06930207,0.0984484,0.1354486,0.02458262,-0.0605961,0.1531571,0.1665332,0.001166645,-0.07755469,0.1221602,0.1447038,0,0,0,0,0,0,0,0,0,1,0,0,-0.04895634,0.9990367,0.3105349,1.047331,0.02011972,0.01853689,0.00883325,0.9995867,3.29469,0.6998774,0.6448177,0.3072703,0.09895635,0.0009633303,-0.01053488,0.0995202,-0.6875679,-0.06252547,-0.6261573,0.3623095,137.5158,-0.737688,-0.06708325,-0.6718009,0.00168187,1.056906,-0.02125027,1.057121,-0.03226599,0.0597796,-0.1113565,0.991456,14.99019,-0.2473603,0.4582875,-0.8536908,False
1773034739649,0.0694352,-0.003694598,0.8887131,0.2454334,0.9219882,0.616428,0.2509848,0.2725224,-0.6948056,268.0235,0.8571052,0.348979,0.3789256,-0.06670769,0.9805775,0.3025787,1.028366,-0.0638275,1.003736,0.2929863,1.047569,-0.04639986,1.009263,0.3039123,1.055049,-0.01375127,-0.08081079,0.1046984,0.1329708,-0.02021188,-0.06912243,0.1279301,0.1468079,0.000755279,-0.06420116,0.1348484,0.1493534,0,0,0,0,0,0,0,0,0,1,0,0,-0.07209727,0.5850596,0.1079487,0.5992877,0.2650672,-0.02306366,0.9162686,0.2994317,145.1531,0.277814,-0.02417276,0.9603307,-0.03147475,0.6512906,0.2090901,0.6847546,0.01219337,0.6153057,0.2365882,0.6593359,0.02236274,0.622392,0.1987242,0.6537302,0.06205454,-0.06934256,0.09843127,0.1354543,0.02459568,-0.0606324,0.1530703,0.1664684,0.001198226,-0.07754325,0.1221345,0.1446763,0,0,0,0,0,0,0,0,0,1,0,0,-0.04845658,0.9969415,0.3129964,1.046044,0.02592161,0.0117092,0.01010533,0.9995444,3.45927,0.8587945,0.387931,0.3347939,0.09845658,0.003058493,-0.01299644,0.09935774,-0.6853505,-0.05708146,-0.6315461,0.3580309,138.0414,-0.7340081,-0.06113404,-0.6763837,0.001564818,1.057177,-0.02131122,1.057393,-0.03301128,0.0595513,-0.1104786,0.9915434,14.91323,-0.2543724,0.4588798,-0.8513063,False
1773034739664,0.0832555,-0.001411766,0.8856239,0.248652,0.9198693,0.614889,0.2568577,0.2819301,-0.6902543,267.3005,0.8498026,0.3549882,0.3896394,-0.0633828,0.9786224,0.3045647,1.026878,-0.06127744,1.000288,0.2948609,1.04464,-0.04457625,1.005208,0.3054752,1.051545,-0.01226674,-0.0798324,0.1053087,0.1327163,-0.01959618,-0.06904762,0.1270028,0.1458811,0.0005037877,-0.06403414,0.1333171,0.1478989,0,0,0,0,0,0,0,0,0,1,0,0,-0.07203528,0.5851296,0.1078947,0.5993388,0.2648519,-0.02304253,0.9163184,0.2994714,145.1483,0.2775919,-0.02415093,0.9603955,-0.03143265,0.6514145,0.2090145,0.6848474,0.01217467,0.6154449,0.2364973,0.6594328,0.02234711,0.6224844,0.1986934,0.6538083,0.06204843,-0.06938837,0.09840953,0.1354592,0.02460995,-0.06066481,0.1529855,0.1664045,0.001229664,-0.07752696,0.122104,0.1446421,0,0,0,0,0,0,0,0,0,1,0,0,-0.04688768,0.9943232,0.3149709,1.044071,0.02487324,0.0001843016,0.006621011,0.9996687,2.949973,0.9663133,0.00716003,0.2572231,0.09688768,0.005676806,-0.0149709,0.09820171,-0.6779407,-0.05101288,-0.6379356,0.3617075,137.5898,-0.7271766,-0.05471773,-0.6842662,0.001775661,1.057291,-0.02156943,1.057513,-0.03415826,0.05868308,-0.1098311,0.9916283,14.8381,-0.2645359,0.4544664,-0.8505783,False
1773034739678,0.0972043,0.0006277785,0.8829322,0.2517877,0.9181322,0.6128834,0.2646852,0.294446,-0.6838255,266.2866,0.8399742,0.3627585,0.4035465,-0.06039369,0.9771639,0.3060946,1.025763,-0.05900727,0.9971414,0.2959758,1.041813,-0.0430361,1.001406,0.3063157,1.048091,-0.01062612,-0.07893911,0.1058224,0.1324488,-0.0190447,-0.06893678,0.1257451,0.144661,0.0001840156,-0.06375465,0.1314221,0.14607,0,0,0,0,0,0,0,0,0,1,0,0,-0.0721475,0.5851153,0.1079525,0.5993488,0.2653933,-0.02345882,0.9165257,0.2983229,145.2862,0.2780546,-0.02457798,0.9602508,-0.03158477,0.651313,0.2091609,0.6848025,0.01202755,0.6155747,0.236282,0.6594741,0.02222004,0.6225359,0.1987917,0.6538829,0.062023,-0.06941046,0.09842788,0.1354722,0.0246059,-0.06083541,0.15267,0.1661762,0.001255998,-0.07755157,0.1221319,0.144679,0,0,0,0,0,0,0,0,0,1,0,0,-0.04573563,0.9923064,0.3163594,1.042519,-0.02320934,0.0152432,-0.001879114,-0.9996127,356.8106,-0.8340037,0.5477486,-0.06752404,0.09573562,0.007693648,-0.01635939,0.09742757,0.6677781,0.04298873,0.6463019,-0.3667677,223.0328,0.7177996,0.0462089,0.6947147,0.001376998,1.057626,-0.02162476,1.057847,-0.03545333,0.05731836,-0.1082863,0.9918326,14.65571,-0.2779632,0.4493907,-0.8489928,False
1773034739691,0.1109324,0.003526669,0.8808309,0.2511822,0.915952,0.6164824,0.2736787,0.3076746,-0.6711079,264.3053,0.8315564,0.3691579,0.4150139,-0.05537881,0.9784546,0.3017411,1.025421,-0.055435,0.994633,0.2912242,1.037873,-0.04019726,1.00035,0.3020828,1.045739,-0.009081401,-0.07709093,0.1073391,0.1324657,-0.01875873,-0.06890559,0.1234432,0.1426117,8.893164E-05,-0.06405488,0.1307238,0.1455739,0,0,0,0,0,0,0,0,0,1,0,0,-0.07212325,0.5851896,0.1078517,0.5994002,0.2652851,-0.02313258,0.9165349,0.2984166,145.275,0.2779497,-0.02423691,0.9602898,-0.03155736,0.6513877,0.2090756,0.6848462,0.01202675,0.6157669,0.2361541,0.6596077,0.0222099,0.6226971,0.1986673,0.6539983,0.06201274,-0.06934241,0.098502,0.1354865,0.02463551,-0.06084456,0.1526469,0.1661627,0.001294479,-0.07755025,0.1221126,0.1446624,0,0,0,0,0,0,0,0,0,1,0,0,-0.04309941,0.9921511,0.3121378,1.040986,0.01364918,-0.03197095,-0.005821782,0.9993787,4.039684,0.3872548,-0.9070804,-0.1651757,0.09309941,0.007848859,-0.01213783,0.09421481,-0.6538343,-0.03748419,-0.6538007,0.3789994,135.4566,-0.7065446,-0.04050606,-0.7065083,0.0004417654,1.058058,-0.02137291,1.058274,-0.03689312,0.0556493,-0.1063652,0.9920829,14.42905,-0.2937709,0.4431217,-0.8469602,False
1773034739705,0.1247425,0.006030932,0.8784306,0.2521031,0.9139106,0.6307132,0.2721921,0.3044575,-0.6598621,262.5787,0.8393989,0.362253,0.4051942,-0.05039959,0.9795811,0.2986993,1.025349,-0.05179064,0.9907867,0.2891673,1.033421,-0.03735882,0.9970849,0.2999248,1.041887,-0.009437371,-0.07560604,0.1085187,0.1325958,-0.0186421,-0.06973199,0.1197914,0.1398573,-0.0003264111,-0.06579985,0.1274908,0.1434699,0,0,0,0,0,0,0,0,0,1,0,0,-0.07209123,0.5852816,0.1079058,0.5994959,0.2652807,-0.02304664,0.9165187,0.298477,145.2677,0.2779506,-0.02414736,0.9602919,-0.03150829,0.651474,0.2091485,0.6849483,0.01203202,0.6159316,0.2361879,0.6597736,0.02222907,0.6227967,0.1987409,0.654116,0.06201337,-0.06932293,0.09854072,0.135505,0.02468722,-0.0608718,0.1526082,0.1661448,0.001324683,-0.07753164,0.1221319,0.1446689,0,0,0,0,0,0,0,0,0,1,0,0,-0.03871101,0.992313,0.309642,1.040222,0.003469259,0.02786859,0.01144714,-0.99954,356.5242,0.1143968,0.9189503,0.3774627,0.08871101,0.007686973,-0.009642035,0.08956395,0.6503435,0.04615739,0.6479394,-0.3938242,226.3853,0.7075213,0.05021552,0.7049058,2.542697E-05,1.058314,-0.02127264,1.058528,-0.03824783,0.05362205,-0.1041051,0.992383,14.15258,-0.3104761,0.4352761,-0.845071,False
1773034739720,0.1387707,0.009756438,0.8744824,0.2523653,0.9102213,0.6380448,0.2709821,0.3065358,-0.6523063,261.4314,0.8417972,0.3575172,0.4044245,-0.04526819,0.9772448,0.2970648,1.022401,-0.04662249,0.9879061,0.2873853,1.029914,-0.03309907,0.9926131,0.2985181,1.037058,-0.009427074,-0.07544135,0.1086282,0.1325909,-0.01865211,-0.06968874,0.1194801,0.1395705,-0.0005635048,-0.06686675,0.1254728,0.1421791,0,0,0,0,0,0,0,0,0,1,0,0,-0.07192965,0.5852573,0.1078434,0.5994415,0.2650521,-0.02341381,0.9166307,0.2983077,145.288,0.2776957,-0.0245307,0.960356,-0.031447,0.6514012,0.2091746,0.6848843,0.01207359,0.6158907,0.2361595,0.6597261,0.02228809,0.622735,0.1987792,0.654071,0.06204025,-0.06931673,0.0985475,0.135519,0.02470889,-0.0609053,0.1525453,0.1661025,0.001355345,-0.07751388,0.1221252,0.1446541,0,0,0,0,0,0,0,0,0,1,0,0,-0.03354891,0.9899113,0.3078865,1.037229,0.01230973,0.02828039,0.0176335,-0.9993687,355.9279,0.3464784,0.7960001,0.4963252,0.08354892,0.01008874,-0.00788644,0.08452456,0.64697,0.04745732,0.6451879,-0.4036213,227.6095,0.7071282,0.05187011,0.7051803,-0.0004640892,1.058466,-0.02115647,1.058677,-0.0395013,0.05191026,-0.1019625,0.9926473,13.90458,-0.3263416,0.4288587,-0.8423676,False
1773034739733,0.1526672,0.01291294,0.8712507,0.2523739,0.9071588,0.6525924,0.2763628,0.3199355,-0.6287989,257.9231,0.8392738,0.3554195,0.4114567,-0.03957948,0.9778755,0.2906352,1.020919,-0.04044902,0.9867959,0.2804111,1.026661,-0.02789328,0.9913207,0.2922878,1.033889,-0.009445565,-0.07509895,0.1088758,0.132601,-0.01874166,-0.06934724,0.1183107,0.1384114,-0.0007225946,-0.06756485,0.1239813,0.1411981,0,0,0,0,0,0,0,0,0,1,0,0,-0.07181989,0.5852871,0.1077355,0.5994381,0.2648304,-0.02372895,0.9166676,0.298366,145.281,0.2774687,-0.02486135,0.9604129,-0.03136504,0.6513824,0.2091158,0.6848447,0.01209237,0.6158814,0.236086,0.6596915,0.02231049,0.6227087,0.1987372,0.6540339,0.06202871,-0.06933051,0.09855239,0.1355244,0.02472844,-0.06092798,0.1525003,0.1660725,0.001385082,-0.07749536,0.1220965,0.1446202,0,0,0,0,0,0,0,0,0,1,0,0,-0.02799189,0.9904209,0.3014356,1.035655,0.03501505,0.04242242,0.03360537,-0.9979203,352.6084,0.5432131,0.6581289,0.5213437,0.07799189,0.009579122,-0.001435548,0.07859106,0.6293387,0.04567033,0.6462027,-0.4292659,230.8419,0.6968046,0.05056624,0.7154764,-0.0007807948,1.058517,-0.02101524,1.058726,-0.03977824,0.04976409,-0.1001252,0.9929331,13.63133,-0.3351851,0.4193293,-0.8436895,False
1773034739747,0.1665004,0.01561238,0.8685114,0.252593,0.904632,0.6653697,0.2812689,0.3321907,-0.6064819,254.6711,0.8368407,0.3537541,0.4177988,-0.03415654,0.9784628,0.2846473,1.019598,-0.03471153,0.9854335,0.2741847,1.023456,-0.02319061,0.9899139,0.286795,1.030882,-0.009508971,-0.07459012,0.109248,0.1326244,-0.01879016,-0.06894248,0.117032,0.1371227,-0.0008374391,-0.06824362,0.1224114,0.1401515,0,0,0,0,0,0,0,0,0,1,0,0,-0.07170206,0.5853174,0.1076187,0.5994326,0.2645046,-0.02420384,0.9167085,0.2984913,145.266,0.2771387,-0.02535994,0.9604952,-0.03128751,0.6513383,0.2090679,0.6847845,0.0120897,0.615828,0.2360346,0.6596231,0.0223191,0.6226441,0.1987158,0.6539661,0.06201427,-0.06934839,0.09855399,0.1355281,0.024747,-0.06094911,0.1524573,0.1660435,0.001414416,-0.07747407,0.1220622,0.1445801,0,0,0,0,0,0,0,0,0,1,0,0,-0.02283873,0.9908003,0.2955898,1.034205,0.05593965,0.05570637,0.04831499,-0.9957074,349.3785,0.6043806,0.6018603,0.5220026,0.07283874,0.009199739,0.004410207,0.07354975,0.612343,0.04387913,0.6467525,-0.4525726,233.8177,0.6866928,0.04920688,0.7252804,-0.001100074,1.058516,-0.02088476,1.058722,-0.03918185,0.0480579,-0.09839559,0.9932137,13.35764,-0.3368932,0.4132112,-0.8460245,False
1773034739760,0.180333,0.01713576,0.8663961,0.2475554,0.9012322,0.6810294,0.2851102,0.3401752,-0.5824019,251.2393,0.8377767,0.3507317,0.4184706,-0.02952625,0.9794833,0.2728207,1.017197,-0.03000207,0.9854867,0.262405,1.020265,-0.01850108,0.9900542,0.2751828,1.027753,-0.009636105,-0.07406421,0.1096489,0.1326697,-0.01879184,-0.06884537,0.1168748,0.1369399,-0.0006335383,-0.06816635,0.1220431,0.1397912,0,0,0,0,0,0,0,0,0,1,0,0,-0.07177628,0.5856087,0.1075946,0.5997216,0.2647528,-0.02414592,0.9167914,0.2980208,145.3225,0.277356,-0.02529535,0.9604341,-0.03126799,0.6515836,0.209017,0.6850014,0.01202471,0.6161827,0.2359752,0.6599318,0.02219687,0.6230173,0.1986288,0.654291,0.0618851,-0.06937114,0.09859665,0.1355117,0.02476541,-0.06095834,0.1524371,0.1660311,0.001443646,-0.07746392,0.1220019,0.1445241,0,0,0,0,0,0,0,0,0,1,0,0,-0.0184066,0.9917184,0.2837886,1.031688,0.08073206,0.06521951,0.06206799,-0.9926613,346.1087,0.6676057,0.5393263,0.513265,0.0684066,0.008281648,0.01621139,0.07078741,0.5956415,0.04657188,0.6443766,-0.4773062,237.0192,0.6778381,0.05299865,0.7332985,-0.001401365,1.058386,-0.02077388,1.058591,-0.03856632,0.04681575,-0.09682411,0.9934516,13.12117,-0.3375493,0.4097519,-0.8474469,False
1773034739774,0.194103,0.0199056,0.8628791,0.2476471,0.8979341,0.6811257,0.2882456,0.3421542,-0.5795799,250.842,0.8358238,0.3537122,0.4198647,-0.02677337,0.9762872,0.2716843,1.013739,-0.02727677,0.9817443,0.2614632,1.016331,-0.01593233,0.9852527,0.2740956,1.022793,-0.009776894,-0.07376189,0.1099105,0.132728,-0.01880708,-0.06869336,0.1165799,0.1366139,-0.0008604203,-0.06773375,0.1205853,0.1383091,0,0,0,0,0,0,0,0,0,1,0,0,-0.07179464,0.5857103,0.1075597,0.5998167,0.2647591,-0.0239062,0.916804,0.2979961,145.3254,0.2773603,-0.02504402,0.9604395,-0.03121952,0.6516888,0.2089501,0.6850789,0.01201289,0.6163751,0.2358956,0.6600828,0.02214868,0.6231939,0.1985466,0.6544325,0.06181339,-0.06936814,0.09864029,0.1355092,0.02477218,-0.06097535,0.1524115,0.1660148,0.001471769,-0.07746147,0.1219634,0.1444906,0,0,0,0,0,0,0,0,0,1,0,0,-0.0159179,0.9883792,0.2829767,1.028213,0.08294851,0.06928892,0.06222887,-0.9921926,345.6714,0.6651058,0.5555791,0.4989696,0.06591791,0.01162076,0.01702335,0.06906524,0.5919091,0.0462834,0.6466019,-0.4789651,237.2357,0.6742836,0.05272455,0.736588,-0.001685588,1.058271,-0.02068476,1.058474,-0.03706796,0.04579511,-0.09556054,0.9936785,12.89159,-0.3301877,0.407926,-0.851218,False
1773034739789,0.208211,0.0209192,0.8595654,0.2449675,0.8940354,0.6837153,0.2944168,0.3536949,-0.5663496,248.9921,0.8295854,0.3572303,0.4291554,-0.02463249,0.9742031,0.2656275,1.010068,-0.02471923,0.9793898,0.2552125,1.012398,-0.01357394,0.9812045,0.2676563,1.017146,-0.009718213,-0.07382231,0.1100058,0.1328362,-0.01879919,-0.06865343,0.1166032,0.1366127,-0.001172825,-0.06698512,0.1188435,0.1364264,0,0,0,0,0,0,0,0,0,1,0,0,-0.07186534,0.5858982,0.1075841,0.600013,0.2649783,-0.02408414,0.9168163,0.2977488,145.3551,0.2775676,-0.02522839,0.9603748,-0.03119327,0.651814,0.2089754,0.6852045,0.01194267,0.6165637,0.2358793,0.6602518,0.0220604,0.6233847,0.1985514,0.6546127,0.061721,-0.06941088,0.09866692,0.1355084,0.02479557,-0.06100445,0.1523577,0.1659796,0.001496133,-0.0774646,0.1219303,0.1444645,0,0,0,0,0,0,0,0,0,1,0,0,-0.01391428,0.9862396,0.2769369,1.024479,0.09180246,0.08346428,0.07046351,-0.9897681,343.5935,0.643392,0.5849544,0.4938393,0.06391428,0.01376039,0.02306309,0.06932741,0.5784222,0.04081423,0.6508439,-0.4900656,238.6898,0.6635675,0.04682219,0.7466498,-0.002031384,1.0581,-0.02064781,1.058303,-0.0356512,0.0450204,-0.09438293,0.9938783,12.68602,-0.3226928,0.4074971,-0.8542964,False
1773034739802,0.2221495,0.02147398,0.8554689,0.2412983,0.889108,0.6849567,0.2996324,0.3635485,-0.5557762,247.5284,0.8239268,0.3604245,0.4373085,-0.02232547,0.9710231,0.2603473,1.005567,-0.02287635,0.9758507,0.2487689,1.00732,-0.01195305,0.9770836,0.2612613,1.01148,-0.008273476,-0.07375992,0.1101168,0.1327956,-0.01878602,-0.06859218,0.1164906,0.1364839,-0.001299613,-0.06661858,0.1181226,0.1356196,0,0,0,0,0,0,0,0,0,1,0,0,-0.07201196,0.5859744,0.1076986,0.6001256,0.2652722,-0.02401906,0.9166661,0.297955,145.3304,0.2778942,-0.02516192,0.9602823,-0.03120136,0.6518574,0.2090566,0.6852709,0.01188445,0.616631,0.2359186,0.6603277,0.02195852,0.6234326,0.198589,0.6546664,0.06167644,-0.0694191,0.09869025,0.1355093,0.02480491,-0.06101837,0.1523322,0.1659627,0.001516374,-0.07745333,0.1219018,0.1444346,0,0,0,0,0,0,0,0,0,1,0,0,-0.01256228,0.9829865,0.2706681,1.019648,0.09823659,0.09561541,0.07707343,-0.9875561,341.9034,0.624648,0.6079809,0.4900797,0.06256229,0.01701355,0.02933192,0.07116082,0.5671861,0.03568517,0.654639,-0.4984722,239.7979,0.6542649,0.04116383,0.7551444,-0.002261202,1.05798,-0.02060311,1.058183,-0.03362586,0.04446509,-0.09324927,0.9940808,12.47418,-0.3095082,0.4092776,-0.8583102,False
1773034739817,0.2359084,0.02079103,0.8529196,0.2384326,0.8858635,0.6929302,0.2979892,0.3687465,-0.5432093,245.8048,0.8253125,0.3549192,0.4391944,-0.01992497,0.9698445,0.256069,1.003278,-0.02093251,0.9744197,0.242983,1.004476,-0.01005699,0.9756361,0.2554959,1.008586,-0.006632561,-0.07400741,0.1100937,0.1328221,-0.01876327,-0.06859821,0.1165357,0.1365223,-0.001295678,-0.06658487,0.1181228,0.1356032,0,0,0,0,0,0,0,0,0,1,0,0,-0.07201435,0.5859756,0.107637,0.600116,0.2653545,-0.02388811,0.9167659,0.2975847,145.3748,0.2779468,-0.02502171,0.9602706,-0.03116776,0.6518494,0.2089842,0.6852398,0.01187152,0.6167442,0.2357899,0.6603872,0.02194808,0.6235262,0.1985132,0.6547321,0.06159697,-0.06942631,0.09873213,0.1355073,0.02480536,-0.0610597,0.1522706,0.1659215,0.001519958,-0.07747205,0.1219027,0.1444455,0,0,0,0,0,0,0,0,0,1,0,0,-0.01062789,0.981762,0.2647816,1.016897,0.1097516,0.09883475,0.08720383,-0.9851811,340.2479,0.639886,0.5762373,0.5084255,0.06062789,0.01823801,0.03521839,0.07244792,0.5597803,0.03483122,0.6506921,-0.5118913,241.5798,0.651627,0.0405462,0.7574553,-0.002435877,1.057819,-0.02044959,1.05802,-0.03195916,0.04436526,-0.09226992,0.9942317,12.31404,-0.2979774,0.4136481,-0.8602966,False
1773034739830,0.2498735,0.02051969,0.8504987,0.23605,0.8828865,0.7008206,0.2967721,0.3743449,-0.5297574,243.9781,0.8262939,0.3499055,0.4413668,-0.0173111,0.9687835,0.2516503,1.001084,-0.01848474,0.9730172,0.2374657,1.001746,-0.007678654,0.9742064,0.2500104,1.005804,-0.005507155,-0.07425503,0.11012,0.1329306,-0.01873914,-0.06860968,0.1165827,0.1365649,-0.001296277,-0.066548,0.1181032,0.135568,0,0,0,0,0,0,0,0,0,1,0,0,-0.07193147,0.5857757,0.1076491,0.599913,0.2652183,-0.02390525,0.9168018,0.297594,145.3737,0.277805,-0.02503974,0.9603111,-0.03108819,0.6516087,0.2090287,0.6850207,0.01191401,0.6165745,0.2357919,0.6602302,0.02200119,0.6233487,0.1985539,0.6545772,0.06156657,-0.06939749,0.09877665,0.1355112,0.02480571,-0.06108147,0.1522341,0.165896,0.001536378,-0.07748467,0.1219006,0.1444506,0,0,0,0,0,0,0,0,0,1,0,0,-0.008213453,0.9805831,0.2591637,1.014286,0.1217864,0.1028474,0.09756004,-0.982381,338.4574,0.6516511,0.550313,0.5220214,0.05821345,0.01941693,0.04083627,0.07371177,0.5514022,0.03382579,0.6468876,-0.5256881,243.4292,0.6481919,0.03976336,0.7604382,-0.002486985,1.057595,-0.02036401,1.057794,-0.03022332,0.04462219,-0.0911991,0.9943733,12.16186,-0.2853056,0.4212299,-0.8609121,False
1773034739845,0.2637725,0.02073359,0.8490616,0.2360159,0.8814982,0.7094147,0.2930639,0.3730755,-0.5212092,242.8268,0.8312522,0.3433958,0.4371489,-0.01533072,0.9683024,0.2496962,1.000096,-0.01650408,0.97177,0.2356237,1.000064,-0.005488019,0.9733295,0.2478158,1.004397,-0.005523881,-0.07447071,0.11018,0.1331016,-0.01858711,-0.06873845,0.1160948,0.1361927,-0.001299534,-0.06653965,0.1179917,0.1354668,0,0,0,0,0,0,0,0,0,1,0,0,-0.07183697,0.5855464,0.1076632,0.5996803,0.2650297,-0.02393286,0.9168413,0.2976384,145.3684,0.2776114,-0.02506902,0.9603663,-0.03100871,0.6513342,0.2090831,0.6847726,0.0119589,0.616371,0.235804,0.6600453,0.02206258,0.6231389,0.1986076,0.6543958,0.0615408,-0.06936038,0.09882446,0.1355153,0.02480365,-0.06110213,0.1521993,0.1658714,0.001552101,-0.07749972,0.1219021,0.1444602,0,0,0,0,0,0,0,0,0,1,0,0,-0.005840337,0.9799894,0.2568369,1.013103,0.1322751,0.09936219,0.103683,-0.980755,337.4822,0.6774911,0.5089165,0.5310471,0.05584034,0.02001059,0.04316312,0.07335954,0.5488924,0.03761411,0.6405283,-0.5357481,244.7893,0.6500553,0.04454653,0.7585801,-0.002717365,1.057483,-0.02021139,1.05768,-0.02830659,0.04485829,-0.09050585,0.9944823,12.04329,-0.269833,0.4276125,-0.8627486,False
1773034739858,0.2774412,0.02238927,0.8482043,0.2336921,0.8800931,0.7112509,0.3016147,0.3775548,-0.510493,241.3933,0.8271495,0.3507629,0.4390775,-0.01371667,0.9677746,0.2441491,0.9981906,-0.01469112,0.9705834,0.2303084,0.9976422,-0.003857136,0.9726716,0.2423862,1.002425,-0.005519704,-0.07446701,0.1102025,0.133118,-0.01836272,-0.06886885,0.1156584,0.1358564,-0.001294386,-0.06654847,0.1179258,0.1354137,0,0,0,0,0,0,0,0,0,1,0,0,-0.07195862,0.5854156,0.1077903,0.5995901,0.266463,-0.02379522,0.9171022,0.2955588,145.6179,0.278924,-0.02490799,0.95999,-0.03107247,0.6511605,0.209205,0.6846475,0.01200441,0.6163925,0.2357915,0.6600617,0.02197973,0.6232744,0.1985412,0.6545019,0.06145422,-0.0693736,0.09885785,0.1355072,0.02484176,-0.06110793,0.1521971,0.1658772,0.001580184,-0.07751418,0.1218567,0.1444299,0,0,0,0,0,0,0,0,0,1,0,0,-0.00436076,0.9795755,0.2512373,1.01129,0.1415307,0.1102229,0.1047587,-0.9781849,336.0206,0.6812998,0.5305907,0.5042868,0.05436076,0.02042449,0.04876274,0.07582913,0.5368105,0.03844795,0.6451752,-0.5423148,245.6827,0.6389266,0.04576181,0.7679053,-0.002697862,1.057207,-0.02010546,1.057401,-0.02651965,0.0457118,-0.08967566,0.994568,11.94936,-0.2547787,0.4391608,-0.8615289,False
1773034739872,0.2914047,0.02424077,0.84523,0.2357249,0.8778198,0.7083756,0.3135934,0.3809108,-0.5047475,240.6292,0.8205754,0.3632635,0.4412434,-0.01351105,0.9645636,0.2437908,0.9949872,-0.01412892,0.9670953,0.2301316,0.9941999,-0.003560692,0.9694498,0.2423011,0.9992774,-0.005665518,-0.07454346,0.1102495,0.1332058,-0.01826278,-0.06896903,0.1155736,0.1358216,-0.001287386,-0.06655581,0.1178746,0.1353727,0,0,0,0,0,0,0,0,0,1,0,0,-0.071954,0.5854613,0.1078326,0.5996417,0.2665883,-0.02379698,0.9170334,0.2956589,145.6059,0.2790643,-0.02491064,0.9599494,-0.03097419,0.6511672,0.2092278,0.6846564,0.01204736,0.6164272,0.2358211,0.6601055,0.02203993,0.6233156,0.1985572,0.654548,0.06139581,-0.06938155,0.09888047,0.1355013,0.02485504,-0.06111458,0.1522016,0.1658858,0.001573054,-0.077544,0.1218624,0.1444507,0,0,0,0,0,0,0,0,0,1,0,0,-0.004327042,0.976498,0.2510338,1.008258,0.1457196,0.1227069,0.1002907,-0.9765503,335.135,0.6768554,0.5699635,0.465842,0.05432704,0.02350199,0.04896617,0.07682094,0.5259185,0.03921402,0.6539385,-0.5424358,245.6992,0.626021,0.04667795,0.7784081,-0.002670132,1.056962,-0.01998541,1.057154,-0.02468533,0.04661728,-0.08918774,0.994617,11.89524,-0.2382312,0.4498903,-0.8607259,False
1773034739886,0.305337,0.02530829,0.8450079,0.2335702,0.8770598,0.7084457,0.3225676,0.3876246,-0.4937632,239.1765,0.8146833,0.3709395,0.4457523,-0.01235654,0.964566,0.2385458,0.9937024,-0.01281471,0.9664391,0.2249777,0.9923627,-0.002933392,0.9683214,0.237399,0.9970021,-0.005642751,-0.07460951,0.1102407,0.1332345,-0.01823875,-0.0691456,0.115071,0.135481,-0.001485671,-0.06687067,0.1165951,0.1344184,0,0,0,0,0,0,0,0,0,1,0,0,-0.0719052,0.5854158,0.1079035,0.5996042,0.2666276,-0.02398682,0.9170246,0.2956356,145.6087,0.2791033,-0.02510918,0.9599328,-0.03084983,0.6510454,0.2093074,0.6845593,0.0120918,0.6163634,0.2358786,0.6600673,0.0221118,0.6232528,0.1986587,0.6545214,0.06131207,-0.0693976,0.09890945,0.1354927,0.02486127,-0.0611486,0.1521672,0.1658677,0.0015755,-0.07757713,0.121881,0.1444842,0,0,0,0,0,0,0,0,0,1,0,0,-0.003283497,0.9765977,0.2457529,1.007049,0.1534947,0.1358327,0.1022177,-0.9734169,333.5188,0.6701635,0.5930509,0.4462865,0.0532835,0.02340233,0.05424708,0.07955845,0.5126429,0.03763751,0.6595097,-0.5484776,246.5253,0.613088,0.04501206,0.7887314,-0.0025922,1.056763,-0.01983286,1.056952,-0.02316589,0.04779187,-0.08854473,0.9946553,11.85284,-0.2243642,0.4628695,-0.8575654,False
1773034739899,0.3193854,0.02626317,0.8439105,0.2355652,0.8765646,0.7181658,0.3242666,0.3823858,-0.4825663,237.7063,0.8199555,0.3702267,0.4365836,-0.0105223,0.9638588,0.2371377,0.9926575,-0.01112919,0.9651259,0.2236189,0.9907559,-0.0009991545,0.966899,0.2357282,0.9952198,-0.005668333,-0.07462817,0.110256,0.1332587,-0.01823795,-0.06921099,0.1148422,0.13532,-0.001617422,-0.06656445,0.1160464,0.1337917,0,0,0,0,0,0,0,0,0,1,0,0,-0.07183506,0.5852301,0.1079036,0.5994145,0.2665929,-0.02390694,0.9170871,0.2954791,145.6275,0.2790529,-0.02502429,0.9599496,-0.03075683,0.6508403,0.2093057,0.6843596,0.01214372,0.6162826,0.2358271,0.6599744,0.02216373,0.6231762,0.1986097,0.6544353,0.06125046,-0.06939065,0.09894659,0.1354884,0.02486788,-0.06121067,0.1521051,0.1658346,0.001585185,-0.07764241,0.1218204,0.1444682,0,0,0,0,0,0,0,0,0,1,0,0,-0.001294369,0.9760172,0.2439409,1.006041,0.1689648,0.1338433,0.1032792,-0.9710151,332.3428,0.706912,0.5599713,0.4320977,0.05129437,0.02398276,0.05605906,0.07968001,0.5064439,0.04735008,0.6552856,-0.5584563,247.8982,0.6105162,0.05708034,0.7899443,-0.002531138,1.056542,-0.01970553,1.056728,-0.02169997,0.04885016,-0.08783075,0.9947003,11.80279,-0.2110546,0.4751183,-0.8542448,False
1773034739914,0.3332589,0.02753252,0.8423458,0.2378689,0.8757204,0.7280766,0.326116,0.3774487,-0.4701971,236.0942,0.8249586,0.3695109,0.4276741,-0.008287014,0.9626139,0.235744,0.9910951,-0.009034751,0.9631998,0.2223375,0.9885694,0.001363935,0.9648235,0.2341271,0.9928252,-0.005725379,-0.07466252,0.1102743,0.1332956,-0.01824218,-0.06929274,0.1145462,0.1351114,-0.001765253,-0.06621385,0.1154176,0.1330737,0,0,0,0,0,0,0,0,0,1,0,0,-0.07189738,0.5852662,0.1079253,0.5994611,0.2667551,-0.02371159,0.9170581,0.2954386,145.6323,0.279219,-0.02481949,0.9599067,-0.0307507,0.650866,0.209313,0.684386,0.01212312,0.6164241,0.2357798,0.6600893,0.0221163,0.6233152,0.1985273,0.6545411,0.0612108,-0.06937329,0.09899101,0.135494,0.02489363,-0.06126234,0.1520649,0.1658207,0.001605086,-0.07769594,0.1217478,0.144436,0,0,0,0,0,0,0,0,0,1,0,0,0.001126098,0.9748833,0.2421479,1.004507,0.1852701,0.1323977,0.104826,-0.9680689,330.964,0.7390573,0.5281453,0.4181592,0.0488739,0.02511674,0.05785215,0.0797896,0.4992464,0.05702557,0.6508423,-0.569127,249.3787,0.6071714,0.0693531,0.7915386,-0.002402144,1.056274,-0.01959652,1.056459,-0.02041098,0.05071676,-0.08710255,0.9946981,11.80525,-0.1984771,0.4931715,-0.8469881,False
1773034739928,0.3471252,0.02731853,0.8394452,0.2384838,0.8730916,0.7352054,0.3213212,0.3795398,-0.4606251,234.8549,0.8283119,0.3620134,0.4276047,-0.00603929,0.9603721,0.2344643,0.9885973,-0.006732201,0.9607469,0.2210981,0.9858825,0.003831305,0.9616069,0.2326842,0.9893657,-0.005777151,-0.07468713,0.1102564,0.1332967,-0.01822467,-0.06928666,0.1145121,0.135077,-0.001932603,-0.06573339,0.1147553,0.1322626,0,0,0,0,0,0,0,0,0,1,0,0,-0.07196685,0.5853099,0.1079464,0.5995159,0.2669369,-0.0234734,0.9170182,0.2954175,145.6349,0.2794073,-0.02457,0.9598584,-0.03074808,0.6509049,0.2093169,0.684424,0.01210407,0.6165861,0.2357241,0.6602203,0.02204098,0.6235094,0.1983702,0.6546759,0.06117624,-0.0693514,0.09903803,0.1355016,0.02492251,-0.06131778,0.1520238,0.1658078,0.001634198,-0.07777841,0.1215933,0.1443506,0,0,0,0,0,0,0,0,0,1,0,0,0.003680175,0.9725546,0.2406978,1.001904,0.1942437,0.1309866,0.1138041,-0.9654846,329.8053,0.7457714,0.5029049,0.4369348,0.04631983,0.02744544,0.05930221,0.080097,0.495538,0.05708967,0.6442646,-0.5797467,250.8654,0.6081736,0.07006613,0.7907057,-0.002233105,1.056029,-0.01949147,1.056212,-0.01859739,0.05236183,-0.08641469,0.9947084,11.79375,-0.1810172,0.5096624,-0.8411151,False
1773034739942,0.3607834,0.02758701,0.8340831,0.2378426,0.86777,0.7308301,0.3197485,0.3897079,-0.4601914,234.7989,0.8231739,0.3601502,0.4389493,-0.004628865,0.9553615,0.2345325,0.9837391,-0.005059963,0.9558533,0.2212467,0.9811378,0.005458878,0.9557497,0.2328149,0.9837124,-0.005864483,-0.07468606,0.1102783,0.133318,-0.01822291,-0.06928389,0.1144816,0.1350495,-0.002126789,-0.06521695,0.1141056,0.1314453,0,0,0,0,0,0,0,0,0,1,0,0,-0.0719437,0.585328,0.1079502,0.5995315,0.2670122,-0.02366257,0.9170932,0.2951013,145.6728,0.2794576,-0.02476547,0.9598386,-0.03068836,0.6508438,0.2093478,0.6843727,0.0121109,0.6166161,0.2357395,0.6602538,0.02205434,0.6235884,0.1983438,0.6547436,0.0610919,-0.06935732,0.09907521,0.1354938,0.02493712,-0.06135492,0.1520099,0.1658111,0.001630597,-0.07784669,0.1215374,0.1443403,0,0,0,0,0,0,0,0,0,1,0,0,0.005126702,0.9673738,0.2411439,0.9969898,0.188492,0.1377085,0.1206265,-0.9648609,329.5321,0.7173508,0.524082,0.4590724,0.0448733,0.03262621,0.05885611,0.0808834,0.493484,0.04626709,0.646113,-0.580406,250.9582,0.606002,0.05681633,0.7934316,-0.001836199,1.055852,-0.01940491,1.056032,-0.01739288,0.05442557,-0.08582109,0.9946709,11.83556,-0.1686969,0.527884,-0.8323953,False
1773034739955,0.3747388,0.02896133,0.8298896,0.2350351,0.8630162,0.7204414,0.3243571,0.4081013,-0.4573949,234.4383,0.8101549,0.3647479,0.4589204,-0.002305264,0.951394,0.2320284,0.9792819,-0.002314681,0.9520791,0.2187974,0.9768993,0.007714937,0.9517387,0.2307639,0.9793457,-0.005849425,-0.07455438,0.1103308,0.1332871,-0.01821809,-0.06929193,0.1144917,0.1350615,-0.002145235,-0.06521404,0.1141027,0.1314416,0,0,0,0,0,0,0,0,0,1,0,0,-0.07191423,0.5852607,0.1079972,0.5994707,0.2670806,-0.02369271,0.9171275,0.29493,145.6933,0.2795137,-0.02479565,0.9598215,-0.03059942,0.6507413,0.2093831,0.6842821,0.0121533,0.6165739,0.2357851,0.6602316,0.02207424,0.6235783,0.1983561,0.6547384,0.06101187,-0.06937634,0.09909949,0.1354852,0.02494006,-0.06138148,0.1520114,0.1658227,0.001640188,-0.07788638,0.1214947,0.1443258,0,0,0,0,0,0,0,0,0,1,0,0,0.007110925,0.963256,0.2392472,0.9925482,0.1797854,0.1560983,0.1281663,-0.9627482,328.6239,0.6648877,0.5772873,0.4739886,0.04288907,0.036744,0.06075276,0.08294874,0.4842099,0.02853263,0.654732,-0.5797007,250.859,0.5942467,0.03501668,0.8035201,-0.001565255,1.055669,-0.01930671,1.055847,-0.01595133,0.05636409,-0.0850755,0.9946511,11.85747,-0.1544304,0.5456804,-0.8236457,False
1773034739970,0.3886186,0.03212855,0.8252338,0.2342723,0.8584443,0.7051437,0.3334333,0.4260486,-0.4583417,234.5603,0.7933875,0.3751602,0.4793656,0.0002537668,0.9465331,0.2322357,0.9746068,0.0007122532,0.9479622,0.2189973,0.9729299,0.01009821,0.9470406,0.2313963,0.9749523,-0.005730901,-0.07441091,0.1103505,0.1332181,-0.01815349,-0.06944075,0.1149549,0.135522,-0.002161194,-0.06528077,0.1141317,0.1315002,0,0,0,0,0,0,0,0,0,1,0,0,-0.07181939,0.5852839,0.1079566,0.5994747,0.2670019,-0.02379797,0.9171503,0.2949222,145.6942,0.2794306,-0.02490575,0.9598429,-0.03047789,0.650733,0.2093499,0.6842585,0.01221403,0.6166287,0.2357375,0.6602669,0.02212949,0.6236175,0.1983132,0.6547645,0.06096331,-0.06939206,0.09911592,0.1354834,0.02495907,-0.0614277,0.151969,0.1658038,0.001658316,-0.07790596,0.1214511,0.1442999,0,0,0,0,0,0,0,0,0,1,0,0,0.009067437,0.9583369,0.2400616,0.9879886,0.1667724,0.1776139,0.1302516,-0.9610801,327.9246,0.6036574,0.6428998,0.4714647,0.04093257,0.04166305,0.0599384,0.08368929,0.4745589,0.0105475,0.6680796,-0.5730205,249.9223,0.5790544,0.01287,0.8151875,-0.001371829,1.055448,-0.01917837,1.055623,-0.01491532,0.05846016,-0.08436973,0.9946063,11.90709,-0.1438007,0.5636228,-0.8134207,False
1773034739983,0.402665,0.03359762,0.8192461,0.2342451,0.852739,0.7019745,0.3302073,0.4343528,-0.4577474,234.4837,0.7895495,0.3714024,0.4885406,0.003078192,0.9408758,0.2330616,0.9693165,0.003674997,0.9428312,0.2199086,0.9681445,0.01266935,0.9421641,0.2325402,0.9705197,-0.005742168,-0.07434215,0.1103603,0.1331883,-0.01809034,-0.0695795,0.1153297,0.1359026,-0.002035632,-0.06586865,0.1148771,0.1324371,0,0,0,0,0,0,0,0,0,1,0,0,-0.07171617,0.5853121,0.1079096,0.5994813,0.266892,-0.02392024,0.917172,0.2949442,145.6916,0.2793175,-0.02503388,0.9598724,-0.03035326,0.6507319,0.2093117,0.6842403,0.01227513,0.6166873,0.2356856,0.6603042,0.02218354,0.623655,0.198267,0.6547881,0.060919,-0.06941032,0.09912881,0.1354822,0.02497989,-0.06147682,0.1519219,0.165782,0.001679143,-0.07792165,0.1214019,0.1442672,0,0,0,0,0,0,0,0,0,1,0,0,0.01186712,0.95252,0.241148,0.9826431,0.1619552,0.1817463,0.1372253,-0.9601604,327.5453,0.5795515,0.650373,0.4910561,0.03813288,0.04748005,0.05885203,0.08468786,0.4736009,0.001188832,0.667892,-0.5741263,250.077,0.578432,0.001451979,0.8157293,-0.001260379,1.055275,-0.0192344,1.055451,-0.01377909,0.06069437,-0.08320354,0.9945871,11.92828,-0.1326113,0.5841285,-0.8007589,False
1773034739996,0.4164917,0.03494795,0.8141125,0.2341362,0.8478327,0.6992857,0.3277681,0.4415537,-0.4567253,234.352,0.7860608,0.3684412,0.4963465,0.005614854,0.9359993,0.2335622,0.9647163,0.006331692,0.93845,0.2204912,0.9640253,0.01485671,0.9380115,0.2333786,0.9667222,-0.005741851,-0.07426358,0.1103648,0.1331481,-0.01802687,-0.06971601,0.1157003,0.1362786,-0.001924004,-0.06652343,0.1155088,0.1333092,0,0,0,0,0,0,0,0,0,1,0,0,-0.07173026,0.5855255,0.1079228,0.5996938,0.266905,-0.02372716,0.9170177,0.2954276,145.6336,0.2793748,-0.0248357,0.9598609,-0.03025731,0.6509032,0.2092967,0.6843944,0.0123342,0.6169223,0.2356395,0.6605083,0.022171,0.6238682,0.1981688,0.654961,0.06087238,-0.06936619,0.0991763,0.1354734,0.02496891,-0.06150427,0.1519069,0.1657767,0.001698791,-0.07792227,0.121309,0.1441896,0,0,0,0,0,0,0,0,0,1,0,0,0.01435514,0.9475217,0.2418623,0.9780086,0.1582391,0.1856858,0.1432031,-0.9591528,327.1346,0.5593692,0.6563922,0.5062177,0.03564487,0.05247831,0.05813774,0.08604956,0.4722232,-0.006737075,0.6678323,-0.5752913,250.2401,0.5773262,-0.008236551,0.8164722,-0.001063813,1.055168,-0.01922606,1.055344,-0.01259569,0.06261144,-0.08244754,0.9945469,11.9725,-0.1207759,0.6003603,-0.7905622,False
1773034740011,0.4305744,0.03469648,0.8144534,0.2291678,0.8467916,0.6970395,0.3265862,0.4471268,-0.4555821,234.2048,0.7830201,0.3668709,0.5022804,0.006065389,0.9365094,0.22891,0.9640988,0.007047825,0.9398036,0.2159311,0.9643167,0.01498985,0.9388286,0.229069,0.9664866,-0.005808207,-0.07430597,0.1103345,0.1331496,-0.0179312,-0.06997683,0.1164689,0.1370521,-0.001868198,-0.06710225,0.1156745,0.1337415,0,0,0,0,0,0,0,0,0,1,0,0,-0.07175156,0.5854928,0.1080284,0.5996835,0.2672347,-0.02355191,0.9170688,0.2949842,145.6868,0.2796799,-0.02464873,0.9597768,-0.03022208,0.6508558,0.20938,0.6843732,0.01235573,0.6170006,0.2356582,0.6605885,0.02217983,0.6239096,0.1982103,0.6550133,0.06080938,-0.06935907,0.09921,0.1354662,0.02498372,-0.06154087,0.1518599,0.1657495,0.001687088,-0.07792232,0.121308,0.1441887,0,0,0,0,0,0,0,0,0,1,0,0,0.01486656,0.9479485,0.2373903,0.9773338,0.1556728,0.1893474,0.1474382,-0.9582148,326.7568,0.5442159,0.6619385,0.5154285,0.03513344,0.05205154,0.06260975,0.08867752,0.4705195,-0.01265728,0.6682259,-0.5761297,250.3576,0.5756588,-0.01548559,0.8175436,-0.0009280182,1.05496,-0.01921763,1.055135,-0.01193018,0.06467152,-0.0812144,0.9945248,11.99684,-0.1141633,0.6188601,-0.7771636,False
1773034740025,0.4443285,0.03565105,0.8164353,0.2232777,0.8471662,0.6975722,0.3277632,0.4473686,-0.4536802,233.9601,0.7827647,0.367792,0.5020044,0.007123413,0.9384984,0.2224454,0.9645268,0.008093394,0.9419475,0.2095057,0.9649991,0.01493571,0.9402792,0.2228194,0.966435,-0.005817942,-0.07427171,0.1103388,0.1331344,-0.01789786,-0.07008235,0.1166527,0.1372579,-0.002161497,-0.06795095,0.1147269,0.1333576,0,0,0,0,0,0,0,0,0,1,0,0,-0.071817,0.5855772,0.1080167,0.5997716,0.267363,-0.02350523,0.9170114,0.2950502,145.6789,0.2798201,-0.02460039,0.9597372,-0.03017505,0.6508707,0.2093514,0.6843765,0.01233253,0.6171362,0.235555,0.6606779,0.02214875,0.6240069,0.1981365,0.6550826,0.06071595,-0.06934271,0.0992607,0.135453,0.02498002,-0.06159826,0.151789,0.1657053,0.001679175,-0.07794603,0.1212755,0.144174,0,0,0,0,0,0,0,0,0,1,0,0,0.01588773,0.9499749,0.2309187,0.9777669,0.1575032,0.1906373,0.1475263,-0.9576462,326.5298,0.5469857,0.6620557,0.5123375,0.03411227,0.05002511,0.06908128,0.09186066,0.4686261,-0.01208447,0.6685805,-0.5772727,250.5179,0.5739089,-0.01479939,0.8187855,-0.0007034782,1.054937,-0.01910485,1.05511,-0.01126511,0.06653119,-0.08001804,0.9945068,12.0165,-0.1076232,0.6356177,-0.7644668,False
1773034740039,0.4580725,0.0362705,0.8150642,0.2231798,0.8458454,0.693127,0.3299289,0.4557962,-0.4505239,233.5546,0.7763829,0.3695588,0.5105448,0.008305047,0.9372449,0.222181,0.9632556,0.009124786,0.9402393,0.2094564,0.9633303,0.01490587,0.9382826,0.2230706,0.9645501,-0.005823598,-0.07427502,0.1103223,0.1331229,-0.01791239,-0.07034051,0.1159693,0.136812,-0.00232292,-0.06891023,0.1135188,0.1328177,0,0,0,0,0,0,0,0,0,1,0,0,-0.07176838,0.5855815,0.1079288,0.5997542,0.2673487,-0.02350838,0.9170349,0.29499,145.6861,0.2797997,-0.02460322,0.9597431,-0.03009848,0.6508005,0.2092946,0.684289,0.01237179,0.6171739,0.2354487,0.660676,0.02220122,0.6240465,0.1980232,0.6550879,0.06065838,-0.06929594,0.09932239,0.1354485,0.02498273,-0.06162456,0.1517624,0.1656911,0.001668627,-0.07798025,0.1212484,0.1441696,0,0,0,0,0,0,0,0,0,1,0,0,0.01696151,0.9486676,0.2308644,0.9765021,0.1549285,0.1994989,0.1515537,-0.9556301,325.7366,0.5259494,0.6772562,0.5144925,0.03303849,0.05133235,0.06913561,0.09222952,0.4628938,-0.01992814,0.671849,-0.5778852,250.6039,0.5671896,-0.0244182,0.8232251,-0.0005034544,1.054873,-0.01902164,1.055044,-0.01078472,0.06807106,-0.07897014,0.9944917,12.03306,-0.1028925,0.6494375,-0.7534212,False
1773034740053,0.4719456,0.03640785,0.8140657,0.2225401,0.8447204,0.6886103,0.3269438,0.4674235,-0.4477041,233.193,0.7701011,0.3656346,0.5227388,0.01015655,0.9366127,0.2222811,0.9626814,0.01119151,0.9397798,0.2096953,0.9629555,0.01621757,0.9371169,0.2234716,0.9635302,-0.005863902,-0.07428966,0.1102887,0.133105,-0.01789118,-0.07047445,0.115944,0.1368567,-0.002414658,-0.06929649,0.1128369,0.1324387,0,0,0,0,0,0,0,0,0,1,0,0,-0.07175875,0.585572,0.1079726,0.5997516,0.2675222,-0.02347359,0.9171081,0.2946077,145.732,0.2799467,-0.02456377,0.9597012,-0.03007143,0.6507282,0.209382,0.6842458,0.01239919,0.6172029,0.2354784,0.6607142,0.02228541,0.6241199,0.1980807,0.655178,0.06061164,-0.06925217,0.09939341,0.1354573,0.02498169,-0.06163167,0.1517665,0.1656974,0.001645925,-0.07805088,0.1213096,0.144259,0,0,0,0,0,0,0,0,0,1,0,0,0.01883872,0.9478444,0.2312779,0.9758347,0.1498187,0.2068544,0.160884,-0.953353,324.8616,0.4963225,0.6852716,0.5329798,0.03116128,0.05215555,0.0687221,0.09172761,0.4592426,-0.03236686,0.6720732,-0.5799711,250.897,0.5637389,-0.03973164,0.8249971,-0.0003808849,1.054791,-0.01893647,1.054961,-0.01020217,0.06912979,-0.07768076,0.9945264,11.99508,-0.09764184,0.6616201,-0.7434587,False
1773034740067,0.48588,0.03670502,0.8095934,0.2198721,0.8397216,0.6676836,0.3293136,0.4998848,-0.4425679,232.5357,0.7445718,0.3672362,0.5574499,0.01268293,0.9323881,0.2219537,0.9585258,0.0144293,0.9360838,0.2092493,0.9592947,0.01834819,0.9327975,0.2232421,0.9593148,-0.005462111,-0.0741275,0.1101779,0.1329055,-0.01788703,-0.07049562,0.1159512,0.1368732,-0.002446188,-0.06934769,0.1126921,0.1323427,0,0,0,0,0,0,0,0,0,1,0,0,-0.07178415,0.5855194,0.1079554,0.5997002,0.2674523,-0.02315509,0.9171972,0.2944187,145.7546,0.2798565,-0.024229,0.959736,-0.03004659,0.6506747,0.2093467,0.6841831,0.01237873,0.6172587,0.2354231,0.6607463,0.02230301,0.6241939,0.1980507,0.6552401,0.06051359,-0.06923268,0.09946892,0.1354589,0.02495027,-0.06164162,0.1517601,0.1656905,0.001617644,-0.07811037,0.121344,0.1443198,0,0,0,0,0,0,0,0,0,1,0,0,0.02068868,0.9433432,0.2315441,0.9715642,0.1312215,0.23621,0.1772248,-0.9463494,322.2935,0.406076,0.7309721,0.5484372,0.02931132,0.05665678,0.06845595,0.09357008,0.4440757,-0.06676225,0.6821741,-0.5770427,250.4856,0.5437346,-0.08174495,0.8352668,-0.0003224239,1.054655,-0.01887103,1.054824,-0.009669333,0.06993612,-0.07671212,0.9945505,11.96857,-0.09274627,0.670813,-0.7358069,False
1773034740081,0.4997015,0.03477784,0.8065388,0.2159646,0.8356764,0.6481727,0.3316387,0.5341634,-0.4296014,230.8846,0.7177845,0.3672557,0.591531,0.01440071,0.9294041,0.2197208,0.9551318,0.01672564,0.9338007,0.2063849,0.9564822,0.01945614,0.9300771,0.2205451,0.956066,-0.004420941,-0.07366556,0.1098443,0.1323327,-0.017883,-0.07051977,0.1159584,0.1368911,-0.002461842,-0.06936413,0.1126309,0.1322995,0,0,0,0,0,0,0,0,0,1,0,0,-0.07181255,0.5854601,0.1079354,0.599642,0.2673331,-0.02273108,0.9173143,0.2941954,145.7814,0.2797116,-0.02378362,0.9597895,-0.03003072,0.6506371,0.2092974,0.6841315,0.01234938,0.6173382,0.2353623,0.6607983,0.02233245,0.6242926,0.1980298,0.6553288,0.06040835,-0.06921409,0.09954917,0.1354614,0.02491204,-0.06164788,0.1517575,0.1656847,0.001580406,-0.07818242,0.1214049,0.1444096,0,0,0,0,0,0,0,0,0,1,0,0,0.02147772,0.9404377,0.2292299,0.9682101,0.1180528,0.2683247,0.1973775,-0.9354718,318.609,0.3340476,0.7592635,0.5585082,0.02852228,0.05956227,0.07077007,0.09679662,0.4227277,-0.1015621,0.6898669,-0.5788526,250.7397,0.5184093,-0.1245499,0.8460137,-0.0003518704,1.05451,-0.01881021,1.054678,-0.008857108,0.07020111,-0.07597671,0.9945959,11.91861,-0.08531044,0.6761674,-0.7317973,False
1773034740094,0.5136566,0.03327338,0.8035498,0.2124227,0.8318189,0.6323204,0.3329559,0.5599281,-0.4192754,229.5777,0.6964962,0.3667485,0.6167566,0.01557977,0.9262751,0.2177087,0.9516435,0.01841407,0.9313619,0.2039266,0.9536038,0.02019576,0.9272463,0.2181337,0.9527728,-0.003615395,-0.07323555,0.1095308,0.1318086,-0.01787352,-0.07055643,0.1160138,0.1369558,-0.002478268,-0.06938062,0.1125554,0.1322442,0,0,0,0,0,0,0,0,0,1,0,0,-0.07181089,0.5854542,0.1078567,0.599622,0.267274,-0.02264442,0.9173555,0.294127,145.7896,0.2796437,-0.02369242,0.9598116,-0.02999402,0.6506047,0.209236,0.6840803,0.01233264,0.617345,0.2353352,0.6607947,0.02280026,0.6242856,0.1984072,0.6554524,0.06035217,-0.06919938,0.09961028,0.1354738,0.02492651,-0.06161985,0.1518068,0.1657216,0.001455144,-0.07837895,0.1220689,0.1450731,0,0,0,0,0,0,0,0,0,1,0,0,0.02196453,0.937484,0.2271026,0.9648494,0.1076031,0.2926568,0.2126514,-0.9260415,315.6519,0.2851005,0.7754108,0.563432,0.02803547,0.06251597,0.07289745,0.1000414,0.405939,-0.1283055,0.6949691,-0.5794561,250.8246,0.4980826,-0.1574294,0.8527192,-0.0003565587,1.054385,-0.01875146,1.054552,-0.008132804,0.07058977,-0.0754705,0.9946131,11.89965,-0.07845845,0.6809907,-0.7280759,False
1773034740108,0.5274786,0.03279886,0.8007103,0.2063339,0.8275182,0.6064013,0.3348853,0.5908825,-0.413506,228.8505,0.6660081,0.3678032,0.6489639,0.01629216,0.9232661,0.2146628,0.9480326,0.02008267,0.9290051,0.2010548,0.9507244,0.02083215,0.9241056,0.2151142,0.9490412,-0.003308849,-0.07307725,0.1094364,0.1316342,-0.01785974,-0.07059035,0.1160936,0.137039,-0.002532799,-0.06920014,0.1123758,0.1319977,0,0,0,0,0,0,0,0,0,1,0,0,-0.07168883,0.58535,0.1078565,0.5995055,0.267006,-0.02256368,0.91743,0.2941445,145.7875,0.2793648,-0.02360808,0.9598948,-0.02984261,0.6505016,0.2092258,0.6839725,0.01242123,0.6172213,0.2354047,0.6607055,0.02306289,0.6242165,0.1985755,0.6554466,0.06026967,-0.06921919,0.0996497,0.1354762,0.02489032,-0.06157644,0.1518709,0.1657587,0.001393415,-0.07847328,0.1222856,0.1453058,0,0,0,0,0,0,0,0,0,1,0,0,0.02197829,0.9342431,0.2246007,0.9611132,0.08631635,0.3223245,0.2271373,-0.9149126,312.3867,0.2138386,0.7985209,0.5627058,0.02802171,0.06575692,0.07539932,0.1038954,0.3887283,-0.1635422,0.70354,-0.5719929,249.7786,0.4739095,-0.1993788,0.8577051,-0.0003567375,1.054266,-0.01873728,1.054433,-0.007418239,0.07089983,-0.07522511,0.9946152,11.89728,-0.07157903,0.6841167,-0.7258515,False
1773034740122,0.5414019,0.02954901,0.7973608,0.1957554,0.8215702,0.5695909,0.3279656,0.6364204,-0.4037002,227.6194,0.6225778,0.3584749,0.6956241,0.01601234,0.9197392,0.209703,0.9434786,0.02152055,0.9269844,0.1970444,0.9479398,0.02092114,0.9210417,0.2107544,0.9450783,-0.003202433,-0.07303583,0.1094285,0.131602,-0.01773588,-0.07080499,0.1170431,0.1379384,-0.002422444,-0.06909139,0.1131933,0.1326356,0,0,0,0,0,0,0,0,0,1,0,0,-0.07175675,0.5854432,0.1078804,0.599609,0.2670744,-0.02241289,0.9175038,0.2938631,145.8212,0.2794111,-0.02344819,0.9598852,-0.02968679,0.6505979,0.2091641,0.6840384,0.01238728,0.6173253,0.2354205,0.6608077,0.02286436,0.6246403,0.1982021,0.6557304,0.06003101,-0.06934514,0.09971649,0.1354838,0.0248396,-0.06154717,0.1519072,0.1657735,0.001425082,-0.0786789,0.1218255,0.1450305,0,0,0,0,0,0,0,0,0,1,0,0,0.0209715,0.929976,0.2206837,0.9560316,0.0539908,0.3593769,0.2553416,-0.8959542,307.2625,0.1215608,0.8091405,0.5749041,0.0290285,0.07002401,0.0793163,0.1097137,0.3666759,-0.2182702,0.7075235,-0.5633095,248.57,0.4437855,-0.264171,0.856311,-0.0003387891,1.054103,-0.01876043,1.05427,-0.006285758,0.07129852,-0.07474633,0.9946306,11.88026,-0.06073833,0.6889468,-0.7222626,False
1773034740137,0.5554572,0.0299078,0.7952238,0.1871004,0.8174852,0.5309607,0.3076194,0.6788443,-0.4032636,227.5647,0.5802317,0.3361652,0.7418383,0.01886402,0.9163874,0.2104496,0.9404311,0.02570903,0.9250064,0.1990384,0.9465274,0.0237303,0.9177173,0.2120062,0.9421862,-0.003088112,-0.07299091,0.1094283,0.1315742,-0.01765953,-0.07095174,0.1176161,0.1384903,-0.002371376,-0.06917617,0.1134747,0.1329191,0,0,0,0,0,0,0,0,0,1,0,0,-0.0715306,0.5852626,0.107872,0.5994041,0.2667525,-0.02248943,0.9175649,0.2939594,145.8097,0.279083,-0.02352899,0.9599787,-0.02949959,0.650411,0.2091968,0.6838625,0.01256268,0.617098,0.2354823,0.6606207,0.02367679,0.6243607,0.1989338,0.6557145,0.06002559,-0.06934436,0.09974426,0.1355014,0.02480465,-0.06152324,0.1519464,0.1657953,0.001274135,-0.07889053,0.1227874,0.1459523,0,0,0,0,0,0,0,0,0,1,0,0,0.02317078,0.9255374,0.2225231,0.9521937,0.0115532,0.3834983,0.2868593,-0.8777855,302.7527,0.0241167,0.8005328,0.5988038,0.02682922,0.07446259,0.07747689,0.1107572,0.3574287,-0.2766299,0.7027198,-0.5494595,246.6599,0.4277917,-0.3310868,0.8410563,-0.0003259405,1.053887,-0.01880496,1.054055,-0.005318357,0.07147522,-0.07530706,0.9945812,11.93478,-0.05115657,0.6875107,-0.7243686,False
1773034740149,0.5692043,0.03362348,0.7914019,0.180152,0.8123437,0.4889221,0.2902686,0.7180007,-0.4014654,227.3396,0.533831,0.3169307,0.7839512,0.02334334,0.9100876,0.2128489,0.934938,0.03147676,0.9200619,0.2021774,0.9425394,0.02854493,0.9123023,0.2146432,0.937647,-0.002237908,-0.07272855,0.1091765,0.131202,-0.01766096,-0.07096518,0.1177969,0.1386509,-0.002246705,-0.06912707,0.1143449,0.1336352,0,0,0,0,0,0,0,0,0,1,0,0,-0.07168182,0.5854531,0.1080036,0.5996318,0.2670684,-0.02251385,0.9174059,0.2941667,145.7848,0.2794321,-0.02355612,0.9598765,-0.02955584,0.6505583,0.2093193,0.6840425,0.01253587,0.6171775,0.2355916,0.6607334,0.02387687,0.6244162,0.1993325,0.6558957,0.0600272,-0.06933245,0.09975453,0.1355036,0.024771,-0.06148621,0.1519972,0.1658231,0.001205609,-0.0789417,0.1232375,0.1463582,0,0,0,0,0,0,0,0,0,1,0,0,0.02685623,0.9186822,0.2252709,0.9462797,-0.03062699,0.4088734,0.3137763,-0.8564047,297.8305,-0.05931956,0.791922,0.6077342,0.02314377,0.08131778,0.0747291,0.1128391,0.3448526,-0.3324285,0.6984623,-0.5317128,244.2425,0.407182,-0.3925125,0.8247041,-0.0003146771,1.053648,-0.01886506,1.053817,-0.004311337,0.07179096,-0.07529742,0.9945641,11.95362,-0.04140504,0.689463,-0.7231383,False
1773034740163,0.5831508,0.03641978,0.7878796,0.1737847,0.8076397,0.4628203,0.2795453,0.7403959,-0.3993316,227.0728,0.5048178,0.304912,0.8075814,0.02613456,0.9044717,0.2121657,0.9293903,0.03515239,0.9155456,0.2018551,0.9381924,0.03185352,0.907778,0.2142265,0.9332569,-0.001384016,-0.0724616,0.1089109,0.1308212,-0.01766486,-0.07097716,0.1180046,0.1388341,-0.002097718,-0.06904403,0.1153781,0.1344752,0,0,0,0,0,0,0,0,0,1,0,0,-0.07185332,0.585666,0.1081487,0.5998864,0.2674683,-0.02255517,0.9172033,0.2944318,145.7531,0.2798745,-0.02360136,0.9597465,-0.02961721,0.6507217,0.2094517,0.6842412,0.01251583,0.6172556,0.2357052,0.6608464,0.02406634,0.624467,0.1997258,0.6560706,0.06003966,-0.06931818,0.0997586,0.1355048,0.02473538,-0.06144436,0.1520531,0.1658535,0.001138285,-0.07897878,0.12368,0.1467504,0,0,0,0,0,0,0,0,0,1,0,0,0.0292269,0.9130075,0.2245101,0.9406602,-0.05566006,0.4237128,0.329453,-0.8419206,294.687,-0.1031503,0.7852328,0.6105487,0.0207731,0.0869925,0.07548995,0.1170382,0.3363091,-0.3653722,0.6947638,-0.520291,242.7035,0.3938096,-0.4278417,0.8135511,-0.0002998225,1.053428,-0.01892548,1.053598,-0.003427761,0.0719456,-0.0755598,0.9945365,11.98402,-0.03283618,0.6892018,-0.723824,False
1773034740179,0.5971884,0.03675664,0.7894565,0.172964,0.8090175,0.4392537,0.2581328,0.7670076,-0.3900295,225.9127,0.4770336,0.2803347,0.8329774,0.02930698,0.904028,0.2175765,0.9303038,0.04033825,0.9159727,0.2089724,0.9403737,0.03503537,0.9072902,0.2203102,0.9343124,-0.001290818,-0.07244541,0.1089218,0.1308203,-0.01763196,-0.07040199,0.1194332,0.1397556,-0.001922337,-0.0692197,0.1157513,0.134883,0,0,0,0,0,0,0,0,0,1,0,0,-0.07173566,0.5855516,0.1081316,0.5997576,0.2663294,-0.02296844,0.9166969,0.296998,145.4452,0.2789146,-0.02405379,0.9600146,-0.02942814,0.6504648,0.2095116,0.684007,0.01256855,0.6168126,0.2358405,0.660482,0.0242525,0.6239401,0.1998819,0.6556235,0.06010795,-0.06922346,0.09980088,0.1355178,0.02471252,-0.06141226,0.1520969,0.1658784,0.001113486,-0.07898077,0.1237384,0.1468005,0,0,0,0,0,0,0,0,0,1,0,0,0.03214473,0.9117551,0.2304408,0.9409748,-0.07853629,0.4351833,0.3574047,-0.8226235,290.6966,-0.1381255,0.7653776,0.6285847,0.01785528,0.08824492,0.06955917,0.1137737,0.3266221,-0.40417,0.6809278,-0.5160448,242.1346,0.3813176,-0.4718515,0.7949547,-0.0002881959,1.053275,-0.01909048,1.053448,-0.003016339,0.07202386,-0.07541265,0.9945433,11.9765,-0.02891308,0.690384,-0.7228673,False
1773034740191,0.6108282,0.037078,0.7900249,0.1716976,0.8093171,0.4212001,0.2435091,0.7850246,-0.3834453,225.0945,0.4560596,0.2636625,0.8499951,0.03104262,0.9027983,0.2208354,0.9299337,0.04359048,0.9151143,0.2133424,0.9406643,0.0367742,0.906195,0.2241121,0.9342206,-0.001029007,-0.07242633,0.1089186,0.1308048,-0.01764853,-0.06982429,0.1202783,0.1401919,-0.001646953,-0.06942542,0.1161845,0.1353567,0,0,0,0,0,0,0,0,0,1,0,0,-0.07169508,0.5855868,0.1081326,0.5997873,0.265562,-0.0232935,0.9159242,0.3000287,145.0813,0.2783872,-0.02441845,0.9601585,-0.02916592,0.6502932,0.2095673,0.6838496,0.01267359,0.6164758,0.2359139,0.6601957,0.02448392,0.6234705,0.1999723,0.6552128,0.06016697,-0.06908856,0.09987612,0.1355306,0.02470642,-0.06138474,0.1521321,0.1658996,0.001078519,-0.07897109,0.1238113,0.1468565,0,0,0,0,0,0,0,0,0,1,0,0,0.0336955,0.9100378,0.2338849,0.9402161,-0.09529003,0.4435263,0.3759445,-0.8080037,287.8027,-0.161734,0.7527891,0.6380838,0.0163045,0.08996224,0.0661151,0.1128284,0.3191179,-0.4313006,0.671186,-0.5115203,241.5303,0.3713821,-0.5019376,0.7811108,-0.0002561491,1.053168,-0.01924988,1.053344,-0.002557843,0.07228638,-0.07527796,0.9945357,11.98481,-0.02450121,0.6924209,-0.7210768,False
1773034740205,0.6246738,0.03844871,0.7900199,0.1712835,0.8092884,0.3979976,0.2434043,0.8006259,-0.3759661,224.1681,0.4295092,0.2626759,0.8640158,0.03125009,0.9026031,0.2217991,0.9299805,0.04550219,0.9148424,0.2166297,0.9412414,0.0367759,0.9063278,0.2268066,0.9349994,-0.001744067,-0.07282871,0.1092095,0.1312775,-0.01761692,-0.06906418,0.1219417,0.1412444,-0.001346868,-0.0700462,0.1176044,0.1368908,0,0,0,0,0,0,0,0,0,1,0,0,-0.07169363,0.5856431,0.1080353,0.5998245,0.2650716,-0.02388714,0.9159447,0.3003529,145.0424,0.2779029,-0.02504344,0.9602827,-0.02921211,0.6501753,0.2095888,0.683746,0.01255526,0.6163346,0.2359449,0.6600727,0.02444311,0.6233268,0.2000782,0.6551069,0.06012509,-0.06903454,0.09992485,0.1355204,0.02467682,-0.06135594,0.1521503,0.1659012,0.001051694,-0.07893901,0.1238964,0.1469108,0,0,0,0,0,0,0,0,0,1,0,0,0.03319853,0.9088688,0.235542,0.9394811,-0.1102462,0.4617825,0.3825741,-0.7926158,284.8613,-0.1808141,0.7573664,0.6274573,0.01680147,0.09113121,0.06445798,0.1128806,0.3033831,-0.4531655,0.6720344,-0.5009687,240.1282,0.3505433,-0.523609,0.7765005,-0.0002109334,1.053096,-0.01938553,1.053274,-0.002177461,0.07270262,-0.07524799,0.9945086,12.01454,-0.02080616,0.694691,-0.7190126,False
1773034740219,0.6387445,0.04012399,0.7906468,0.1702679,0.8097675,0.3747081,0.2512959,0.8163903,-0.3604874,222.2603,0.401718,0.2694099,0.8752378,0.03244723,0.9051808,0.2187848,0.9318111,0.04739643,0.9157021,0.2167267,0.9421928,0.0372656,0.9097861,0.2279761,0.9386547,-0.004083913,-0.07377601,0.1098122,0.1323567,-0.017582,-0.06860595,0.1229572,0.1418957,-0.0006510848,-0.0714342,0.1211318,0.1406278,0,0,0,0,0,0,0,0,0,1,0,0,-0.07175245,0.5858438,0.1079644,0.6000147,0.2649171,-0.02412558,0.9155754,0.3015937,144.8933,0.277855,-0.02530381,0.9602898,-0.02915281,0.6502455,0.2095563,0.6838003,0.01256586,0.6162895,0.2359166,0.6600207,0.02446553,0.6232816,0.1999935,0.6550388,0.0601483,-0.06896573,0.09996415,0.1355246,0.02465316,-0.06130402,0.1522031,0.1659269,0.001031128,-0.07892268,0.1238824,0.1468901,0,0,0,0,0,0,0,0,0,1,0,0,0.03307754,0.909598,0.2341642,0.9398381,-0.1179956,0.4876249,0.3864657,-0.7739143,281.4134,-0.1863214,0.7699863,0.6102504,0.01692246,0.09040201,0.06583577,0.1131072,0.277692,-0.471738,0.6764548,-0.4927063,239.0372,0.3191144,-0.5421056,0.7773593,-0.0001392718,1.053028,-0.01945437,1.053207,-0.001613333,0.07318927,-0.07504878,0.994489,12.03599,-0.01538843,0.6980997,-0.7158363,False
1773034740233,0.6526849,0.04085638,0.7903391,0.1703778,0.8095268,0.3571016,0.2495856,0.829118,-0.3503554,221.0181,0.3812676,0.2664756,0.8852265,0.03421968,0.9053684,0.2194367,0.93221,0.0484494,0.9145758,0.2189685,0.9416705,0.03681614,0.9098548,0.2299745,0.9391908,-0.005712878,-0.07378042,0.1105135,0.1330016,-0.01758067,-0.06854762,0.1230052,0.1419089,-0.0004244485,-0.07285672,0.1217715,0.1419034,0,0,0,0,0,0,0,0,0,1,0,0,-0.07173076,0.585744,0.1078716,0.599898,0.2642693,-0.0238829,0.9155111,0.3023754,144.7993,0.2772476,-0.02505579,0.9604719,-0.02914546,0.650126,0.2094831,0.683664,0.01251948,0.6161776,0.2358825,0.6599031,0.02446361,0.6231511,0.1999462,0.6549001,0.06013218,-0.06887972,0.1000345,0.1355256,0.02461894,-0.06126214,0.1522359,0.1659364,0.001012746,-0.07891967,0.1238914,0.1468959,0,0,0,0,0,0,0,0,0,1,0,0,0.03323974,0.9085001,0.2356597,0.9391554,-0.1272091,0.5021021,0.394376,-0.7590644,278.7636,-0.1954011,0.77126,0.605786,0.01676026,0.09149987,0.06434028,0.1131053,0.2625959,-0.489338,0.6742685,-0.4867788,238.2582,0.3006163,-0.5601876,0.7718936,-7.429719E-05,1.052921,-0.01955491,1.053103,-0.001117222,0.07394092,-0.07514355,0.994427,12.10362,-0.01059703,0.7013419,-0.7127491,False
1773034740248,0.6664491,0.04123634,0.7901995,0.1705177,0.8094393,0.345595,0.2468911,0.8388822,-0.3404196,219.8049,0.3675472,0.2625737,0.8921682,0.03530628,0.9050829,0.2205685,0.9322404,0.04983219,0.9137583,0.2206219,0.941335,0.0376354,0.9094622,0.2313799,0.9391882,-0.005774507,-0.07401963,0.1106355,0.1332383,-0.01758874,-0.06852062,0.1230082,0.1418995,-0.000358776,-0.07313614,0.1220146,0.1422553,0,0,0,0,0,0,0,0,0,1,0,0,-0.07170849,0.5856303,0.107772,0.5997664,0.2635129,-0.02355471,0.9154573,0.3032228,144.6974,0.2765321,-0.02471847,0.9606867,-0.02916504,0.6499588,0.209442,0.6834933,0.01245668,0.6160763,0.235845,0.6597939,0.02444904,0.6230246,0.1998941,0.6547633,0.06012116,-0.06872821,0.1001534,0.1355316,0.02458259,-0.06121838,0.152268,0.1659444,0.0009952273,-0.07891687,0.1238966,0.1468987,0,0,0,0,0,0,0,0,0,1,0,0,0.03400258,0.9078271,0.2367988,0.9388184,-0.1319485,0.51228,0.4024459,-0.7471253,276.684,-0.1985134,0.770713,0.6054702,0.01599742,0.09217286,0.0632012,0.1128988,0.2504712,-0.5023808,0.6707124,-0.4847915,237.9976,0.2863739,-0.5743924,0.7668527,1.746975E-05,1.052798,-0.01967609,1.052982,-0.0003816439,0.07477501,-0.07510342,0.9943682,12.16733,-0.003601072,0.7055534,-0.7086522,False
1773034740262,0.6804886,0.04164025,0.789991,0.170511,0.809255,0.33377,0.2440415,0.8481593,-0.3311603,218.6784,0.3537294,0.2586352,0.8988789,0.03622568,0.904706,0.2216146,0.9321579,0.05100992,0.9128173,0.2222351,0.9408644,0.03823869,0.9090269,0.2327797,0.9391371,-0.005882798,-0.07429676,0.11076,0.1335005,-0.01759848,-0.06849027,0.1230163,0.141893,-0.000275466,-0.07349589,0.1223425,0.1427215,0,0,0,0,0,0,0,0,0,1,0,0,-0.07155675,0.5854994,0.1076996,0.5996075,0.2634436,-0.02348962,0.9154763,0.303231,144.6965,0.2764602,-0.02465023,0.9607093,-0.02910858,0.6498331,0.2094334,0.6833687,0.01258656,0.6159325,0.2358352,0.6596586,0.02464762,0.6228896,0.1998843,0.6546394,0.06021102,-0.06865789,0.1001789,0.1355547,0.0245991,-0.06117416,0.152326,0.1659837,0.0009730235,-0.07892467,0.1239839,0.1469764,0,0,0,0,0,0,0,0,0,1,0,0,0.03458609,0.907011,0.237878,0.9383236,-0.1372475,0.5219582,0.4100142,-0.7352626,274.6588,-0.202495,0.7700973,0.6049349,0.01541391,0.09298897,0.06212202,0.1128879,0.2388974,-0.5152469,0.6670973,-0.4821098,237.6466,0.2726794,-0.588107,0.7614304,0.000106154,1.052697,-0.0197989,1.052883,-0.0002056237,0.07566912,-0.07512247,0.9942991,12.24174,-0.001928452,0.7096666,-0.7045398,False
1773034740274,0.694141,0.04231763,0.7905471,0.1696625,0.8096548,0.3211519,0.2379736,0.8565612,-0.326394,218.1001,0.3397593,0.2517616,0.9061897,0.03667171,0.9041911,0.2231127,0.9320331,0.05172769,0.9121979,0.2239778,0.9407161,0.03860848,0.9083773,0.2340771,0.9388461,-0.005507085,-0.07433733,0.1107689,0.1335145,-0.0175988,-0.06849886,0.122957,0.1418458,-0.000292191,-0.0735618,0.1222495,0.1426757,0,0,0,0,0,0,0,0,0,1,0,0,-0.07155513,0.5855776,0.1077442,0.5996917,0.2635311,-0.02395997,0.9152637,0.3037593,144.6329,0.2766008,-0.02514825,0.9606558,-0.02913856,0.649488,0.2097789,0.6831478,0.01263292,0.6157742,0.2359515,0.6595533,0.02483222,0.6227355,0.2001137,0.6545698,0.06026006,-0.06829391,0.1004223,0.1355727,0.02460163,-0.06113378,0.1523846,0.166023,0.0009383648,-0.07894643,0.1242068,0.1471759,0,0,0,0,0,0,0,0,0,1,0,0,0.03487453,0.9063119,0.2391241,0.9379753,-0.1466008,0.5279713,0.4175677,-0.7248391,272.9109,-0.2127986,0.7663773,0.6061208,0.01512547,0.09368813,0.06087589,0.112748,0.2321613,-0.5291821,0.6622015,-0.4770292,236.9831,0.2641536,-0.6021045,0.7534542,0.0001940802,1.052712,-0.01990991,1.0529,-0.0001969011,0.07652483,-0.07487171,0.9942526,12.29173,-0.001839165,0.7147842,-0.6993431,False
1773034740289,0.7081209,0.042464,0.7906487,0.1693373,0.8096936,0.324896,0.2338662,0.8548062,-0.3302356,218.5661,0.3442065,0.2477663,0.9056124,0.03718646,0.9040489,0.223482,0.932004,0.05201445,0.9119477,0.2241615,0.9405331,0.03916683,0.908114,0.2345347,0.9387287,-0.005671475,-0.0743588,0.1108244,0.1335793,-0.01760918,-0.06858254,0.1227837,0.1417374,-0.0003200134,-0.07358074,0.1222967,0.142726,0,0,0,0,0,0,0,0,0,1,0,0,-0.07167879,0.5855621,0.1077452,0.5996914,0.2636188,-0.02392447,0.9151602,0.3039977,144.6043,0.2767149,-0.025113,0.9606239,-0.02930354,0.6491846,0.2100004,0.6829345,0.01257433,0.6157179,0.235938,0.6594948,0.02487495,0.6226546,0.2002359,0.6545318,0.06029384,-0.06796258,0.1006537,0.1355929,0.02458338,-0.06112869,0.1524073,0.1660393,0.000908897,-0.07897651,0.1244132,0.1473661,0,0,0,0,0,0,0,0,0,1,0,0,0.03548077,0.9059547,0.239605,0.9377757,-0.1472102,0.5220491,0.4188856,-0.7282368,273.4775,-0.2148033,0.7617534,0.6112213,0.01451923,0.09404534,0.060395,0.1127071,0.2385052,-0.5279721,0.6599283,-0.4783886,237.1604,0.2716001,-0.6012334,0.7514997,0.0002710968,1.052787,-0.02000131,1.052977,-0.0005553645,0.07748879,-0.07432096,0.9942191,12.32753,-0.005172411,0.7216951,-0.6921914,False
1773034740303,0.7220908,0.04231782,0.7909249,0.1686832,0.8098191,0.3234755,0.2307505,0.8571308,-0.3277878,218.2691,0.3423922,0.2442447,0.9072554,0.03774339,0.9040444,0.2235136,0.9320296,0.05257833,0.9118602,0.2241649,0.9404804,0.03968411,0.9080651,0.2345521,0.9387075,-0.00567487,-0.07429813,0.1108863,0.1335971,-0.01768447,-0.06859897,0.1227568,0.1417314,-0.0003493532,-0.07357876,0.1223338,0.1427568,0,0,0,0,0,0,0,0,0,1,0,0,-0.07169921,0.5853315,0.1077133,0.599463,0.2625069,-0.02381825,0.9144505,0.3070879,144.2324,0.2758349,-0.02502756,0.9608791,-0.02922415,0.6485927,0.2101875,0.6824261,0.01255763,0.615281,0.235982,0.6591023,0.02502561,0.6220761,0.2003161,0.6540118,0.06035169,-0.06753309,0.1009494,0.1356238,0.02458765,-0.06112069,0.1524382,0.1660654,0.0008914093,-0.07902778,0.1245082,0.1474736,0,0,0,0,0,0,0,0,0,1,0,0,0.03593614,0.9058715,0.2395939,0.9377099,-0.1480918,0.5224593,0.42274,-0.7255315,273.0262,-0.2151906,0.7591801,0.6142791,0.01406386,0.09412849,0.06040607,0.1127247,0.237013,-0.5314351,0.6570669,-0.4792335,237.2707,0.2700426,-0.6054947,0.7486343,0.0003791843,1.052922,-0.02006716,1.053113,-0.0009127794,0.07854795,-0.07374711,0.9941784,12.37084,-0.008471565,0.7290086,-0.6844517,False
1773034740317,0.7358603,0.04218256,0.790931,0.1684735,0.8097743,0.3230737,0.2269235,0.8587598,-0.3265897,218.1238,0.3418169,0.2400884,0.9085807,0.03854396,0.9036674,0.2242132,0.9318647,0.05313098,0.9114766,0.2246946,0.940266,0.04023541,0.9076812,0.235119,0.9385015,-0.005748566,-0.07401418,0.1111044,0.1336238,-0.01777858,-0.06863169,0.1227391,0.1417437,-0.0004090331,-0.07358759,0.1223678,0.1427907,0,0,0,0,0,0,0,0,0,1,0,0,-0.07177206,0.5853459,0.1077694,0.5994958,0.2632723,-0.02263266,0.9134368,0.3095299,143.9382,0.2768694,-0.02380156,0.9606128,-0.02887965,0.6485294,0.2101297,0.6823335,0.01302152,0.6150326,0.2361406,0.6589363,0.0257016,0.6218406,0.2004189,0.6538455,0.0604459,-0.06725676,0.1010913,0.1356342,0.02462139,-0.06086902,0.1529078,0.1664093,0.0008256211,-0.07909695,0.1250785,0.147992,0,0,0,0,0,0,0,0,0,1,0,0,0.036437,0.9054255,0.2401657,0.9374447,-0.1490985,0.5213404,0.4264917,-0.7239329,272.7603,-0.2161254,0.7557077,0.61822,0.013563,0.09457451,0.05983435,0.1127317,0.2372722,-0.5342546,0.6539316,-0.4802579,237.4045,0.2705105,-0.6090958,0.7455378,0.0005424339,1.052927,-0.0201341,1.05312,-0.001219842,0.07952061,-0.07326169,0.9941367,12.41514,-0.01128119,0.7354127,-0.6775298,False
1773034740331,0.7498293,0.0420664,0.7910212,0.1683573,0.8098323,0.3227175,0.2256458,0.8598304,-0.3250062,217.9319,0.341243,0.2385989,0.9091885,0.03899445,0.9036136,0.2244334,0.9318844,0.05357387,0.9115591,0.2246072,0.9403502,0.04062688,0.9078079,0.2352081,0.9386632,-0.005737073,-0.07382236,0.1112394,0.1336296,-0.01808266,-0.06867674,0.1227334,0.141799,-0.000555249,-0.07362086,0.1225047,0.1429257,0,0,0,0,0,0,0,0,0,1,0,0,-0.07185212,0.5853658,0.1078333,0.5995364,0.2642908,-0.02111,0.9122358,0.3122989,143.6043,0.2782056,-0.02222143,0.9602644,-0.02843434,0.6485293,0.2099932,0.6822726,0.01358665,0.6148233,0.2362168,0.6587796,0.02644476,0.6216123,0.2004179,0.6536578,0.06054679,-0.06699471,0.1012151,0.1356418,0.0246573,-0.06061335,0.1533697,0.166746,0.0007661553,-0.07915605,0.1256313,0.1484907,0,0,0,0,0,0,0,0,0,1,0,0,0.03670282,0.9054027,0.2402592,0.937457,-0.1489713,0.5216701,0.4283726,-0.7226098,272.5407,-0.2155081,0.7546697,0.6197017,0.01329719,0.09459728,0.05974077,0.1126695,0.2362465,-0.5356408,0.6525853,-0.4810501,237.508,0.2694745,-0.6109786,0.7443714,0.0006919801,1.052933,-0.02021446,1.053127,-0.0009720342,0.08029809,-0.07288972,0.9941018,12.4521,-0.008962871,0.7404075,-0.6720969,False
1773034740345,0.7636483,0.04194435,0.7911037,0.168207,0.8098753,0.3219399,0.2243068,0.8612023,-0.3230662,217.6969,0.3401816,0.2370165,0.9099998,0.03947333,0.9035252,0.2246638,0.9318743,0.0540373,0.9116147,0.2245231,0.9404105,0.04106488,0.9080139,0.235378,0.9389241,-0.00572356,-0.07360639,0.1113884,0.1336339,-0.01840064,-0.06872556,0.1227267,0.1418578,-0.0007158247,-0.07368487,0.1227895,0.1432035,0,0,0,0,0,0,0,0,0,1,0,0,-0.07180863,0.5853996,0.1078058,0.5995592,0.2641916,-0.02201268,0.9120789,0.3127784,143.5465,0.2781474,-0.02317549,0.9602588,-0.02844951,0.6483016,0.2101458,0.6821038,0.0135752,0.61451,0.2363778,0.6585448,0.0266794,0.6213064,0.2007809,0.6534878,0.06060575,-0.06688071,0.1012483,0.1356366,0.0246874,-0.06054786,0.1534595,0.1668092,0.0007299377,-0.07917925,0.1260004,0.1488153,0,0,0,0,0,0,0,0,0,1,0,0,0.03696228,0.9053531,0.2403461,0.9374415,-0.1489969,0.5223603,0.4304851,-0.7208483,272.2491,-0.214974,0.7536655,0.6211073,0.01303772,0.09464693,0.05965394,0.1126349,0.2347719,-0.5374441,0.651123,-0.4817415,237.5984,0.2679086,-0.6133012,0.7430254,0.0008009616,1.052941,-0.02031347,1.053137,-0.001060361,0.08080304,-0.07268956,0.9940754,12.4799,-0.009755601,0.7434096,-0.6687635,False
1773034740357,0.7775693,0.04175274,0.7912251,0.1683703,0.8100179,0.3221569,0.2222067,0.8625284,-0.3207552,217.4172,0.3401286,0.2346026,0.9106449,0.04000136,0.9035111,0.2251501,0.9320005,0.05469843,0.9116724,0.2249437,0.9406052,0.04194027,0.9086091,0.2361816,0.93974,-0.005711774,-0.07358178,0.111421,0.1336471,-0.01857723,-0.06877711,0.1228323,0.1419971,-0.0009593641,-0.07384346,0.1235934,0.1439761,0,0,0,0,0,0,0,0,0,1,0,0,-0.07169984,0.5852793,0.1077901,0.599426,0.2636029,-0.02197234,0.911799,0.3140913,143.3881,0.2776542,-0.02314357,0.9604023,-0.02842433,0.648128,0.210196,0.6819532,0.01369859,0.6141275,0.2366284,0.6582806,0.0269338,0.6209653,0.2010218,0.6532481,0.06073687,-0.06672034,0.101273,0.1356348,0.02466133,-0.06038837,0.1537316,0.166998,0.0007066975,-0.07917148,0.1262768,0.1490451,0,0,0,0,0,0,0,0,0,1,0,0,0.03747693,0.9053168,0.2408036,0.9375443,-0.1483197,0.5223271,0.4334116,-0.7192566,271.9863,-0.2134881,0.7518262,0.6238433,0.01252307,0.09468317,0.05919644,0.1123652,0.2336514,-0.5390587,0.6489294,-0.4834394,237.8206,0.2669149,-0.615801,0.7413134,0.0008568782,1.05299,-0.02041428,1.053188,-0.001190927,0.08130062,-0.07275167,0.9940302,12.52751,-0.01091538,0.7451563,-0.6668014,False
1773034740373,0.7914436,0.04162191,0.7914141,0.1685317,0.8102294,0.3199012,0.2215703,0.8648219,-0.3172586,216.9944,0.3373279,0.2336403,0.9119332,0.04029726,0.903605,0.2255169,0.9321929,0.054923,0.9116822,0.2251684,0.9406816,0.04222988,0.9088081,0.236452,0.9400133,-0.005661411,-0.07352979,0.1114614,0.13365,-0.01863668,-0.06887993,0.1226433,0.1418913,-0.001070809,-0.07389003,0.1236443,0.1440444,0,0,0,0,0,0,0,0,0,1,0,0,-0.07178237,0.5849452,0.1078914,0.5991278,0.2637371,-0.02213429,0.9118396,0.3138494,143.4173,0.2777721,-0.02331219,0.9603642,-0.02857594,0.6476857,0.2103924,0.6815998,0.0136295,0.6135952,0.236995,0.6579145,0.02693517,0.6205713,0.2012793,0.652953,0.0607687,-0.06661423,0.1013234,0.1356345,0.02469188,-0.06021873,0.1540106,0.1671982,0.0006931109,-0.07916251,0.1264674,0.1492019,0,0,0,0,0,0,0,0,0,1,0,0,0.03766197,0.9054393,0.2410877,0.937743,-0.1483967,0.5248923,0.4357511,-0.7159522,271.4426,-0.2125573,0.7518339,0.6241518,0.01233803,0.09456074,0.05891231,0.112092,0.2299894,-0.54186,0.6476592,-0.4837667,237.8634,0.2627859,-0.6191292,0.7400153,0.0009394847,1.053072,-0.02048428,1.053272,-0.001440394,0.08174939,-0.07280137,0.9939894,12.57025,-0.01315713,0.7467312,-0.6649966,False
1773034740385,0.8052659,0.04138155,0.7922986,0.1687655,0.8111296,0.3188855,0.2206767,0.8656628,-0.3166096,216.916,0.33618,0.2326449,0.9126112,0.04017202,0.9043611,0.2260261,0.9330438,0.05477925,0.9124509,0.2256694,0.9415382,0.04215798,0.9099209,0.2372997,0.9412993,-0.005650189,-0.07349417,0.1114976,0.1336601,-0.01866108,-0.06890758,0.1226474,0.1419115,-0.001029842,-0.07403018,0.1241876,0.1445825,0,0,0,0,0,0,0,0,0,1,0,0,-0.0718315,0.5849783,0.1078358,0.599156,0.2636124,-0.02201253,0.9114137,0.3151968,143.2546,0.2777714,-0.02319486,0.9603671,-0.02859931,0.6474012,0.2105383,0.6813755,0.01368973,0.6133577,0.2371373,0.6577455,0.02704719,0.6203845,0.2012821,0.652781,0.0608377,-0.06622325,0.1015593,0.1356504,0.02470336,-0.06005151,0.1542731,0.1673817,0.0006819141,-0.07913996,0.1266026,0.1493044,0,0,0,0,0,0,0,0,0,1,0,0,0.03747777,0.9061746,0.2415583,0.9385667,-0.1491376,0.525277,0.436801,-0.7148755,271.266,-0.2132818,0.7511988,0.6246692,0.01252224,0.0938254,0.05844167,0.111245,0.2293741,-0.5432466,0.6468782,-0.4835489,237.8349,0.2620468,-0.620628,0.7390212,0.001073226,1.053342,-0.02052734,1.053542,-0.002006349,0.08210441,-0.0727158,0.9939654,12.59531,-0.01829048,0.7484885,-0.6628992,False
1773034740401,0.8195274,0.04104024,0.7933354,0.1689645,0.8121665,0.3167575,0.2206033,0.8672283,-0.314506,216.662,0.3336905,0.2323961,0.9135878,0.04003797,0.9053042,0.2264013,0.934043,0.05457107,0.9134173,0.2260441,0.9425525,0.04184282,0.9112075,0.2377944,0.9426538,-0.005630572,-0.07336061,0.1115801,0.1336548,-0.01867195,-0.06892665,0.1226658,0.1419381,-0.001000578,-0.07424723,0.1245096,0.14497,0,0,0,0,0,0,0,0,0,1,0,0,-0.0717619,0.5849032,0.1077781,0.599064,0.2633229,-0.02192746,0.9113221,0.3157092,143.1927,0.2775162,-0.02310937,0.960443,-0.02865539,0.6470734,0.2107045,0.6811178,0.01373354,0.6132161,0.2371767,0.6576286,0.02717414,0.6202212,0.2013738,0.6526593,0.06090344,-0.06586859,0.1017708,0.1356657,0.02470831,-0.05998717,0.1543592,0.1674387,0.0006776965,-0.07911818,0.1267632,0.1494291,0,0,0,0,0,0,0,0,0,1,0,0,0.03715711,0.907166,0.2418295,0.9395809,-0.1496642,0.527362,0.4379371,-0.7125314,270.8825,-0.2133061,0.7516131,0.624162,0.01284289,0.092834,0.0581705,0.1103037,0.2267561,-0.5452844,0.6463844,-0.4831501,237.7827,0.2589907,-0.6227995,0.7382713,0.001199985,1.053556,-0.02058568,1.053758,-0.002571789,0.08237641,-0.07256413,0.9939527,12.60863,-0.02342056,0.750179,-0.6608213,False
1773034740413,0.8331915,0.0400458,0.7949737,0.1692963,0.8137863,0.3170495,0.2203052,0.8679087,-0.3125374,216.4244,0.3337695,0.2319233,0.9136791,0.0394982,0.9069328,0.2267418,0.9356811,0.05405904,0.9150656,0.2263062,0.9441832,0.04146263,0.9134148,0.2386126,0.9449772,-0.005568106,-0.07329207,0.1116189,0.1336469,-0.01870004,-0.06893901,0.1226901,0.1419688,-0.0009259366,-0.0744172,0.1253258,0.1457578,0,0,0,0,0,0,0,0,0,1,0,0,-0.07167894,0.5848788,0.1078358,0.5990406,0.2634099,-0.02210629,0.9113694,0.3154877,143.2195,0.2775863,-0.02329602,0.9604183,-0.02864214,0.6469349,0.210851,0.681031,0.01381864,0.6130783,0.2373616,0.6575686,0.02730814,0.6201329,0.2015864,0.6526467,0.0609224,-0.06576382,0.1018168,0.1356579,0.0247138,-0.05991165,0.1544858,0.1675292,0.0006759161,-0.0790947,0.1269318,0.1495598,0,0,0,0,0,0,0,0,0,1,0,0,0.03659224,0.9088643,0.2420892,0.9412653,-0.148481,0.5280222,0.4392112,-0.7115051,270.715,-0.2113065,0.7514396,0.6250507,0.01340776,0.09113574,0.05791084,0.1088079,0.2252775,-0.545703,0.6456138,-0.4843979,237.9461,0.2575047,-0.623769,0.7379727,0.001246719,1.053737,-0.02063315,1.05394,-0.003034686,0.08245431,-0.07230033,0.9939641,12.59662,-0.02766224,0.7516003,-0.6590431,False
1773034740428,0.8471358,0.03905343,0.7965997,0.1695908,0.8153878,0.317418,0.2200203,0.8686276,-0.3103595,216.1618,0.3339065,0.2314495,0.9137492,0.03900419,0.9085531,0.227029,0.9373005,0.05360474,0.916707,0.2265118,0.9457975,0.04112818,0.9155598,0.2393068,0.9472112,-0.005498608,-0.07322104,0.1116568,0.1336368,-0.01873075,-0.06894928,0.1227209,0.1420044,-0.0008667086,-0.07456215,0.1260529,0.1464568,0,0,0,0,0,0,0,0,0,1,0,0,-0.07158797,0.5848594,0.1079012,0.5990226,0.2635307,-0.02231804,0.9114426,0.3151602,143.259,0.2776818,-0.02351647,0.9603853,-0.02862711,0.6467923,0.2110119,0.6809448,0.01391236,0.6129314,0.2375782,0.6575118,0.02746475,0.6200464,0.2018408,0.6526497,0.06093659,-0.0656583,0.1018646,0.1356491,0.02472107,-0.059824,0.1546371,0.1676385,0.0006714294,-0.07907085,0.1271409,0.1497246,0,0,0,0,0,0,0,0,0,1,0,0,0.03607733,0.9105631,0.2422905,0.9429377,-0.1471198,0.5287487,0.440581,-0.7104006,270.5351,-0.2090371,0.7512795,0.6260052,0.01392267,0.08943689,0.05770949,0.1073461,0.2236423,-0.5461028,0.6447904,-0.4857998,238.1298,0.2558631,-0.6247814,0.7376871,0.001237405,1.053888,-0.02069307,1.054092,-0.003434376,0.08253583,-0.0722238,0.9939616,12.59929,-0.03129897,0.7521849,-0.6582069,False
1773034740441,0.8608996,0.03861769,0.7980738,0.1702252,0.8169392,0.3167021,0.2196593,0.8696682,-0.3084266,215.9289,0.3329332,0.2309169,0.914239,0.0388428,0.9099568,0.2277844,0.9388375,0.05348784,0.9181315,0.2271873,0.9473333,0.04107438,0.917112,0.2398215,0.9488392,-0.005400851,-0.07317745,0.1116811,0.1336292,-0.01876024,-0.06898016,0.1227088,0.1420129,-0.001089583,-0.07460955,0.1260393,0.1464708,0,0,0,0,0,0,0,0,0,1,0,0,-0.07134247,0.5843396,0.1080531,0.5985132,0.2628953,-0.02317044,0.9112338,0.3162314,143.1297,0.2771164,-0.02442382,0.960526,-0.02848263,0.6460746,0.2113197,0.6803526,0.01405159,0.61199,0.2380388,0.6568041,0.02772634,0.6191524,0.2023105,0.6519571,0.06101952,-0.06556615,0.1018689,0.135645,0.02471513,-0.05971026,0.1548224,0.1677681,0.0006589745,-0.07904159,0.1273223,0.1498632,0,0,0,0,0,0,0,0,0,1,0,0,0.03590405,0.9120263,0.2429522,0.9445142,-0.1467487,0.5298677,0.4418654,-0.7088442,270.2819,-0.2080465,0.7511965,0.626435,0.01409595,0.08797365,0.05704777,0.1057946,0.2218296,-0.5472518,0.6440372,-0.4863367,238.2002,0.2538759,-0.62631,0.7370774,0.001163404,1.054022,-0.02074721,1.054227,-0.004249346,0.082088,-0.07175206,0.9940298,12.52794,-0.03894578,0.7523466,-0.6576165,False
1773034740455,0.8748119,0.03703497,0.8002701,0.1702114,0.8190091,0.3180897,0.2190907,0.8701236,-0.3061098,215.6499,0.3341292,0.2301382,0.913999,0.03793207,0.9121684,0.2277313,0.9409312,0.05259406,0.9203287,0.2269958,0.9493673,0.03993953,0.9193183,0.2392972,0.9507914,-0.005314766,-0.07312611,0.111717,0.1336277,-0.01876328,-0.06901668,0.1226923,0.1420167,-0.001155304,-0.07484343,0.1256038,0.1462162,0,0,0,0,0,0,0,0,0,1,0,0,-0.07138293,0.5841639,0.1081199,0.5983585,0.2624191,-0.02468699,0.9115371,0.3156375,143.2014,0.2765567,-0.02601699,0.9606454,-0.02871861,0.6455578,0.2116353,0.67997,0.013922,0.6112421,0.2384026,0.6562366,0.02767122,0.6186833,0.2028712,0.6516836,0.06094219,-0.06552882,0.1018991,0.1356149,0.02446012,-0.05960601,0.1550151,0.1678715,0.0005821397,-0.07906962,0.1276155,0.1501268,0,0,0,0,0,0,0,0,0,1,0,0,0.03502931,0.9143176,0.2428126,0.9466582,-0.1446248,0.5299871,0.4435417,-0.7081442,270.1682,-0.2048313,0.7506178,0.6281857,0.01497069,0.08568239,0.05718744,0.1040961,0.2205772,-0.5471156,0.6428993,-0.4885601,238.492,0.2528018,-0.6270448,0.7368217,0.001076717,1.054182,-0.02078562,1.054388,-0.005220509,0.08173922,-0.07116459,0.9940961,12.45808,-0.0481139,0.7533352,-0.6558759,False
1773034740469,0.8886496,0.03605527,0.8019656,0.1701453,0.8206084,0.3187314,0.2181177,0.8704675,-0.3051578,215.5353,0.3346958,0.2290426,0.9140669,0.03732248,0.9138123,0.2277802,0.9425124,0.05192263,0.9219446,0.2269082,0.9508759,0.03914698,0.9208988,0.2390006,0.9522123,-0.005298134,-0.07312301,0.1117324,0.1336382,-0.01879063,-0.06910726,0.1225825,0.1419696,-0.00123439,-0.07502558,0.1252333,0.1459922,0,0,0,0,0,0,0,0,0,1,0,0,-0.07140507,0.5844105,0.1080407,0.5985876,0.2621711,-0.0249944,0.9110088,0.3173395,142.9958,0.2764609,-0.02635673,0.9606636,-0.02859583,0.6456912,0.2115554,0.6800665,0.01401278,0.6111022,0.2384784,0.6561358,0.02828781,0.6183926,0.2034766,0.6516229,0.06097919,-0.06549148,0.1018917,0.1356079,0.02441485,-0.05950326,0.155203,0.1680021,0.0004200746,-0.07913429,0.1285464,0.1509522,0,0,0,0,0,0,0,0,0,1,0,0,0.03444334,0.9159567,0.2428448,0.9482281,-0.1439519,0.5296178,0.4448229,-0.7077538,270.1049,-0.2037653,0.7496793,0.6296512,0.01555666,0.08404332,0.05715518,0.1028203,0.2203726,-0.5474288,0.6418725,-0.4896503,238.6352,0.2527444,-0.6278437,0.7361608,0.0009624232,1.054362,-0.02081775,1.054568,-0.00597736,0.08136693,-0.07068166,0.9941568,12.39377,-0.05537401,0.7537798,-0.654792,False
1773034740484,0.9027408,0.03551214,0.8024064,0.1706193,0.8211139,0.3196117,0.2183352,0.8699563,-0.3055391,215.5812,0.3356633,0.2293004,0.9136473,0.03685371,0.9142693,0.2282065,0.9430402,0.05125462,0.9224661,0.2271066,0.9513927,0.03828521,0.9212697,0.2388232,0.9524916,-0.005273295,-0.07305099,0.1117723,0.1336312,-0.01880594,-0.06925131,0.1224261,0.1419069,-0.00133924,-0.0752872,0.1245883,0.1455754,0,0,0,0,0,0,0,0,0,1,0,0,-0.07143161,0.5846922,0.107952,0.5988498,0.261824,-0.02535318,0.9101073,0.3201722,142.6533,0.2763724,-0.02676195,0.9606779,-0.02833088,0.6458262,0.2114246,0.6801429,0.01416983,0.6108594,0.2385327,0.6559328,0.02894247,0.6179509,0.2040041,0.6513975,0.06101902,-0.0654645,0.1018762,0.1356012,0.0243623,-0.05939599,0.1554013,0.1681397,0.0002578909,-0.07918148,0.129417,0.1517186,0,0,0,0,0,0,0,0,0,1,0,0,0.03395435,0.9164613,0.2432197,0.948794,-0.1434074,0.5290945,0.4444629,-0.7084815,270.223,-0.2032046,0.7497131,0.6297923,0.01604565,0.08353865,0.05678034,0.102275,0.2209605,-0.5465972,0.6420877,-0.4900321,238.6854,0.253481,-0.6270442,0.7365888,0.0007506832,1.054696,-0.02085937,1.054903,-0.007202242,0.08093724,-0.070174,0.9942198,12.32677,-0.06708255,0.7538592,-0.6536091,False
1773034740498,0.9167129,0.03505049,0.8027942,0.1709982,0.8215519,0.3217352,0.2189392,0.8686431,-0.3066125,215.7104,0.3380159,0.2300181,0.912599,0.03647617,0.9147503,0.2283829,0.9435346,0.05062664,0.9230459,0.2269966,0.9518951,0.03752421,0.9216706,0.2383722,0.9527361,-0.005253644,-0.07297124,0.1118143,0.133622,-0.01881772,-0.06942736,0.1222596,0.1418509,-0.00145222,-0.07554258,0.1239283,0.1451448,0,0,0,0,0,0,0,0,0,1,0,0,-0.071049,0.5851252,0.1076306,0.5991693,0.2580458,-0.02933955,0.9093731,0.3249496,142.075,0.2728532,-0.03102314,0.9615554,-0.02819251,0.6455122,0.2116247,0.6799013,0.01372848,0.609952,0.2390337,0.655261,0.02893048,0.6169373,0.204743,0.6506676,0.06103153,-0.0654402,0.1018645,0.1355863,0.02430927,-0.05937258,0.1554429,0.1681623,0.0002094162,-0.07916249,0.1295664,0.1518361,0,0,0,0,0,0,0,0,0,1,0,0,0.03358554,0.917008,0.2433504,0.9493425,-0.1421484,0.5277953,0.4434479,-0.7103379,270.5248,-0.2019553,0.7498575,0.6300222,0.01641446,0.08299196,0.05664961,0.1018149,0.2224812,-0.5445069,0.6427059,-0.4908601,238.7943,0.255362,-0.6249803,0.7376922,0.0005268939,1.055006,-0.02090623,1.055213,-0.008131625,0.08043459,-0.06977887,0.9942812,12.26107,-0.07614318,0.7531761,-0.6533977,False
1773034740511,0.9303504,0.03402122,0.8034917,0.1709233,0.8221746,0.3250928,0.2178053,0.8674198,-0.3073408,215.7981,0.3416277,0.2288834,0.9115387,0.03595731,0.9155142,0.2282209,0.9442161,0.04999974,0.9239411,0.2265163,0.9526157,0.03707215,0.9224144,0.2382161,0.9533989,-0.005352873,-0.07298885,0.1118313,0.1336498,-0.01906482,-0.06965715,0.1221601,0.1419108,-0.001524358,-0.0755486,0.1239386,0.1451574,0,0,0,0,0,0,0,0,0,1,0,0,-0.07108019,0.5850739,0.1076096,0.5991191,0.2573932,-0.03110701,0.9095107,0.3249176,142.0788,0.27216,-0.03289163,0.9616898,-0.02846017,0.6451538,0.2118598,0.6796455,0.01355708,0.6092864,0.2392279,0.6547088,0.02877287,0.6164373,0.2051163,0.6503041,0.06105862,-0.06543571,0.1018296,0.1355701,0.02406119,-0.05933145,0.155507,0.1681713,0.000126892,-0.07912746,0.1296885,0.1519219,0,0,0,0,0,0,0,0,0,1,0,0,0.03312965,0.917717,0.2432666,0.9499899,-0.1403505,0.5251276,0.4440114,-0.7123178,270.8476,-0.1999702,0.7481974,0.6326237,0.01687035,0.08228296,0.0567334,0.1013596,0.2248445,-0.5425994,0.6418493,-0.4930116,239.0774,0.2584352,-0.6236612,0.7377385,0.0003862251,1.055171,-0.02093334,1.055379,-0.00861367,0.0799962,-0.06950907,0.9943314,12.20703,-0.08101255,0.7523734,-0.6537408,False
1773034740525,0.9440928,0.03288755,0.804276,0.1708439,0.8228785,0.3291587,0.2164505,0.8658655,-0.3083518,215.9199,0.3460194,0.2275379,0.9102182,0.03540794,0.9163793,0.2280272,0.9449874,0.04932618,0.9249452,0.2260373,0.953441,0.03660819,0.9232496,0.2380395,0.9541451,-0.005473624,-0.07301643,0.1118459,0.133682,-0.01928984,-0.06989498,0.1220981,0.1420047,-0.001605475,-0.07555217,0.1239517,0.1451714,0,0,0,0,0,0,0,0,0,1,0,0,-0.07109276,0.5850477,0.1075768,0.5990891,0.2571705,-0.03157526,0.9096453,0.3246721,142.1086,0.2719003,-0.03338378,0.9617463,-0.02858042,0.6450915,0.2118788,0.6795973,0.01346312,0.6091254,0.2392807,0.6545764,0.02878603,0.6161326,0.2054661,0.6501264,0.06107115,-0.06546594,0.1017878,0.1355589,0.02400926,-0.05930929,0.1555318,0.168179,5.501873E-05,-0.07897856,0.1300507,0.1521539,0,0,0,0,0,0,0,0,0,1,0,0,0.03266496,0.9185135,0.2431733,0.9507194,-0.1382309,0.5218296,0.4445974,-0.7147862,271.2513,-0.1976582,0.7461711,0.6357358,0.01733504,0.08148652,0.05682676,0.1008456,0.2278126,-0.5402313,0.6408523,-0.4955402,239.4108,0.2622801,-0.621967,0.7378117,0.0002487954,1.055203,-0.02098009,1.055411,-0.009032172,0.07965986,-0.0693416,0.9943663,12.16927,-0.08521117,0.7515258,-0.6541814,False
1773034740539,0.9580176,0.03188199,0.8043995,0.1710739,0.8230075,0.3316958,0.2161316,0.8667615,-0.3032979,215.3116,0.3480924,0.2268156,0.9096078,0.03561751,0.9167323,0.2277707,0.9452757,0.04990981,0.9253759,0.2255507,0.9537739,0.03716037,0.9236753,0.2377723,0.9545117,-0.0054671,-0.07310848,0.1118048,0.1336976,-0.01968881,-0.06999367,0.1222107,0.1422048,-0.001762934,-0.07549777,0.1240711,0.1452469,0,0,0,0,0,0,0,0,0,1,0,0,-0.07103135,0.5851559,0.1075445,0.5991817,0.2570512,-0.03188676,0.9095172,0.3250945,142.0574,0.2718158,-0.03371828,0.9617586,-0.02851298,0.645163,0.2118586,0.6796561,0.01351637,0.6090757,0.2392928,0.6545357,0.02892146,0.6159371,0.2056881,0.6500173,0.06109815,-0.06548449,0.1017522,0.1355533,0.02398602,-0.05928579,0.1555543,0.1681882,7.058349E-06,-0.0788561,0.1303236,0.1523238,0,0,0,0,0,0,0,0,0,1,0,0,0.03300393,0.9189172,0.2429504,0.9510641,-0.1336444,0.5227852,0.4474771,-0.7131613,270.9854,-0.1906482,0.7457707,0.6383411,0.01699607,0.08108282,0.05704963,0.100588,0.2245439,-0.5397158,0.6390733,-0.4998723,239.9831,0.2592589,-0.6231571,0.7378755,0.0001271591,1.055206,-0.02102687,1.055416,-0.008859356,0.07944737,-0.06890196,0.9944155,12.11606,-0.08394653,0.7528009,-0.6528783,False
1773034740553,0.972123,0.03015475,0.8046474,0.1706744,0.8231018,0.3342154,0.2165511,0.8670926,-0.2992594,214.8262,0.3502675,0.2269519,0.9087384,0.03486112,0.9172534,0.2267816,0.9455152,0.049359,0.9258171,0.2244225,0.9539073,0.03678581,0.9242302,0.2370022,0.9548427,-0.005480561,-0.07318092,0.1117725,0.1337108,-0.01986093,-0.07001406,0.1222253,0.1422514,-0.001776455,-0.07530671,0.124369,0.1454026,0,0,0,0,0,0,0,0,0,1,0,0,-0.0709421,0.5849727,0.1075518,0.5989935,0.2567569,-0.03211686,0.9096404,0.3249596,142.0737,0.2714913,-0.03395994,0.9618416,-0.02852486,0.6449625,0.2119113,0.6794826,0.01353349,0.6088591,0.2393284,0.6543475,0.02893758,0.6157027,0.2058313,0.6498413,0.06110651,-0.06548195,0.1017421,0.1355483,0.02393459,-0.05930197,0.155533,0.1681669,3.363003E-06,-0.07881986,0.1303841,0.1523568,0,0,0,0,0,0,0,0,0,1,0,0,0.03234939,0.9194949,0.2419979,0.9513571,-0.1293594,0.5236209,0.4492203,-0.7122419,270.8352,-0.18429,0.7459688,0.639975,0.01765061,0.08050513,0.05800214,0.1007813,0.2218677,-0.5385416,0.6381151,-0.5035444,240.4695,0.2568004,-0.6233341,0.7385854,4.18257E-05,1.055183,-0.02108195,1.055393,-0.008506369,0.07930715,-0.06810105,0.994485,12.04036,-0.08110667,0.7561792,-0.649331,False
1773034740566,0.9859851,0.0284344,0.8051455,0.1698493,0.8233569,0.3377337,0.2153052,0.86721,-0.2958489,214.4169,0.353561,0.225395,0.9078501,0.03427618,0.9178525,0.2256645,0.9458078,0.04894967,0.9262879,0.2232203,0.9540612,0.03690105,0.9249628,0.2364004,0.9554072,-0.005440512,-0.07327311,0.1117244,0.1337195,-0.01988691,-0.07002077,0.1222406,0.1422715,-0.001749325,-0.07498737,0.1250752,0.1458423,0,0,0,0,0,0,0,0,0,1,0,0,-0.07085942,0.5850312,0.1075113,0.5990335,0.2566283,-0.03225455,0.9097171,0.324833,142.0891,0.2713428,-0.03410396,0.9618784,-0.02845425,0.6449685,0.211893,0.6794797,0.01357491,0.6089305,0.2392667,0.6543922,0.02901217,0.6156999,0.2059165,0.649869,0.06105307,-0.06547664,0.1017628,0.1355372,0.02391171,-0.05933826,0.1554794,0.1681269,-1.437783E-05,-0.07878353,0.1304898,0.1524284,0,0,0,0,0,0,0,0,0,1,0,0,0.03196428,0.9201238,0.2409078,0.9516754,-0.1252111,0.5227574,0.4519579,-0.7118855,270.7771,-0.1782883,0.7443552,0.6435437,0.01803572,0.07987618,0.05909222,0.1009821,0.22076,-0.5374339,0.6360053,-0.5078654,241.0435,0.2562695,-0.623881,0.7383078,-2.630614E-05,1.055162,-0.02113977,1.055374,-0.008297511,0.07921936,-0.06766552,0.9945235,11.99828,-0.0793917,0.7579814,-0.6474327,False
1773034740581,0.9998638,0.02685899,0.8047339,0.1692698,0.8227821,0.3456082,0.2171535,0.8637094,-0.2956441,214.3923,0.3617805,0.2273148,0.9041255,0.03354808,0.9180157,0.2238716,0.945514,0.04824872,0.9263941,0.2211842,0.9536542,0.0366258,0.9252304,0.2347861,0.9552577,-0.005483031,-0.07333628,0.1117138,0.133747,-0.01991606,-0.07001026,0.1222834,0.1423071,-0.001753777,-0.07479725,0.1254152,0.1460366,0,0,0,0,0,0,0,0,0,1,0,0,-0.07086015,0.5848294,0.1076501,0.5988615,0.2565713,-0.03227989,0.9096925,0.3249442,142.0756,0.2712935,-0.03413213,0.9618913,-0.02842039,0.6447122,0.2120421,0.6792815,0.01355954,0.608738,0.2393718,0.6542512,0.02904108,0.6154169,0.206149,0.6496759,0.06100581,-0.06545428,0.1017974,0.1355311,0.02390936,-0.05935768,0.1554328,0.1680903,-3.09238E-05,-0.07874249,0.1305983,0.1525002,0,0,0,0,0,0,0,0,0,1,0,0,0.03148401,0.9203808,0.2391711,0.9514699,-0.1183561,0.5196307,0.4505354,-0.7162358,271.4891,-0.169599,0.7446077,0.6455973,0.01851599,0.07961917,0.06082895,0.1018932,0.2229411,-0.5306673,0.6367899,-0.5130188,241.7302,0.2597238,-0.6182214,0.741853,-3.345497E-05,1.055126,-0.02119943,1.055339,-0.007409791,0.07941726,-0.06766671,0.9945146,12.00801,-0.07084069,0.7592621,-0.646922,False
1773034740594,1.013704,0.02534596,0.8043647,0.1687175,0.8222594,0.3546087,0.2194204,0.8594565,-0.2957058,214.3997,0.3712095,0.2296925,0.8996916,0.03292342,0.9183274,0.2218606,0.9453207,0.04762833,0.9266203,0.2189218,0.9533207,0.03647782,0.9255974,0.2329421,0.9551561,-0.005575078,-0.07341968,0.1117063,0.1337902,-0.01994735,-0.06999291,0.1223324,0.1423451,-0.001762477,-0.07457016,0.1257249,0.1461868,0,0,0,0,0,0,0,0,0,1,0,0,-0.07091777,0.5839608,0.1079597,0.598076,0.2563758,-0.03196661,0.9095774,0.3254514,142.0141,0.2711369,-0.03380712,0.961947,-0.02846081,0.643941,0.2122848,0.6786273,0.01351272,0.6078966,0.2396663,0.6535754,0.02908166,0.6143711,0.2066415,0.6488438,0.06103946,-0.06546675,0.1017646,0.1355277,0.02389577,-0.0593344,0.1554407,0.1680874,-9.254984E-05,-0.07861397,0.1308692,0.152666,0,0,0,0,0,0,0,0,0,1,0,0,0.0311274,0.9207774,0.2372481,0.9513604,-0.1105991,0.5159244,0.4485594,-0.7213768,272.3365,-0.1597,0.7449711,0.6476991,0.0188726,0.07922256,0.06275193,0.1028114,0.2256389,-0.5226874,0.6378438,-0.5186911,242.489,0.263917,-0.6113576,0.7460495,-8.878484E-05,1.05511,-0.02125166,1.055324,-0.007010235,0.07950999,-0.06744473,0.9945251,11.99645,-0.06708512,0.7608786,-0.6454189,False
1773034740608,1.027441,0.02358432,0.8046322,0.1675054,0.822221,0.359286,0.2161871,0.8587682,-0.2944385,214.2478,0.3759518,0.2262151,0.8986029,0.03234008,0.9185265,0.2206725,0.9452159,0.04713633,0.9266752,0.2177193,0.9530742,0.03596743,0.9253854,0.2314593,0.9545707,-0.005633361,-0.0735153,0.1116718,0.1338164,-0.01993296,-0.06997299,0.1223794,0.1423737,-0.001847521,-0.07447919,0.1252323,0.1457179,0,0,0,0,0,0,0,0,0,1,0,0,-0.07102618,0.5825441,0.1084677,0.5967978,0.2557533,-0.03076006,0.9091522,0.3272406,141.7973,0.2706554,-0.03255236,0.9621259,-0.02842371,0.6428061,0.2125669,0.6776372,0.01346833,0.6066601,0.2400997,0.6525839,0.02914517,0.6127972,0.2072689,0.6475571,0.06107881,-0.0654853,0.1017245,0.1355242,0.02388504,-0.05930534,0.1554528,0.1680868,-0.0001618435,-0.0784701,0.131164,0.152845,0,0,0,0,0,0,0,0,0,1,0,0,0.03075534,0.9208962,0.236157,0.9511918,-0.1073763,0.5123319,0.4517148,-0.7224542,272.515,-0.1552985,0.7409864,0.6533158,0.01924466,0.07910377,0.063843,0.1034586,0.2276013,-0.5213125,0.6347156,-0.5230365,243.0723,0.2670404,-0.6116463,0.7447001,-2.063066E-05,1.054879,-0.02132194,1.055095,-0.005421474,0.08009827,-0.06769684,0.9944707,12.05598,-0.05162609,0.7627372,-0.6446444,False
1773034740622,1.041344,0.02273376,0.8036679,0.1673204,0.8212156,0.3634153,0.2097365,0.8579882,-0.2963043,214.4715,0.3805023,0.2195978,0.898329,0.032382,0.9170412,0.2214286,0.9439512,0.04775029,0.9253066,0.2188332,0.9520295,0.03626123,0.9237273,0.2322626,0.9531699,-0.00562857,-0.07359439,0.1116149,0.1338122,-0.01995997,-0.06967026,0.1230287,0.142788,-0.001859252,-0.07443778,0.1252117,0.1456791,0,0,0,0,0,0,0,0,0,1,0,0,-0.07086346,0.5817635,0.1089255,0.5961,0.2527857,-0.02814536,0.9077283,0.3336715,141.0164,0.2681537,-0.02985645,0.9629134,-0.02787982,0.6426274,0.2125154,0.677429,0.01360223,0.6061443,0.2405379,0.6522687,0.02939778,0.6117085,0.207749,0.6466925,0.06114226,-0.06551029,0.101669,0.1355233,0.02382336,-0.05926729,0.155487,0.1680963,-0.0002127396,-0.07834763,0.1312538,0.1528593,0,0,0,0,0,0,0,0,0,1,0,0,0.03107218,0.919243,0.2369956,0.9498106,-0.1073843,0.5058562,0.4558267,-0.7244309,272.843,-0.1557768,0.7338189,0.6612438,0.01892782,0.08075702,0.06300437,0.104161,0.2332896,-0.5214669,0.6300642,-0.5259918,243.4701,0.2743003,-0.6131372,0.7408252,4.813075E-06,1.054685,-0.02141135,1.054902,-0.00428196,0.08062498,-0.0676529,0.9944367,12.09299,-0.04065066,0.7654107,-0.6422607,False
1773034740635,1.055259,0.02128268,0.80314,0.1665825,0.82051,0.3685284,0.2031159,0.8570577,-0.2972925,214.5901,0.3859799,0.2127344,0.8976434,0.03201966,0.9159817,0.221513,0.9429293,0.04879982,0.9245239,0.2197293,0.9515287,0.03664315,0.9226412,0.2327192,0.9522434,-0.005521811,-0.07372487,0.1114914,0.1337766,-0.02004277,-0.06893969,0.12452,0.1437346,-0.001820237,-0.07419059,0.1256993,0.1459722,0,0,0,0,0,0,0,0,0,1,0,0,-0.07082635,0.5816867,0.1088737,0.5960111,0.2504487,-0.02582885,0.9076245,0.335896,140.7459,0.2658976,-0.0274221,0.9636112,-0.02796937,0.6432052,0.2121299,0.6778601,0.013504,0.6065441,0.240459,0.6526092,0.02908289,0.6119173,0.2075285,0.6468049,0.06121592,-0.0655385,0.1016077,0.1355242,0.02359726,-0.05921574,0.1555175,0.1680745,-0.0002405615,-0.07817411,0.1309849,0.1525395,0,0,0,0,0,0,0,0,0,1,0,0,0.03113069,0.9180652,0.2371304,0.9487063,-0.1061831,0.4991232,0.4604468,-0.7263539,273.1632,-0.1544884,0.7261865,0.6699153,0.01886931,0.08193481,0.06286961,0.1049855,0.2386742,-0.5210992,0.624937,-0.5300417,244.0165,0.2814648,-0.6145242,0.7369787,6.437115E-05,1.054524,-0.0215346,1.054744,-0.003189293,0.08108619,-0.06765795,0.9944029,12.1297,-0.03018621,0.7674695,-0.6403731,False
1773034740650,1.069186,0.0189652,0.8029076,0.1640875,0.8197225,0.3783036,0.1948391,0.8537747,-0.2999884,214.9138,0.3965684,0.2042461,0.8949956,0.0308971,0.9152632,0.2196334,0.9417537,0.0491092,0.9238684,0.2182196,0.95056,0.03701988,0.9218856,0.2314725,0.9512219,-0.005294632,-0.07419438,0.1111176,0.133716,-0.02009901,-0.06839417,0.1255084,0.1443402,-0.001739507,-0.07380891,0.1265146,0.1464812,0,0,0,0,0,0,0,0,0,1,0,0,-0.07069042,0.5815749,0.1088682,0.5958848,0.2479439,-0.02599347,0.9076141,0.3377647,140.5185,0.2634252,-0.02761647,0.9642844,-0.02815981,0.6432904,0.2121452,0.6779536,0.01341328,0.6061445,0.2405728,0.6522778,0.02859633,0.6117321,0.2074297,0.6465764,0.06132558,-0.06558198,0.1015174,0.1355271,0.0231146,-0.05919362,0.1555223,0.168004,-0.0002474141,-0.07809541,0.1303983,0.1519956,0,0,0,0,0,0,0,0,0,1,0,0,0.03100101,0.9171541,0.2353943,0.9473875,-0.1027797,0.4880358,0.4652659,-0.73129,273.9893,-0.1506886,0.7155251,0.6821414,0.01899899,0.08284593,0.06460568,0.1067628,0.2480054,-0.517614,0.6185943,-0.5365727,244.9013,0.2938961,-0.6133928,0.7330584,7.839687E-05,1.054388,-0.02166619,1.05461,-0.002024512,0.08169671,-0.06768106,0.9943545,12.18215,-0.01907954,0.7699313,-0.6378441,False
1773034740664,1.083023,0.01517672,0.8020099,0.1622906,0.818406,0.388528,0.1796959,0.8498184,-0.3075126,215.8188,0.4083132,0.1888467,0.8930943,0.027699,0.9130869,0.2199147,0.9396049,0.05048411,0.9222665,0.220526,0.9496083,0.03652845,0.9195451,0.2328517,0.9492721,-0.004776936,-0.07516441,0.1103032,0.1335639,-0.02032722,-0.06637013,0.1293273,0.1467778,-0.001585203,-0.07315944,0.1278974,0.1473518,0,0,0,0,0,0,0,0,0,1,0,0,-0.07057327,0.5814607,0.1089442,0.5957735,0.247424,-0.0259833,0.9079609,0.3372141,140.5855,0.2628178,-0.02759989,0.9644507,-0.02807464,0.6438181,0.2117876,0.6783391,0.01371427,0.6057906,0.2404616,0.6519142,0.02864726,0.6115963,0.2077808,0.6465629,0.06134786,-0.06622268,0.1010176,0.1354753,0.02249775,-0.05917848,0.1555096,0.1679032,-0.0003198097,-0.07800366,0.1306252,0.1521434,0,0,0,0,0,0,0,0,0,1,0,0,0.02959029,0.9145235,0.2358754,0.9449158,-0.103881,0.4705218,0.4727464,-0.7377865,275.0864,-0.15389,0.697034,0.7003295,0.02040971,0.08547652,0.06412464,0.1087877,0.2643459,-0.5162092,0.6082045,-0.5419748,245.6364,0.3145496,-0.6142461,0.7237129,7.803924E-05,1.054191,-0.0218456,1.054417,-0.0006293309,0.08246595,-0.06798461,0.9942722,12.27072,-0.00588832,0.7715908,-0.6360964,False
1773034740678,1.097088,0.01177247,0.8012241,0.160661,0.817258,0.3980167,0.1654984,0.8457063,-0.314601,216.6735,0.4193075,0.1743513,0.8909449,0.0250017,0.9109692,0.2202894,0.9375592,0.05109187,0.9203918,0.2217814,0.9481131,0.03618624,0.9172769,0.2339395,0.9473299,-0.004255539,-0.07590369,0.1096069,0.133391,-0.0204755,-0.06494003,0.1316789,0.1482423,-0.001432156,-0.0725964,0.1290296,0.1480571,0,0,0,0,0,0,0,0,0,1,0,0,-0.07044949,0.5813379,0.1090293,0.5956545,0.2469906,-0.02598333,0.9082941,0.3366337,140.6562,0.2622995,-0.02759383,0.964592,-0.027973,0.6443351,0.2114254,0.6787127,0.01402247,0.6054464,0.2403506,0.6515599,0.02874291,0.6113974,0.2081927,0.6465116,0.06136909,-0.06686762,0.1005031,0.135419,0.02191185,-0.05917126,0.1554829,0.1677984,-0.0004087987,-0.07787915,0.1309344,0.1523455,0,0,0,0,0,0,0,0,0,1,0,0,0.02845417,0.9120742,0.2362637,0.9426078,-0.104896,0.4538644,0.4794537,-0.7437258,276.0995,-0.1569161,0.6789449,0.7172247,0.02154583,0.08792579,0.06373635,0.1107135,0.2796892,-0.5145952,0.5983248,-0.5467845,246.2934,0.3340476,-0.6146084,0.7146111,6.650016E-05,1.054007,-0.02205334,1.054238,0.0006814846,0.08300911,-0.06860956,0.994184,12.36494,0.006327908,0.7707791,-0.6370724,False
1773034740691,1.110692,0.009802649,0.8001646,0.1583069,0.8157332,0.3994835,0.163504,0.8458502,-0.3133959,216.528,0.4206761,0.1721779,0.8907225,0.02210457,0.9094709,0.2182478,0.9355522,0.05056343,0.9191213,0.2199043,0.9464135,0.03498146,0.9158137,0.2323438,0.9454745,-0.003164473,-0.0767767,0.1086071,0.133042,-0.02053084,-0.06444569,0.1324409,0.1487123,-0.0008288239,-0.07240013,0.12939,0.1482708,0,0,0,0,0,0,0,0,0,1,0,0,-0.07023122,0.5809976,0.1093205,0.59535,0.2458162,-0.02444856,0.9090473,0.3355737,140.7851,0.2609476,-0.0259535,0.9650041,-0.02812058,0.6445655,0.2115087,0.6789634,0.01416213,0.6056325,0.2404837,0.651785,0.0292706,0.6111841,0.2094124,0.6467274,0.06141671,-0.06696973,0.100399,0.1354139,0.02157862,-0.05921119,0.1554088,0.1677006,-0.0006775145,-0.07773243,0.1321099,0.1532834,0,0,0,0,0,0,0,0,0,1,0,0,0.02719355,0.9108267,0.2340251,0.9408042,-0.1037419,0.4525158,0.4815327,-0.7433663,276.0379,-0.1550969,0.676523,0.7199041,0.02280645,0.08917332,0.06597494,0.1132462,0.2799918,-0.5147603,0.5963271,-0.5486534,246.5493,0.3348984,-0.6157052,0.7132673,8.441508E-06,1.05381,-0.02226001,1.054045,0.001797369,0.08358647,-0.06916774,0.9940955,12.45871,0.01656429,0.7703209,-0.63744,False
1773034740705,1.124595,0.008833288,0.7986236,0.1565592,0.8138725,0.4028082,0.1649089,0.8429356,-0.3162439,216.8719,0.4245996,0.1738302,0.8885372,0.02032192,0.9073102,0.2168257,0.93308,0.05256166,0.9182284,0.2192086,0.9454939,0.03629817,0.9153568,0.2325693,0.945137,-0.001866181,-0.07645056,0.1082681,0.1325525,-0.02080567,-0.06223328,0.1356988,0.1507316,-0.0002559759,-0.07113313,0.1329591,0.1507916,0,0,0,0,0,0,0,0,0,1,0,0,-0.06965224,0.5801864,0.1100975,0.5946336,0.2447679,-0.02205855,0.9097019,0.3347307,140.8877,0.2597519,-0.02340892,0.9653916,-0.0278502,0.6444002,0.2120145,0.6789532,0.01496357,0.6053639,0.240863,0.6516935,0.03075205,0.6103443,0.2117796,0.6467739,0.06147145,-0.06697427,0.1003698,0.1354193,0.02093439,-0.05923853,0.155343,0.1675676,-0.001114523,-0.07755243,0.1343267,0.1551106,0,0,0,0,0,0,0,0,0,1,0,0,0.02608784,0.9096382,0.2317909,0.9390683,-0.1021582,0.4499433,0.4787476,-0.7469375,276.6516,-0.1536457,0.6767141,0.7200357,0.02391216,0.09036177,0.06820914,0.1157131,0.2832325,-0.5106859,0.5978382,-0.5491529,246.6178,0.3389076,-0.6110715,0.7153554,-6.151013E-05,1.053612,-0.02245334,1.053851,0.002963067,0.08406546,-0.0696532,0.9940185,12.53977,0.02713135,0.7697461,-0.6377801,False
1773034740720,1.138557,0.00897826,0.7957277,0.1564583,0.8110132,0.405213,0.1649603,0.8387346,-0.3242143,217.836,0.4283509,0.1743796,0.8866268,0.01725761,0.9037622,0.2173081,0.9296809,0.05524755,0.9161419,0.220983,0.9440348,0.04031405,0.9136771,0.2370001,0.9447752,-0.0002783755,-0.07751261,0.1068203,0.1319805,-0.02121623,-0.05978906,0.1394317,0.1531864,0.0005575938,-0.06837263,0.1394343,0.1552966,0,0,0,0,0,0,0,0,0,1,0,0,-0.06966531,0.5799686,0.1101501,0.5944324,0.246383,-0.01821698,0.9106938,0.3310596,141.3338,0.2611068,-0.01930563,0.9651169,-0.02804424,0.6450016,0.2116487,0.679418,0.01576947,0.6061757,0.239981,0.6521415,0.03199735,0.6107425,0.2128491,0.6475608,0.06155523,-0.06692553,0.1003827,0.1354428,0.02024409,-0.05932225,0.1552159,0.1673945,-0.00151821,-0.07739801,0.1364921,0.1569167,0,0,0,0,0,0,0,0,0,1,0,0,0.0252856,0.9067415,0.2319021,0.9362682,-0.1044835,0.4445717,0.4742808,-0.7526599,277.6426,-0.1586908,0.6752207,0.7203433,0.0247144,0.0932585,0.06809789,0.1180901,0.2910787,-0.5067604,0.5997283,-0.5466198,246.2709,0.347606,-0.6051731,0.7161953,-0.0001819506,1.05336,-0.02264431,1.053604,0.003805783,0.08447243,-0.0703707,0.9939305,12.63174,0.03459498,0.7678636,-0.6396773,False
1773034740734,1.152658,0.008763104,0.7911997,0.1572274,0.8067182,0.4090805,0.1703241,0.8317584,-0.334396,219.0716,0.4340687,0.1807282,0.8825654,0.01352991,0.8995,0.2173778,0.9254925,0.05827787,0.9141761,0.223899,0.9429979,0.04395089,0.9108809,0.2413275,0.9433317,0.0005596432,-0.0784797,0.1057222,0.1316684,-0.02142691,-0.05654923,0.1455366,0.1576002,0.001457446,-0.06443956,0.146207,0.1597844,0,0,0,0,0,0,0,0,0,1,0,0,-0.06876878,0.5764004,0.1103363,0.5908812,0.2431973,-0.01453732,0.9152993,0.3207348,142.5853,0.2567624,-0.01534818,0.9663527,-0.0293123,0.6426198,0.2119486,0.6773047,0.01561115,0.604817,0.2402308,0.6509671,0.0323437,0.6093505,0.2148073,0.6469129,0.06152007,-0.06676614,0.100529,0.1354567,0.01963243,-0.05935847,0.1551283,0.1672533,-0.001859923,-0.07723399,0.138199,0.1583273,0,0,0,0,0,0,0,0,0,1,0,0,0.02322345,0.9030102,0.2318672,0.9325927,-0.1050161,0.4400323,0.4643418,-0.7614,279.1756,-0.1619912,0.6787665,0.7162648,0.02677655,0.09698981,0.06813277,0.1215158,0.2993886,-0.4981678,0.6060712,-0.5430223,245.7792,0.3565345,-0.5932558,0.7217553,-0.0003992431,1.052996,-0.02287394,1.053244,0.004841964,0.08494622,-0.07086632,0.9938505,12.71486,0.04372742,0.7671429,-0.6399884,False
1773034740747,1.166473,0.007179509,0.7898112,0.1553495,0.8049762,0.4154562,0.1738171,0.822531,-0.3473133,220.6461,0.4430355,0.1853557,0.8771333,0.009525289,0.8980005,0.2153585,0.9235123,0.06012942,0.9153629,0.2239752,0.9442827,0.0465892,0.9111193,0.243822,0.9443294,0.001168059,-0.07862495,0.1052978,0.1314187,-0.0215704,-0.05305698,0.1515741,0.162034,0.003251695,-0.06025873,0.1534209,0.1648626,0,0,0,0,0,0,0,0,0,1,0,0,-0.06870799,0.5765739,0.110145,0.5910078,0.241877,-0.01357195,0.9199223,0.308309,144.0853,0.2542631,-0.01426694,0.9670299,-0.03009981,0.6423399,0.2125022,0.6772472,0.01485738,0.6063339,0.2400515,0.6522931,0.0316,0.6114235,0.2159527,0.6492094,0.06003772,-0.06657238,0.1016921,0.1355643,0.01877966,-0.05938022,0.1550236,0.1670659,-0.0021143,-0.07713744,0.1392566,0.1592076,0,0,0,0,0,0,0,0,0,1,0,0,0.01996541,0.9022049,0.2294168,0.9311306,-0.1055335,0.4313943,0.4539586,-0.7724528,281.1493,-0.1661755,0.6792837,0.714814,0.03003459,0.09779513,0.07058322,0.1242898,0.3118114,-0.4875559,0.6113082,-0.5397828,245.3377,0.3704083,-0.5791795,0.7261879,-0.0005453788,1.052695,-0.02299151,1.052946,0.005836312,0.08522157,-0.07133845,0.9937878,12.77952,0.05244169,0.7657513,-0.6410057,False
1773034740761,1.180169,0.005618922,0.788433,0.15359,0.8032734,0.421589,0.1767255,0.8134515,-0.3596216,222.1539,0.4518163,0.1893965,0.8717747,0.005621801,0.8963637,0.2135873,0.9214765,0.0608988,0.9158254,0.2230067,0.9445511,0.04766741,0.9108124,0.2447693,0.9443322,0.00181841,-0.07881798,0.1048067,0.1311489,-0.02171494,-0.04991128,0.1556442,0.1648872,0.004819887,-0.05697564,0.1581001,0.1681222,0,0,0,0,0,0,0,0,0,1,0,0,-0.06865878,0.5767198,0.1099806,0.5911137,0.2406819,-0.01293106,0.9242747,0.2960089,145.5639,0.2519741,-0.01353776,0.9676393,-0.03065188,0.6419122,0.2130411,0.6770356,0.01405944,0.6077362,0.239924,0.6535323,0.03085668,0.6132895,0.2171889,0.6513426,0.05837641,-0.06644046,0.102868,0.1356612,0.01799962,-0.05941012,0.1549049,0.1668804,-0.002384116,-0.07700846,0.1403836,0.160136,0,0,0,0,0,0,0,0,0,1,0,0,0.01685052,0.9012948,0.2271961,0.929642,-0.1060306,0.4226829,0.4441531,-0.7828313,283.0411,-0.170403,0.6792989,0.7138038,0.03314948,0.09870523,0.07280391,0.1270512,0.3238578,-0.4773315,0.615846,-0.5366606,244.9132,0.3838095,-0.5656938,0.7298498,-0.0006973296,1.052493,-0.02312019,1.052748,0.006939154,0.08549116,-0.07187136,0.9937191,12.85009,0.0620103,0.7639738,-0.6422634,False
1773034740774,1.193868,0.005511092,0.7876091,0.1506649,0.8019092,0.4164138,0.1852676,0.8086179,-0.3720384,223.6828,0.4486167,0.199595,0.8711516,0.001419723,0.8950506,0.2108692,0.9195561,0.06164562,0.9171447,0.2227487,0.9458179,0.04863453,0.9111937,0.2467593,0.9452669,0.002459953,-0.07862603,0.1045947,0.1308746,-0.02187619,-0.04575915,0.1605289,0.1683508,0.006840806,-0.05232948,0.1641824,0.1724558,0,0,0,0,0,0,0,0,0,1,0,0,-0.0686541,0.5766443,0.109915,0.5910274,0.2381403,-0.0119599,0.9271297,0.2890963,146.3923,0.2487625,-0.01249336,0.968484,-0.0299034,0.6393449,0.2144628,0.6750188,0.01419193,0.6078234,0.2391838,0.6533449,0.03011502,0.6144412,0.2179321,0.6526403,0.05550779,-0.0649116,0.1056529,0.1358571,0.01583564,-0.05937796,0.1546305,0.1663944,-0.002725678,-0.07699862,0.1408534,0.1605487,0,0,0,0,0,0,0,0,0,1,0,0,0.01259526,0.9008744,0.224167,0.928431,-0.1137299,0.4235916,0.4306664,-0.7887725,284.1419,-0.1850213,0.6891196,0.7006293,0.03740474,0.09912556,0.07583302,0.1302906,0.329362,-0.4731701,0.6258626,-0.5252874,243.3752,0.3870635,-0.5560656,0.7355086,-0.0008327905,1.052349,-0.02312915,1.052603,0.007561918,0.08595232,-0.07212632,0.9936563,12.9142,0.06724138,0.7642971,-0.6413549,False
1773034740789,1.20802,0.004653115,0.7868409,0.1485116,0.8007471,0.4123632,0.185258,0.8079906,-0.3778723,224.4039,0.445385,0.2000934,0.8726941,-0.001610944,0.8937221,0.2094209,0.9179318,0.06336817,0.9168155,0.2239937,0.9459066,0.05116762,0.9098047,0.2493128,0.9447325,0.002682254,-0.07917802,0.1041058,0.1308219,-0.02190044,-0.04252185,0.1645683,0.1713781,0.008043005,-0.04793548,0.1690978,0.1759448,0,0,0,0,0,0,0,0,0,1,0,0,-0.06856728,0.5766264,0.1097704,0.5909729,0.2347359,-0.01298009,0.9308735,0.2796519,147.5211,0.2444907,-0.0135195,0.9695574,-0.02978988,0.6379802,0.2151865,0.673952,0.01316344,0.6083084,0.2393262,0.6538267,0.02897176,0.615548,0.21883,0.6539306,0.05306539,-0.06464712,0.1071518,0.135929,0.01478431,-0.05935624,0.1544596,0.1661309,-0.003243636,-0.07701529,0.1411178,0.1607983,0,0,0,0,0,0,0,0,0,1,0,0,0.01016401,0.8996118,0.2229033,0.9268714,-0.1199908,0.4228064,0.4275634,-0.7899535,284.3623,-0.1956903,0.6895455,0.6973037,0.03983599,0.1003882,0.07709673,0.1326974,0.3328526,-0.4746909,0.6276639,-0.5195344,242.602,0.389552,-0.5555516,0.7345826,-0.0008821711,1.052148,-0.02319931,1.052404,0.008127728,0.08617654,-0.07213735,0.9936316,12.93938,0.07213254,0.7648057,-0.6402096,False
1773034740802,1.221642,0.005862437,0.7843632,0.1464913,0.7979472,0.4013491,0.1884183,0.8080898,-0.3878253,225.6385,0.4354289,0.2044175,0.8767071,-0.003515363,0.8932551,0.2062461,0.916763,0.06469937,0.9154767,0.2253225,0.9450153,0.05148626,0.9069707,0.2519,0.942709,-0.0008019327,-0.08082863,0.1047265,0.1322934,-0.02323683,-0.03942432,0.1679605,0.1740832,0.008784618,-0.04485934,0.1724745,0.1784293,0,0,0,0,0,0,0,0,0,1,0,0,-0.06848536,0.5767655,0.1095933,0.5910663,0.2333528,-0.009351566,0.9329114,0.2741084,148.1822,0.2426464,-0.009724008,0.9700661,-0.03037187,0.6379922,0.2153922,0.6740552,0.01336169,0.6095007,0.2385299,0.6546497,0.02878418,0.6172285,0.2187799,0.6554878,0.05248458,-0.06370842,0.108071,0.135988,0.01355652,-0.05924411,0.154348,0.1658823,-0.003656344,-0.07698272,0.1415148,0.1611402,0,0,0,0,0,0,0,0,0,1,0,0,0.007577665,0.8963557,0.2222311,0.9235246,-0.1328467,0.4254948,0.4199782,-0.7905216,284.4686,-0.2169158,0.69476,0.6857524,0.04242234,0.1036443,0.07776894,0.1363444,0.3359747,-0.4787633,0.6335263,-0.5065091,240.8632,0.3896557,-0.5552586,0.7347491,-0.0009780992,1.052067,-0.02316989,1.052323,0.008402377,0.08660854,-0.07175019,0.9936198,12.95138,0.07450131,0.7679314,-0.636187,False
1773034740816,1.235445,0.007311903,0.7808108,0.1454814,0.794282,0.3920398,0.1968892,0.8052948,-0.398798,227.0061,0.4275062,0.214701,0.8781469,-0.007070301,0.892876,0.201482,0.9153538,0.06671855,0.9140486,0.225598,0.9438382,0.05168359,0.9043778,0.2544665,0.9409164,-0.005457629,-0.08384053,0.1042947,0.1339268,-0.0255862,-0.03488398,0.1713863,0.176762,0.009579715,-0.04126222,0.1762012,0.1812214,0,0,0,0,0,0,0,0,0,1,0,0,-0.0686797,0.5770049,0.1093575,0.5912788,0.2358185,-0.006964311,0.9345,0.2665537,149.0814,0.2446707,-0.007225738,0.9695793,-0.03077215,0.6384755,0.2151057,0.6744393,0.0134012,0.6108492,0.2378117,0.6556453,0.02862751,0.6189245,0.2181861,0.6568807,0.05216606,-0.06353369,0.1083462,0.1360027,0.01333321,-0.05917389,0.1543506,0.1658415,-0.003761032,-0.07698928,0.1417048,0.1613126,0,0,0,0,0,0,0,0,0,1,0,0,0.004489832,0.8926892,0.2213566,0.9197352,-0.1429624,0.4291801,0.4072387,-0.7934248,285.0135,-0.2348774,0.7051134,0.6690651,0.04551017,0.1073108,0.0786434,0.1406114,0.338657,-0.4778859,0.6433382,-0.4930037,239.0764,0.3892487,-0.5492769,0.739446,-0.001083471,1.052018,-0.02314964,1.052273,0.008921468,0.0869968,-0.07122125,0.9936194,12.95174,0.0791017,0.7713523,-0.6314793,False
1773034740831,1.249395,0.008486598,0.7774561,0.1443819,0.7907946,0.3833256,0.204886,0.8020627,-0.4096078,228.3604,0.4201925,0.2245913,0.8792024,-0.01085601,0.8909828,0.1976168,0.9126996,0.06738349,0.9123229,0.2253297,0.9421503,0.05038367,0.9018561,0.2557687,0.9387761,-0.008416382,-0.08588764,0.1034828,0.134745,-0.02750197,-0.03096251,0.1735091,0.1783829,0.01005124,-0.03873552,0.1784066,0.1828398,0,0,0,0,0,0,0,0,0,1,0,0,-0.06904625,0.5774407,0.1089352,0.5916689,0.238348,-0.00459066,0.9361277,0.2585232,150.0351,0.2467358,-0.004752211,0.9690711,-0.03103399,0.6388538,0.214701,0.6746806,0.01331117,0.6121221,0.2370367,0.6565493,0.02832522,0.6208239,0.2175242,0.6584386,0.05143275,-0.06325431,0.108883,0.1360219,0.01294472,-0.05883935,0.1545565,0.1658836,-0.003901851,-0.07697416,0.1420482,0.1616105,0,0,0,0,0,0,0,0,0,1,0,0,0.004489832,0.8926892,0.2213566,0.9197352,-0.1429624,0.4291801,0.4072387,-0.7934248,285.0135,-0.2348774,0.7051134,0.6690651,0.04551017,0.1073108,0.0786434,0.1406114,0.338657,-0.4778859,0.6433382,-0.4930037,239.0764,0.3892487,-0.5492769,0.739446,-0.001181839,1.051995,-0.02308753,1.052249,0.009526521,0.08727895,-0.07058066,0.9936348,12.93617,0.08456768,0.7747821,-0.6265501,False
1773034740844,1.263324,0.008816109,0.776475,0.1435468,0.7896814,0.3750061,0.2055582,0.7978953,-0.4248287,230.2796,0.4142461,0.2270675,0.8813857,-0.01356421,0.8915647,0.1946271,0.9126616,0.07256272,0.9093819,0.2281482,0.9403682,0.05006064,0.8998224,0.259138,0.9377307,-0.01357673,-0.08705018,0.1033763,0.135826,-0.02869206,-0.0210944,0.176956,0.1805038,0.01062062,-0.0350411,0.1811375,0.1848012,0,0,0,0,0,0,0,0,0,1,0,0,-0.06923537,0.5775837,0.1088752,0.5918194,0.2379295,-0.004979253,0.9361626,0.2587748,150.0052,0.2463197,-0.005154839,0.969175,-0.03153314,0.6379642,0.2153828,0.6740789,0.01339948,0.6111724,0.2372413,0.6557398,0.02814156,0.6208414,0.2175143,0.658444,0.05145611,-0.06215679,0.1095447,0.136056,0.01221188,-0.05810678,0.155035,0.1660162,-0.004011651,-0.0770077,0.1420313,0.1616142,0,0,0,0,0,0,0,0,0,1,0,0,0.004489832,0.8926892,0.2213566,0.9197352,-0.1429624,0.4291801,0.4072387,-0.7934248,285.0135,-0.2348774,0.7051134,0.6690651,0.04551017,0.1073108,0.0786434,0.1406114,0.338657,-0.4778859,0.6433382,-0.4930037,239.0764,0.3892487,-0.5492769,0.739446,-0.001318639,1.051975,-0.02302166,1.052228,0.01042445,0.08734205,-0.06948896,0.9936972,12.87247,0.09299449,0.7791615,-0.6198974,False
1773034740858,1.277132,0.01134303,0.7754136,0.1422577,0.7884365,0.3564112,0.209872,0.7966465,-0.4407713,232.3062,0.3970627,0.2338095,0.8875103,-0.01620667,0.8900275,0.1930093,0.910859,0.07420042,0.9071504,0.2312286,0.9390922,0.0488521,0.8974602,0.2627175,0.9363983,-0.01623761,-0.08754241,0.1032061,0.1363042,-0.03004321,-0.01444461,0.1784646,0.1815512,0.01044445,-0.0313169,0.1834832,0.1864294,0,0,0,0,0,0,0,0,0,1,0,0,-0.06921607,0.577399,0.1087565,0.5916151,0.2385136,-0.004286259,0.935984,0.2588957,149.9909,0.2469327,-0.004437556,0.9690225,-0.03219454,0.6381983,0.2156183,0.674407,0.01345927,0.6095803,0.2382899,0.6546383,0.02864487,0.6205134,0.2176549,0.6582029,0.05251362,-0.06194415,0.1095517,0.1363684,0.01217935,-0.05644327,0.1564287,0.1667456,-0.004181566,-0.07687795,0.1426454,0.1620969,0,0,0,0,0,0,0,0,0,1,0,0,0.004489832,0.8926892,0.2213566,0.9197352,-0.1429624,0.4291801,0.4072387,-0.7934248,285.0135,-0.2348774,0.7051134,0.6690651,0.04551017,0.1073108,0.0786434,0.1406114,0.338657,-0.4778859,0.6433382,-0.4930037,239.0764,0.3892487,-0.5492769,0.739446,-0.001512438,1.051913,-0.02297241,1.052165,0.01135384,0.08745573,-0.068896,0.9937183,12.85094,0.1014545,0.7814777,-0.6156337,False
1773034740872,1.291037,0.012638,0.7760336,0.14084,0.7888117,0.3476719,0.2128793,0.7991282,-0.4418153,232.4395,0.3875483,0.2372956,0.8907845,-0.01604959,0.8912328,0.1901884,0.9114413,0.07646146,0.9064394,0.2318985,0.9387522,0.0504485,0.897145,0.2636856,0.936453,-0.01809435,-0.0877879,0.1030056,0.136544,-0.03030152,-0.01078359,0.1791501,0.1820144,0.01048001,-0.02814403,0.1851427,0.1875626,0,0,0,0,0,0,0,0,0,1,0,0,-0.06984136,0.5779381,0.1086852,0.5922016,0.2397832,-0.002977371,0.935531,0.2593784,149.9337,0.2482804,-0.00308288,0.9686832,-0.03274279,0.6390602,0.215512,0.6752151,0.01328322,0.6093878,0.2388259,0.6546508,0.02908131,0.6206171,0.2182693,0.6585232,0.05292031,-0.06187678,0.1095876,0.1365238,0.01213439,-0.05545479,0.1574516,0.1673723,-0.004514907,-0.07653692,0.1440821,0.1632113,0,0,0,0,0,0,0,0,0,1,0,0,0.004489832,0.8926892,0.2213566,0.9197352,-0.1429624,0.4291801,0.4072387,-0.7934248,285.0135,-0.2348774,0.7051134,0.6690651,0.04551017,0.1073108,0.0786434,0.1406114,0.338657,-0.4778859,0.6433382,-0.4930037,239.0764,0.3892487,-0.5492769,0.739446,-0.001719546,1.051818,-0.02292052,1.052069,0.01257901,0.08747348,-0.06812921,0.9937548,12.81348,0.1127294,0.7839117,-0.610554,False
1773034740885,1.304965,0.0138421,0.7754744,0.1405355,0.7882274,0.34195,0.2158376,0.7988473,-0.4453393,232.8901,0.3819127,0.2410619,0.8922063,-0.01610429,0.8907526,0.1891699,0.9107605,0.07613517,0.9060134,0.232641,0.9384981,0.05175536,0.8966758,0.2642931,0.9362462,-0.01913936,-0.08770567,0.1030074,0.136635,-0.03037612,-0.009951781,0.1792911,0.1821182,0.009611248,-0.02578367,0.1863052,0.1883264,0,0,0,0,0,0,0,0,0,1,0,0,-0.0699842,0.5778689,0.1085532,0.5921268,0.2401603,-0.00215663,0.9352286,0.2601268,149.8448,0.2487227,-0.00223352,0.9685722,-0.03288391,0.6392176,0.2153945,0.6753334,0.01338638,0.6090778,0.2390175,0.6544344,0.02964407,0.6201037,0.2188154,0.6582458,0.05320931,-0.06183005,0.1096333,0.1366516,0.01214354,-0.05507977,0.1579764,0.1677433,-0.004771349,-0.07621829,0.1452224,0.1640778,0,0,0,0,0,0,0,0,0,1,0,0,0.004489832,0.8926892,0.2213566,0.9197352,-0.1429624,0.4291801,0.4072387,-0.7934248,285.0135,-0.2348774,0.7051134,0.6690651,0.04551017,0.1073108,0.0786434,0.1406114,0.338657,-0.4778859,0.6433382,-0.4930037,239.0764,0.3892487,-0.5492769,0.739446,-0.001931545,1.051705,-0.02283772,1.051955,0.01363331,0.08728641,-0.06734867,0.9938105,12.75612,0.122725,0.7857391,-0.6062627,False
1773034740899,1.319004,0.01492553,0.7754164,0.1406502,0.7882105,0.3405438,0.2148671,0.7945141,-0.454543,234.0711,0.3823222,0.2412273,0.8919861,-0.01607736,0.8907815,0.1888621,0.9107245,0.0762753,0.9068053,0.2324935,0.9392374,0.05280482,0.8961605,0.2654224,0.9361309,-0.02117279,-0.08755208,0.1029786,0.1368146,-0.0316513,-0.009292871,0.1792875,0.182297,0.009461037,-0.02424143,0.1869395,0.188742,0,0,0,0,0,0,0,0,0,1,0,0,-0.06997986,0.5783041,0.1084603,0.5925339,0.2398902,-9.812415E-05,0.9345462,0.2628235,149.5247,0.2486311,-0.0001016995,0.9685983,-0.03265013,0.6401976,0.2150647,0.6761448,0.01378343,0.6090869,0.2396012,0.6546645,0.03068518,0.6198394,0.2197838,0.6583672,0.05345351,-0.06187493,0.1096625,0.1367905,0.01208317,-0.05434497,0.1590041,0.1684686,-0.005150355,-0.07565623,0.1469849,0.1653933,0,0,0,0,0,0,0,0,0,1,0,0,0.004489832,0.8926892,0.2213566,0.9197352,-0.1429624,0.4291801,0.4072387,-0.7934248,285.0135,-0.2348774,0.7051134,0.6690651,0.04551017,0.1073108,0.0786434,0.1406114,0.338657,-0.4778859,0.6433382,-0.4930037,239.0764,0.3892487,-0.5492769,0.739446,-0.00213106,1.051596,-0.02274536,1.051844,0.0142537,0.08686331,-0.06654032,0.9938933,12.67043,0.1291739,0.7871969,-0.6030203,False
1773034740913,1.332879,0.01599676,0.7752597,0.1406871,0.788084,0.3384416,0.2140494,0.7894962,-0.4651192,235.4359,0.3823127,0.241796,0.8918362,-0.01642308,0.8907354,0.1882668,0.9105623,0.0763927,0.9074109,0.2324289,0.9398157,0.05376744,0.8954436,0.2666294,0.9358426,-0.02358898,-0.08744616,0.1028436,0.1370404,-0.03296854,-0.008106751,0.1793157,0.1825014,0.009295486,-0.02234893,0.1876353,0.1891901,0,0,0,0,0,0,0,0,0,1,0,0,-0.06996082,0.5790468,0.1083154,0.5932301,0.2393765,0.00272873,0.9336228,0.266533,149.0839,0.2483608,0.002831145,0.9686635,-0.03216713,0.6416308,0.2145054,0.6773015,0.01419643,0.6096538,0.2399266,0.6553198,0.0317008,0.6198781,0.220575,0.6587163,0.05357631,-0.06198137,0.1097101,0.1369249,0.01205689,-0.05370494,0.159856,0.1690667,-0.005499989,-0.07497605,0.1486654,0.1665925,0,0,0,0,0,0,0,0,0,1,0,0,0.004489832,0.8926892,0.2213566,0.9197352,-0.1429624,0.4291801,0.4072387,-0.7934248,285.0135,-0.2348774,0.7051134,0.6690651,0.04551017,0.1073108,0.0786434,0.1406114,0.338657,-0.4778859,0.6433382,-0.4930037,239.0764,0.3892487,-0.5492769,0.739446,-0.002320834,1.051553,-0.02262351,1.051799,0.01415291,0.08636746,-0.06551474,0.9940061,12.55271,0.1294584,0.7900136,-0.5992712,False
1773034740927,1.346682,0.01645809,0.7748678,0.140733,0.7877162,0.3382726,0.2132938,0.7878221,-0.4684162,235.8631,0.3828744,0.2414169,0.8916979,-0.01589444,0.8910004,0.1872636,0.9106053,0.07625782,0.9071864,0.2326352,0.9396391,0.05401326,0.8949643,0.2668744,0.935468,-0.02560048,-0.08736305,0.1027022,0.1372422,-0.033019,-0.008164484,0.1793104,0.1825079,0.009187466,-0.02220985,0.1876961,0.1892287,0,0,0,0,0,0,0,0,0,1,0,0,-0.06984343,0.5791397,0.108343,0.593312,0.2400039,0.003944784,0.9329944,0.2681494,148.8916,0.2491277,0.004094745,0.968462,-0.03196219,0.6420032,0.2144507,0.6776274,0.01432157,0.6094881,0.2409762,0.6555535,0.03332361,0.6182314,0.2227975,0.6579964,0.0539519,-0.06188121,0.1097072,0.1370247,0.01274034,-0.05298478,0.1609414,0.1699171,-0.006155411,-0.07362196,0.1518133,0.1688353,0,0,0,0,0,0,0,0,0,1,0,0,0.004489832,0.8926892,0.2213566,0.9197352,-0.1429624,0.4291801,0.4072387,-0.7934248,285.0135,-0.2348774,0.7051134,0.6690651,0.04551017,0.1073108,0.0786434,0.1406114,0.338657,-0.4778859,0.6433382,-0.4930037,239.0764,0.3892487,-0.5492769,0.739446,-0.002489666,1.051602,-0.02248529,1.051846,0.01400455,0.08574799,-0.06447794,0.9941297,12.42259,0.1294377,0.7925293,-0.59594,False
1773034740941,1.360372,0.01856342,0.7749575,0.139967,0.7877147,0.3380019,0.2096929,0.7794387,-0.484003,237.8943,0.3862587,0.2396309,0.8907196,-0.01535698,0.8911372,0.1860062,0.9104722,0.0760037,0.908239,0.2320793,0.9404975,0.05475358,0.895081,0.2665697,0.9355358,-0.02900252,-0.08703095,0.1024604,0.137527,-0.03381629,-0.00813796,0.1792189,0.1825629,0.008321157,-0.02217819,0.1878076,0.1892956,0,0,0,0,0,0,0,0,0,1,0,0,-0.06983002,0.5788643,0.1083858,0.5930494,0.2402341,0.003514215,0.9326276,0.2692231,148.7639,0.2494441,0.003648942,0.9683824,-0.03179179,0.6415697,0.21454,0.6772369,0.0141269,0.609223,0.2413711,0.6554481,0.03386088,0.6170878,0.2235996,0.657222,0.05398189,-0.06183745,0.1097269,0.1370325,0.01331782,-0.05299906,0.1610971,0.1701134,-0.006396637,-0.07319548,0.1528073,0.169554,0,0,0,0,0,0,0,0,0,1,0,0,0.004489832,0.8926892,0.2213566,0.9197352,-0.1429624,0.4291801,0.4072387,-0.7934248,285.0135,-0.2348774,0.7051134,0.6690651,0.04551017,0.1073108,0.0786434,0.1406114,0.338657,-0.4778859,0.6433382,-0.4930037,239.0764,0.3892487,-0.5492769,0.739446,-0.002646671,1.05175,-0.0223237,1.05199,0.01328708,0.0851559,-0.06348259,0.9942545,12.28969,0.1241293,0.7955356,-0.5930611,False
1773034740955,1.374674,0.01916544,0.7743653,0.1399831,0.7871494,0.3391753,0.2092963,0.7769858,-0.4872866,238.3248,0.3884092,0.2396772,0.8897713,-0.01324211,0.8924861,0.1828404,0.9111187,0.07609544,0.9080296,0.2318633,0.9402493,0.05536745,0.8948128,0.2663256,0.9352458,-0.03375502,-0.08607527,0.102206,0.1378202,-0.03384215,-0.008255832,0.1792121,0.1825662,0.008045798,-0.02210452,0.1878673,0.1893342,0,0,0,0,0,0,0,0,0,1,0,0,-0.06988911,0.5787522,0.1083276,0.5929363,0.2395706,0.002485558,0.9304842,0.2771262,147.8225,0.2493362,0.002586877,0.9684136,-0.03093957,0.6410716,0.2143736,0.6766728,0.01413018,0.6083227,0.2416424,0.6547116,0.034347,0.6154803,0.2235694,0.6557279,0.05400614,-0.06182847,0.1097146,0.1370282,0.01387919,-0.05303954,0.1612148,0.1702823,-0.00643128,-0.07315881,0.1528519,0.1695797,0,0,0,0,0,0,0,0,0,1,0,0,0.004489832,0.8926892,0.2213566,0.9197352,-0.1429624,0.4291801,0.4072387,-0.7934248,285.0135,-0.2348774,0.7051134,0.6690651,0.04551017,0.1073108,0.0786434,0.1406114,0.338657,-0.4778859,0.6433382,-0.4930037,239.0764,0.3892487,-0.5492769,0.739446,-0.002811945,1.051895,-0.02217084,1.052132,0.01274583,0.08438189,-0.06292377,0.994363,12.17288,0.1202111,0.79584,-0.5934597,False
1773034740969,1.388395,0.0217219,0.7745096,0.1398902,0.7873412,0.3377173,0.2066239,0.76978,-0.5006919,240.0916,0.3901424,0.238699,0.889276,-0.01310896,0.8915665,0.1839814,0.9104459,0.07612856,0.9086126,0.2326646,0.9410129,0.05624723,0.8945205,0.267162,0.9352573,-0.03443886,-0.08599119,0.1021591,0.1379021,-0.03392413,-0.008226111,0.1792033,0.1825714,0.007866214,-0.02200032,0.1879236,0.1893704,0,0,0,0,0,0,0,0,0,1,0,0,-0.0697729,0.5788796,0.1084036,0.5930609,0.2401435,0.0009691269,0.9295165,0.2798738,147.4947,0.2501399,0.001009468,0.9682092,-0.03059475,0.6415846,0.2141127,0.6770606,0.01431491,0.6079221,0.2418514,0.6544206,0.03468509,0.6148442,0.2234251,0.6550994,0.05444882,-0.06249966,0.1090867,0.1370065,0.01424357,-0.05313005,0.1612095,0.1703355,-0.006403869,-0.07324194,0.152592,0.1693803,0,0,0,0,0,0,0,0,0,1,0,0,0.004489832,0.8926892,0.2213566,0.9197352,-0.1429624,0.4291801,0.4072387,-0.7934248,285.0135,-0.2348774,0.7051134,0.6690651,0.04551017,0.1073108,0.0786434,0.1406114,0.338657,-0.4778859,0.6433382,-0.4930037,239.0764,0.3892487,-0.5492769,0.739446,-0.003014887,1.051994,-0.02203334,1.052229,0.01251275,0.08373899,-0.06272583,0.9944329,12.09721,0.1187482,0.7946982,-0.5952795,False
1773034740982,1.402354,0.02249016,0.7743036,0.1392823,0.7870523,0.337652,0.2054219,0.7675629,-0.5046188,240.6121,0.3910986,0.237938,0.8890598,-0.01209511,0.8918882,0.1824505,0.910439,0.07613869,0.9085431,0.2323078,0.9408584,0.05673063,0.8941675,0.2667916,0.9348431,-0.03649735,-0.08545761,0.102037,0.1380094,-0.03393909,-0.008399135,0.1791967,0.1825757,0.007761324,-0.02195354,0.1879504,0.1893873,0,0,0,0,0,0,0,0,0,1,0,0,-0.0696434,0.5790237,0.1084901,0.5932021,0.2406502,-0.000527218,0.928646,0.2823187,147.2027,0.2508548,-0.0005495743,0.9680246,-0.03054786,0.6423364,0.2138292,0.6776814,0.01445968,0.6076005,0.2420898,0.6542132,0.03497183,0.6142672,0.223306,0.6545325,0.05518469,-0.06321306,0.1082615,0.1369737,0.0146298,-0.05322958,0.1611991,0.1703895,-0.006371039,-0.07330111,0.1523217,0.1691613,0,0,0,0,0,0,0,0,0,1,0,0,0.004489832,0.8926892,0.2213566,0.9197352,-0.1429624,0.4291801,0.4072387,-0.7934248,285.0135,-0.2348774,0.7051134,0.6690651,0.04551017,0.1073108,0.0786434,0.1406114,0.338657,-0.4778859,0.6433382,-0.4930037,239.0764,0.3892487,-0.5492769,0.739446,-0.003272344,1.051929,-0.02188332,1.052162,0.01308307,0.08265602,-0.06303031,0.9944969,12.02739,0.1248787,0.7889569,-0.6016283,False
1773034740997,1.41622,0.02360345,0.7741638,0.1393626,0.7869616,0.3417943,0.1999209,0.7575631,-0.5189474,242.5234,0.3998501,0.2338786,0.8862396,-0.01250699,0.8909323,0.1836787,0.9097553,0.07592862,0.9089485,0.2323601,0.9412459,0.0577892,0.893766,0.2671407,0.9346237,-0.03768689,-0.08514134,0.1019628,0.1380788,-0.0340041,-0.008434996,0.1791865,0.1825794,0.00765218,-0.02197959,0.1879584,0.1893939,0,0,0,0,0,0,0,0,0,1,0,0,-0.06981999,0.5788871,0.108673,0.593123,0.2417501,-0.0001765638,0.928221,0.2827767,147.148,0.2520368,-0.0001840768,0.9677176,-0.02990897,0.6438558,0.2126014,0.6787077,0.01456629,0.6077392,0.2418309,0.6542486,0.0340934,0.6154714,0.2211122,0.6548725,0.05511026,-0.06516607,0.107039,0.1368981,0.01475236,-0.05350894,0.160905,0.1702095,-0.00581312,-0.07429786,0.1496526,0.1671822,0,0,0,0,0,0,0,0,0,1,0,0,0.004489832,0.8926892,0.2213566,0.9197352,-0.1429624,0.4291801,0.4072387,-0.7934248,285.0135,-0.2348774,0.7051134,0.6690651,0.04551017,0.1073108,0.0786434,0.1406114,0.338657,-0.4778859,0.6433382,-0.4930037,239.0764,0.3892487,-0.5492769,0.739446,-0.003516818,1.05186,-0.02175419,1.052091,0.01341138,0.08188214,-0.06300763,0.9945579,11.96038,0.1287271,0.7859337,-0.6047695,False
1773034741011,1.430061,0.02473942,0.7739947,0.1394174,0.7868399,0.3457444,0.1942271,0.7468327,-0.533833,244.5296,0.4088795,0.2296942,0.883209,-0.01295548,0.8899431,0.184796,0.9090194,0.07558812,0.9093133,0.2324666,0.941597,0.05878019,0.8933163,0.2675065,0.9343601,-0.0391237,-0.08477397,0.101846,0.1381662,-0.0340776,-0.008456868,0.1791763,0.182584,0.007532315,-0.02200467,0.1879683,0.1894017,0,0,0,0,0,0,0,0,0,1,0,0,-0.07001213,0.5787402,0.1088745,0.5930393,0.2427708,0.0001339913,0.9278407,0.2831503,147.1034,0.25313,0.0001397088,0.9674323,-0.02953097,0.6448864,0.2117525,0.6794039,0.01460301,0.6079396,0.2415558,0.654334,0.03351273,0.6160344,0.2198095,0.6549333,0.05510045,-0.06652518,0.1061143,0.136828,0.01490558,-0.0538437,0.160541,0.1699845,-0.005475214,-0.07479443,0.1480369,0.1659491,0,0,0,0,0,0,0,0,0,1,0,0,0.004489832,0.8926892,0.2213566,0.9197352,-0.1429624,0.4291801,0.4072387,-0.7934248,285.0135,-0.2348774,0.7051134,0.6690651,0.04551017,0.1073108,0.0786434,0.1406114,0.338657,-0.4778859,0.6433382,-0.4930037,239.0764,0.3892487,-0.5492769,0.739446,-0.003745912,1.051783,-0.02165488,1.052013,0.01359009,0.08126336,-0.06311724,0.9945993,11.9148,0.1309395,0.7829666,-0.6081301,False
1773034741024,1.443923,0.02763003,0.7735464,0.1389506,0.7864125,0.342095,0.1962007,0.7450247,-0.5379726,245.0914,0.4058248,0.2327514,0.8838174,-0.01091005,0.8897099,0.183246,0.9084503,0.07631177,0.9092426,0.2326331,0.9416282,0.059824,0.8929366,0.2674741,0.9340541,-0.04076442,-0.08433084,0.1016657,0.1382365,-0.03413255,-0.008751229,0.179167,0.1825991,0.007374741,-0.02198041,0.1879939,0.1894181,0,0,0,0,0,0,0,0,0,1,0,0,-0.07007504,0.5784886,0.1090143,0.5928268,0.2438729,0.001058817,0.926921,0.285206,146.8577,0.2544408,0.001104699,0.9670877,-0.02906299,0.6455458,0.2110392,0.6797879,0.01452696,0.6088585,0.2410182,0.6549881,0.03360083,0.6160011,0.2189107,0.6546054,0.05532465,-0.06735373,0.1054187,0.1367861,0.01582176,-0.05469048,0.1597726,0.1696133,-0.005316749,-0.07505473,0.1472164,0.1653304,0,0,0,0,0,0,0,0,0,1,0,0,0.004489832,0.8926892,0.2213566,0.9197352,-0.1429624,0.4291801,0.4072387,-0.7934248,285.0135,-0.2348774,0.7051134,0.6690651,0.04551017,0.1073108,0.0786434,0.1406114,0.338657,-0.4778859,0.6433382,-0.4930037,239.0764,0.3892487,-0.5492769,0.739446,-0.003940019,1.051773,-0.02156408,1.052001,0.013492,0.08050045,-0.06289335,0.9946769,11.82887,0.1309353,0.7812297,-0.6103587,False
1773034741039,1.457878,0.02960639,0.772404,0.1393799,0.7854369,0.3424081,0.1968164,0.7411928,-0.5428197,245.7516,0.4077018,0.2343473,0.8825308,-0.00996612,0.8882838,0.1835484,0.9071039,0.07662711,0.9090521,0.2326127,0.9414648,0.0610452,0.8923222,0.2676294,0.9335903,-0.04120422,-0.08424485,0.1015795,0.1382511,-0.03460135,-0.00936358,0.1790973,0.1826493,0.007040478,-0.02196395,0.1880325,0.1894418,0,0,0,0,0,0,0,0,0,1,0,0,-0.07056096,0.5765509,0.1095838,0.5910993,0.2453241,0.0007693321,0.9266909,0.2847095,146.917,0.2559154,0.0008025463,0.9666988,-0.02948054,0.6438794,0.2113697,0.6783265,0.01375154,0.6084855,0.2406971,0.6545066,0.03167491,0.6165673,0.2154039,0.6538787,0.055559,-0.06766471,0.10506,0.1367587,0.01691315,-0.05598396,0.1585524,0.1689945,-0.004414974,-0.077004,0.1423997,0.1619469,0,0,0,0,0,0,0,0,0,1,0,0,0.004489832,0.8926892,0.2213566,0.9197352,-0.1429624,0.4291801,0.4072387,-0.7934248,285.0135,-0.2348774,0.7051134,0.6690651,0.04551017,0.1073108,0.0786434,0.1406114,0.338657,-0.4778859,0.6433382,-0.4930037,239.0764,0.3892487,-0.5492769,0.739446,-0.004147342,1.05177,-0.02147906,1.051997,0.01361072,0.07992189,-0.06304952,0.9947121,11.7897,0.1325249,0.7781835,-0.6139005,False
1773034741052,1.471898,0.03314139,0.7712874,0.1390499,0.7844218,0.3373502,0.1988803,0.7411466,-0.5452919,246.0892,0.4024477,0.2372577,0.8841633,-0.007673867,0.8867158,0.1832602,0.9054877,0.0779898,0.9092623,0.2316395,0.9415398,0.06376963,0.8913838,0.2675297,0.9328471,-0.0412721,-0.08427721,0.1015204,0.1382477,-0.03674333,-0.0100995,0.1787729,0.182789,0.006068535,-0.02092599,0.1883392,0.1895953,0,0,0,0,0,0,0,0,0,1,0,0,-0.0710597,0.5754788,0.1102402,0.5902358,0.2480343,0.0006624162,0.9249996,0.287844,146.5421,0.2589957,0.0006916905,0.9658782,-0.02966984,0.6435792,0.2113445,0.678042,0.01329242,0.6081069,0.2407942,0.6541808,0.02886727,0.618435,0.20935,0.6535462,0.05650423,-0.06827106,0.1041152,0.1367247,0.01831711,-0.05661854,0.1578319,0.1686775,-0.002914481,-0.0793824,0.1345891,0.1562827,0,0,0,0,0,0,0,0,0,1,0,0,0.004489832,0.8926892,0.2213566,0.9197352,-0.1429624,0.4291801,0.4072387,-0.7934248,285.0135,-0.2348774,0.7051134,0.6690651,0.04551017,0.1073108,0.0786434,0.1406114,0.338657,-0.4778859,0.6433382,-0.4930037,239.0764,0.3892487,-0.5492769,0.739446,-0.004400329,1.051706,-0.02140704,1.051933,0.01382709,0.07928234,-0.06329624,0.9947445,11.75333,0.1350466,0.774336,-0.6182027,False
1773034741066,1.485614,0.03749125,0.7704746,0.1385429,0.7837288,0.3325681,0.2008472,0.7374969,-0.5524105,247.0651,0.3989674,0.2409476,0.8847427,-0.005512502,0.8849452,0.1831787,0.9037217,0.07962701,0.9097216,0.2306456,0.9418765,0.06732348,0.8904383,0.2675712,0.9322056,-0.04134924,-0.08425704,0.1015117,0.138252,-0.03859362,-0.01021998,0.1784604,0.1828716,0.005498866,-0.01907571,0.1887362,0.1897774,0,0,0,0,0,0,0,0,0,1,0,0,-0.07150997,0.5758189,0.1102476,0.5906231,0.2525755,0.002687022,0.9242903,0.286157,146.744,0.2635985,0.00280429,0.9646285,-0.02921859,0.6450054,0.2101571,0.6790079,0.01221651,0.6108093,0.2403608,0.6565139,0.02753008,0.6206673,0.205512,0.6543859,0.05652045,-0.0692784,0.1033536,0.1366602,0.02100271,-0.05733126,0.1570224,0.1684756,-0.002193912,-0.08020145,0.1308911,0.1535238,0,0,0,0,0,0,0,0,0,1,0,0,0.004489832,0.8926892,0.2213566,0.9197352,-0.1429624,0.4291801,0.4072387,-0.7934248,285.0135,-0.2348774,0.7051134,0.6690651,0.04551017,0.1073108,0.0786434,0.1406114,0.338657,-0.4778859,0.6433382,-0.4930037,239.0764,0.3892487,-0.5492769,0.739446,-0.004688447,1.051593,-0.02137579,1.051821,0.01418992,0.07880741,-0.06380984,0.9947444,11.75353,0.138588,0.7696843,-0.6232083,False
1773034741081,1.499496,0.04129456,0.7697289,0.1380939,0.7831078,0.3274296,0.2027947,0.7330543,-0.5606208,248.1975,0.3954116,0.2448996,0.8852535,-0.004153356,0.8830488,0.1832543,0.9018728,0.08035561,0.9100134,0.2300726,0.9420801,0.06995897,0.8894952,0.2677658,0.9315549,-0.04143023,-0.08423232,0.1015057,0.1382568,-0.04007979,-0.01029381,0.1781838,0.1829257,0.004990886,-0.01732924,0.1890704,0.1899285,0,0,0,0,0,0,0,0,0,1,0,0,-0.07209618,0.5762767,0.1102506,0.5911411,0.2581385,0.005272865,0.9234822,0.2837557,147.031,0.2692037,0.005498888,0.9630675,-0.02885387,0.6466361,0.2088469,0.6801381,0.01172618,0.6132205,0.2394175,0.6584054,0.02610208,0.6229448,0.2016308,0.6552836,0.05656853,-0.07027207,0.102568,0.1365956,0.02284076,-0.05789714,0.1562374,0.1681782,-0.001506601,-0.08079141,0.1273691,0.150839,0,0,0,0,0,0,0,0,0,1,0,0,0.004489832,0.8926892,0.2213566,0.9197352,-0.1429624,0.4291801,0.4072387,-0.7934248,285.0135,-0.2348774,0.7051134,0.6690651,0.04551017,0.1073108,0.0786434,0.1406114,0.338657,-0.4778859,0.6433382,-0.4930037,239.0764,0.3892487,-0.5492769,0.739446,-0.005177979,1.051461,-0.02136538,1.05169,0.01471509,0.07820561,-0.06460728,0.9947328,11.76653,0.1435588,0.7629656,-0.6303017,False
1773034741094,1.513436,0.04453797,0.7698213,0.137881,0.7833388,0.3222117,0.2072996,0.7277456,-0.5688522,249.3405,0.3917754,0.2520545,0.8848619,-0.003736157,0.881987,0.183029,0.9007856,0.07999109,0.9110936,0.2298798,0.9430455,0.07207127,0.8898574,0.2677766,0.9320648,-0.04147889,-0.08419951,0.1015325,0.1382711,-0.04078247,-0.01017249,0.1780723,0.1829656,0.00446765,-0.01485191,0.1894706,0.1901043,0,0,0,0,0,0,0,0,0,1,0,0,-0.07244048,0.5766211,0.1102613,0.591521,0.2625429,0.006685108,0.9208025,0.2883565,146.4808,0.2741896,0.006981667,0.9616503,-0.02885458,0.6470732,0.208667,0.6804985,0.01275484,0.6133673,0.2386006,0.6582647,0.02691573,0.6226982,0.2005345,0.6547455,0.05791499,-0.06968296,0.1022473,0.1366176,0.0232775,-0.05794901,0.1561696,0.168193,-0.001281715,-0.08076296,0.1272694,0.1507375,0,0,0,0,0,0,0,0,0,1,0,0,0.004489832,0.8926892,0.2213566,0.9197352,-0.1429624,0.4291801,0.4072387,-0.7934248,285.0135,-0.2348774,0.7051134,0.6690651,0.04551017,0.1073108,0.0786434,0.1406114,0.338657,-0.4778859,0.6433382,-0.4930037,239.0764,0.3892487,-0.5492769,0.739446,-0.005873078,1.051124,-0.02158116,1.051362,0.01551159,0.07761697,-0.06546585,0.9947106,11.79129,0.1510127,0.7556385,-0.6373415,False
1773034741107,1.527143,0.04925208,0.769042,0.1368838,0.7826804,0.3188935,0.2119011,0.7213709,-0.5770865,250.4918,0.3904741,0.2594655,0.8832936,-0.001684256,0.8800828,0.1819973,0.8987055,0.08048803,0.9113084,0.2289174,0.9430612,0.07385927,0.8897589,0.2667542,0.9318176,-0.04142542,-0.08413041,0.1016666,0.1383116,-0.04083459,-0.0108775,0.178041,0.1829873,0.004363004,-0.01460805,0.1895062,0.1901185,0,0,0,0,0,0,0,0,0,1,0,0,-0.07265251,0.5768288,0.1103098,0.5917585,0.2647622,0.005549863,0.9202957,0.2879689,146.5272,0.2764737,0.005795356,0.961004,-0.02891814,0.6470466,0.208842,0.6805295,0.01301056,0.6131482,0.2384428,0.6580083,0.02697051,0.622606,0.2005008,0.6546497,0.05817557,-0.06965871,0.1021429,0.1366378,0.02330517,-0.05798676,0.1561363,0.1681789,-0.001138444,-0.08073618,0.1273351,0.1507775,0,0,0,0,0,0,0,0,0,1,0,0,0.004489832,0.8926892,0.2213566,0.9197352,-0.1429624,0.4291801,0.4072387,-0.7934248,285.0135,-0.2348774,0.7051134,0.6690651,0.04551017,0.1073108,0.0786434,0.1406114,0.338657,-0.4778859,0.6433382,-0.4930037,239.0764,0.3892487,-0.5492769,0.739446,-0.006310947,1.05092,-0.02161506,1.051162,0.01597378,0.0770194,-0.06598639,0.9947153,11.78604,0.1555819,0.7501557,-0.6426961,False
1773034741122,1.541178,0.05227858,0.7691275,0.1373962,0.7830504,0.3206793,0.2136273,0.7069223,-0.5931182,252.7572,0.3983022,0.2653374,0.8780383,-0.002069253,0.8784372,0.1828541,0.8972691,0.07880703,0.9127012,0.2288983,0.9442608,0.07443127,0.8910924,0.26658,0.9330866,-0.04208495,-0.08391128,0.1016263,0.1383479,-0.04084653,-0.01141044,0.1780182,0.1830003,0.003962385,-0.0143724,0.1895635,0.1901488,0,0,0,0,0,0,0,0,0,1,0,0,-0.07268118,0.5767484,0.1103941,0.5916993,0.2652676,0.003127292,0.9194797,0.2901388,146.2675,0.2771911,0.003267861,0.9608094,-0.02911644,0.6464798,0.209323,0.6801471,0.01314066,0.6121438,0.2387207,0.657176,0.02723647,0.6215702,0.2008948,0.6537967,0.05873359,-0.06942136,0.1019601,0.1366192,0.02338253,-0.05798043,0.1561654,0.1682145,-0.001126772,-0.08068372,0.1274933,0.150883,0,0,0,0,0,0,0,0,0,1,0,0,0.004489832,0.8926892,0.2213566,0.9197352,-0.1429624,0.4291801,0.4072387,-0.7934248,285.0135,-0.2348774,0.7051134,0.6690651,0.04551017,0.1073108,0.0786434,0.1406114,0.338657,-0.4778859,0.6433382,-0.4930037,239.0764,0.3892487,-0.5492769,0.739446,-0.006652357,1.05083,-0.02161281,1.051074,0.01658308,0.07646557,-0.06612483,0.9947389,11.75967,0.1618769,0.7464241,-0.6454822,False
1773034741135,1.555074,0.05818066,0.7696162,0.137864,0.7840284,0.3173465,0.2204624,0.7011317,-0.5992512,253.6326,0.3964052,0.2753848,0.8758004,0.001245093,0.8780595,0.1822377,0.8967723,0.08004869,0.9142585,0.2289257,0.945877,0.07707981,0.8927264,0.266498,0.9348384,-0.0423806,-0.08388852,0.1015329,0.1383558,-0.04086695,-0.01247565,0.1779485,0.1830066,0.003704086,-0.01418613,0.1895987,0.1901648,0,0,0,0,0,0,0,0,0,1,0,0,-0.07274704,0.5766379,0.1105309,0.5916253,0.266232,0.0008004307,0.9188347,0.291312,146.127,0.2783025,0.0008367208,0.9604931,-0.02904053,0.6457181,0.2097148,0.6795406,0.01327793,0.6111758,0.2389919,0.6563758,0.0275281,0.6204798,0.2014955,0.6529574,0.05883483,-0.06925028,0.1018657,0.1365056,0.02343294,-0.05796339,0.1561983,0.1682462,-0.00115821,-0.08049891,0.1279137,0.1511401,0,0,0,0,0,0,0,0,0,1,0,0,0.004489832,0.8926892,0.2213566,0.9197352,-0.1429624,0.4291801,0.4072387,-0.7934248,285.0135,-0.2348774,0.7051134,0.6690651,0.04551017,0.1073108,0.0786434,0.1406114,0.338657,-0.4778859,0.6433382,-0.4930037,239.0764,0.3892487,-0.5492769,0.739446,-0.006929007,1.050796,-0.02167626,1.051042,0.01670117,0.0758196,-0.06564909,0.9948179,11.67099,0.1642645,0.7457239,-0.6456919,False
1773034741149,1.568949,0.06469053,0.7715921,0.1386662,0.7866178,0.3092421,0.2279766,0.6981518,-0.6041358,254.3334,0.3880654,0.2860859,0.8761051,0.004915319,0.8788701,0.1821001,0.8975507,0.08092304,0.9166633,0.2302032,0.9485851,0.07920998,0.894963,0.2676194,0.9374717,-0.04241985,-0.0839803,0.1014267,0.1383456,-0.0408464,-0.01399549,0.1778285,0.1829953,0.003593649,-0.01415731,0.1896033,0.1901651,0,0,0,0,0,0,0,0,0,1,0,0,-0.07279937,0.5766646,0.1104817,0.5916485,0.2667589,-7.592142E-05,0.9190554,0.2901326,146.2682,0.2787489,-7.933384E-05,0.960364,-0.02886965,0.6454012,0.2096438,0.6792104,0.01319526,0.6111023,0.2389759,0.6562999,0.02611114,0.6209464,0.2002272,0.6529527,0.0584122,-0.06930815,0.1018918,0.1363728,0.02346758,-0.05802268,0.1561581,0.1682341,-0.0005936372,-0.08039792,0.1259674,0.1494388,0,0,0,0,0,0,0,0,0,1,0,0,0.004489832,0.8926892,0.2213566,0.9197352,-0.1429624,0.4291801,0.4072387,-0.7934248,285.0135,-0.2348774,0.7051134,0.6690651,0.04551017,0.1073108,0.0786434,0.1406114,0.338657,-0.4778859,0.6433382,-0.4930037,239.0764,0.3892487,-0.5492769,0.739446,-0.00727507,1.05079,-0.02173371,1.05104,0.01710384,0.07529908,-0.06500198,0.9948931,11.58597,0.1694551,0.7460203,-0.6440025,False
1773034741164,1.582957,0.07371072,0.7743734,0.140945,0.7905396,0.2968015,0.2375887,0.6874,-0.6188229,256.4605,0.3778357,0.3024563,0.8750774,0.008465424,0.8786112,0.1839007,0.8976908,0.07887171,0.9195079,0.2334689,0.9519575,0.08010468,0.8975561,0.2706376,0.940887,-0.0425261,-0.084002,0.1013615,0.1383436,-0.04072357,-0.01724793,0.1774537,0.1828817,0.003462482,-0.01472964,0.1894875,0.1900906,0,0,0,0,0,0,0,0,0,1,0,0,-0.07285139,0.5766971,0.1104218,0.5916755,0.2674125,-0.001180604,0.9194134,0.288389,146.4769,0.279278,-0.00123299,0.9602095,-0.02879398,0.6450701,0.2096227,0.6788861,0.01307958,0.6110301,0.2389684,0.6562277,0.02442605,0.6215625,0.1987033,0.653008,0.05802445,-0.06935888,0.1019077,0.1362449,0.02350801,-0.05809207,0.1561093,0.1682184,5.292971E-05,-0.08031838,0.1236294,0.1474289,0,0,0,0,0,0,0,0,0,1,0,0,0.004489832,0.8926892,0.2213566,0.9197352,-0.1429624,0.4291801,0.4072387,-0.7934248,285.0135,-0.2348774,0.7051134,0.6690651,0.04551017,0.1073108,0.0786434,0.1406114,0.338657,-0.4778859,0.6433382,-0.4930037,239.0764,0.3892487,-0.5492769,0.739446,-0.007531251,1.050753,-0.02181856,1.051006,0.01756288,0.07473107,-0.06442867,0.9949653,11.50373,0.1752423,0.7456662,-0.6428689,False
1773034741178,1.59679,0.08148492,0.7765679,0.1427333,0.7937697,0.2849007,0.2465486,0.676515,-0.6327503,258.5067,0.3679196,0.3183919,0.8736487,0.01112194,0.8776594,0.1851164,0.8970384,0.07653001,0.9211023,0.2359191,0.9539099,0.07969153,0.8992001,0.2729397,0.9430841,-0.04268037,-0.08403013,0.1012684,0.13834,-0.04063088,-0.0198367,0.1770356,0.1827182,0.00331597,-0.01574314,0.1892911,0.1899735,0,0,0,0,0,0,0,0,0,1,0,0,-0.07297394,0.5769366,0.1102731,0.5918963,0.2687778,-0.001537874,0.9201486,0.2847505,146.9121,0.2803853,-0.001604289,0.9598863,-0.02887824,0.6451504,0.2094237,0.6789045,0.01306195,0.6121484,0.2380617,0.6569396,0.02367929,0.6227034,0.1978888,0.6538197,0.0576117,-0.06945753,0.1019177,0.1361274,0.02346063,-0.05890043,0.1553959,0.1678319,0.0003659897,-0.08062096,0.1227147,0.1468291,0,0,0,0,0,0,0,0,0,1,0,0,0.004489832,0.8926892,0.2213566,0.9197352,-0.1429624,0.4291801,0.4072387,-0.7934248,285.0135,-0.2348774,0.7051134,0.6690651,0.04551017,0.1073108,0.0786434,0.1406114,0.338657,-0.4778859,0.6433382,-0.4930037,239.0764,0.3892487,-0.5492769,0.739446,-0.007737744,1.050665,-0.02186865,1.050921,0.01820087,0.07437629,-0.0640003,0.995008,11.45476,0.182382,0.7452885,-0.6413158,False
1773034741192,1.610586,0.09139886,0.779967,0.1438999,0.7983792,0.257405,0.2645285,0.6749218,-0.6389428,259.4261,0.3346163,0.3438766,0.8773715,0.0152545,0.877916,0.1835586,0.8970301,0.07346463,0.9226518,0.2379993,0.9556814,0.07581555,0.90135,0.274192,0.9451778,-0.04255793,-0.08410649,0.1012455,0.1383319,-0.04058301,-0.02280952,0.1764868,0.1825235,0.002070551,-0.01824915,0.1889558,0.1898463,0,0,0,0,0,0,0,0,0,1,0,0,-0.07301778,0.5777231,0.1100354,0.5926241,0.2692179,-0.001360118,0.9201314,0.2843907,146.9551,0.2808132,-0.001418699,0.9597614,-0.02885263,0.6459655,0.209104,0.6795796,0.01307137,0.6137073,0.2371896,0.6580778,0.02345112,0.6236426,0.1974514,0.6545739,0.05756798,-0.06948818,0.1018872,0.1361017,0.02359486,-0.05961243,0.1547486,0.1675037,0.000524755,-0.08059181,0.1224732,0.1466117,0,0,0,0,0,0,0,0,0,1,0,0,0.004489832,0.8926892,0.2213566,0.9197352,-0.1429624,0.4291801,0.4072387,-0.7934248,285.0135,-0.2348774,0.7051134,0.6690651,0.04551017,0.1073108,0.0786434,0.1406114,0.338657,-0.4778859,0.6433382,-0.4930037,239.0764,0.3892487,-0.5492769,0.739446,-0.007984687,1.050547,-0.02187727,1.050805,0.01907611,0.07417327,-0.063493,0.9950392,11.41884,0.1917519,0.7455849,-0.6382275,False
1773034741205,1.624485,0.1008046,0.7820195,0.1486418,0.802378,0.239236,0.2762918,0.6759706,-0.6399163,259.5712,0.311325,0.3595468,0.8796607,0.01992818,0.8767565,0.1857168,0.8964317,0.07178413,0.9226316,0.2423242,0.9566206,0.07250278,0.901953,0.27745,0.946443,-0.04136967,-0.08586548,0.09983873,0.1380294,-0.04004067,-0.02827045,0.1753536,0.1820751,0.001262447,-0.0243744,0.1877425,0.1893224,0,0,0,0,0,0,0,0,0,1,0,0,-0.07330937,0.5780289,0.1098957,0.5929323,0.2718384,-0.000881359,0.9208443,0.2795511,147.5332,0.2831264,-0.0009179572,0.9590822,-0.02930164,0.6464027,0.2089297,0.6799608,0.01296068,0.6149804,0.2363155,0.6589491,0.02305253,0.6246489,0.1969589,0.6553705,0.05753504,-0.0695376,0.1018566,0.1360902,0.02370919,-0.06013839,0.1542189,0.1672191,0.0005852099,-0.08061028,0.1223808,0.146545,0,0,0,0,0,0,0,0,0,1,0,0,0.004489832,0.8926892,0.2213566,0.9197352,-0.1429624,0.4291801,0.4072387,-0.7934248,285.0135,-0.2348774,0.7051134,0.6690651,0.04551017,0.1073108,0.0786434,0.1406114,0.338657,-0.4778859,0.6433382,-0.4930037,239.0764,0.3892487,-0.5492769,0.739446,-0.008142939,1.05048,-0.02188131,1.05074,0.02053564,0.07418124,-0.0629009,0.9950472,11.40964,0.2065891,0.7462654,-0.6327848,False
1773034741219,1.638408,0.1094115,0.7845061,0.1537395,0.8068808,0.2195677,0.2856735,0.6742982,-0.6445949,260.2706,0.2871951,0.3736617,0.8819841,0.02325178,0.8751137,0.1878315,0.8953465,0.07109105,0.922197,0.2478545,0.9575662,0.06847428,0.9011136,0.2812788,0.9464736,-0.04088367,-0.08788157,0.09772466,0.1376399,-0.0394135,-0.03111453,0.1746735,0.181748,0.001029372,-0.03012204,0.1861909,0.1886146,0,0,0,0,0,0,0,0,0,1,0,0,-0.07327283,0.5785398,0.109724,0.5933941,0.27198,-0.001074493,0.9208298,0.2794608,147.544,0.2832662,-0.00111908,0.9590408,-0.02913467,0.6468323,0.2086931,0.6802894,0.01301252,0.6157094,0.2358876,0.6594773,0.02305018,0.6251638,0.1967535,0.6557995,0.05737981,-0.06958469,0.1018431,0.1360386,0.02372274,-0.06042431,0.1539368,0.1670641,0.0006230259,-0.08062589,0.1223104,0.1464949,0,0,0,0,0,0,0,0,0,1,0,0,0.004489832,0.8926892,0.2213566,0.9197352,-0.1429624,0.4291801,0.4072387,-0.7934248,285.0135,-0.2348774,0.7051134,0.6690651,0.04551017,0.1073108,0.0786434,0.1406114,0.338657,-0.4778859,0.6433382,-0.4930037,239.0764,0.3892487,-0.5492769,0.739446,-0.008331883,1.050382,-0.02208964,1.050648,0.02171531,0.07436258,-0.06253913,0.9950314,11.42783,0.2181095,0.746901,-0.6281458,False
1773034741232,1.652405,0.1156392,0.7907723,0.1551191,0.8140978,0.1949622,0.3000381,0.6776711,-0.6424398,259.948,0.2544082,0.3915229,0.8843001,0.02721361,0.8809511,0.1842519,0.9004245,0.06923759,0.9253889,0.2497199,0.9609883,0.06241952,0.9043068,0.2800012,0.9487189,-0.04283256,-0.08740113,0.09734619,0.1376585,-0.03762474,-0.03220034,0.1746748,0.1815593,0.0008614984,-0.03445392,0.1847642,0.1879511,0,0,0,0,0,0,0,0,0,1,0,0,-0.07337074,0.5787864,0.1097838,0.5936577,0.2720653,-0.001281232,0.9207464,0.2796516,147.5212,0.2833714,-0.001334475,0.9590093,-0.02919606,0.6471004,0.2086988,0.6805487,0.01295894,0.6161535,0.2356635,0.6598108,0.02293714,0.6253631,0.1967899,0.6559965,0.05738796,-0.06966069,0.1017614,0.1360197,0.02371273,-0.06073121,0.1536371,0.166898,0.0006577796,-0.08063225,0.1222535,0.1464511,0,0,0,0,0,0,0,0,0,1,0,0,0.004489832,0.8926892,0.2213566,0.9197352,-0.1429624,0.4291801,0.4072387,-0.7934248,285.0135,-0.2348774,0.7051134,0.6690651,0.04551017,0.1073108,0.0786434,0.1406114,0.338657,-0.4778859,0.6433382,-0.4930037,239.0764,0.3892487,-0.5492769,0.739446,-0.008568726,1.050315,-0.02215836,1.050584,0.02270096,0.07424004,-0.06192728,0.9950569,11.3985,0.2285944,0.7475832,-0.623596,False
1773034741247,1.666276,0.1232795,0.7936144,0.1608341,0.8190783,0.1754985,0.3199077,0.6811366,-0.6347538,258.8034,0.2271194,0.4140051,0.8814855,0.03294501,0.883359,0.1844686,0.9030156,0.06762291,0.9265311,0.2517542,0.9625035,0.05861472,0.9062403,0.2799162,0.9502949,-0.04280149,-0.08738528,0.09721749,0.1375478,-0.03607681,-0.03569929,0.1736951,0.1809585,0.0007040229,-0.03890192,0.1830458,0.1871353,0,0,0,0,0,0,0,0,0,1,0,0,-0.0734585,0.5790117,0.1098439,0.5938993,0.2721419,-0.001517504,0.9206463,0.2799052,147.4909,0.283473,-0.001580688,0.958979,-0.02920384,0.6474715,0.208582,0.6808661,0.01292381,0.6165957,0.2353996,0.660129,0.02282589,0.6255282,0.1968165,0.6561579,0.05737498,-0.06989447,0.101564,0.1359867,0.02369389,-0.06107792,0.1532962,0.1667082,0.0006960941,-0.08063525,0.1221776,0.1463895,0,0,0,0,0,0,0,0,0,1,0,0,0.004489832,0.8926892,0.2213566,0.9197352,-0.1429624,0.4291801,0.4072387,-0.7934248,285.0135,-0.2348774,0.7051134,0.6690651,0.04551017,0.1073108,0.0786434,0.1406114,0.338657,-0.4778859,0.6433382,-0.4930037,239.0764,0.3892487,-0.5492769,0.739446,-0.008651709,1.050269,-0.02232115,1.050542,0.02343647,0.07422801,-0.06116094,0.9950881,11.36241,0.2367482,0.7498292,-0.6178295,False
1773034741261,1.680072,0.1306594,0.7963104,0.1656936,0.8237939,0.1572965,0.3371339,0.6829196,-0.6286649,257.9034,0.2022647,0.4335144,0.878154,0.03851433,0.8851857,0.1843962,0.9050078,0.06645361,0.9270645,0.2527679,0.9632011,0.05638272,0.9077071,0.2791764,0.9513415,-0.04268507,-0.08751611,0.09695529,0.1374097,-0.03452758,-0.03902451,0.1725442,0.1802403,0.0005716471,-0.04234009,0.1815312,0.1864043,0,0,0,0,0,0,0,0,0,1,0,0,-0.07362185,0.5796402,0.1097218,0.5945097,0.2725844,-0.001774102,0.9206362,0.2795059,147.5386,0.2838995,-0.001847746,0.9588523,-0.02931686,0.6480963,0.2084151,0.6814141,0.0127726,0.6172501,0.235215,0.6606717,0.02267551,0.6261621,0.1966676,0.6567124,0.05734918,-0.06997644,0.1014949,0.1359663,0.02376063,-0.06113945,0.1532185,0.1666688,0.0007230851,-0.08065299,0.122158,0.1463831,0,0,0,0,0,0,0,0,0,1,0,0,0.004489832,0.8926892,0.2213566,0.9197352,-0.1429624,0.4291801,0.4072387,-0.7934248,285.0135,-0.2348774,0.7051134,0.6690651,0.04551017,0.1073108,0.0786434,0.1406114,0.338657,-0.4778859,0.6433382,-0.4930037,239.0764,0.3892487,-0.5492769,0.739446,-0.008725761,1.050237,-0.02246682,1.050514,0.02382939,0.07425625,-0.06056175,0.9951133,11.33318,0.2413362,0.7520427,-0.6133493,False
1773034741274,1.693913,0.135187,0.7983191,0.1732677,0.828016,0.1398827,0.3491331,0.6796259,-0.6297995,258.0707,0.1800853,0.449475,0.8749523,0.04098595,0.8855446,0.1886837,0.9063502,0.06288233,0.9262545,0.2570315,0.9633104,0.05201139,0.9067227,0.2822932,0.9510735,-0.04317711,-0.08709762,0.0970005,0.1373294,-0.03413931,-0.04165704,0.1713837,0.1796474,0.0004270855,-0.04543274,0.1800054,0.1856509,0,0,0,0,0,0,0,0,0,1,0,0,-0.07360273,0.5799048,0.1095362,0.5947312,0.272496,-0.001893968,0.9205478,0.2798825,147.4936,0.2838399,-0.001972812,0.9588698,-0.02926655,0.648384,0.2081763,0.6816126,0.01276354,0.6175225,0.235011,0.6608534,0.02269676,0.6263824,0.1964884,0.6568696,0.05735283,-0.07003211,0.1014291,0.1359474,0.02380981,-0.06119068,0.1531577,0.1666387,0.0007493957,-0.08067108,0.122134,0.1463731,0,0,0,0,0,0,0,0,0,1,0,0,0.004489832,0.8926892,0.2213566,0.9197352,-0.1429624,0.4291801,0.4072387,-0.7934248,285.0135,-0.2348774,0.7051134,0.6690651,0.04551017,0.1073108,0.0786434,0.1406114,0.338657,-0.4778859,0.6433382,-0.4930037,239.0764,0.3892487,-0.5492769,0.739446,-0.008751761,1.050224,-0.02260213,1.050504,0.02407157,0.07414523,-0.06009223,0.9951442,11.29729,0.2445609,0.7532961,-0.6105213,False
1773034741289,1.707895,0.1414325,0.8041813,0.1775417,0.8356027,0.1153761,0.3583863,0.6753222,-0.6341826,258.7188,0.1492222,0.4635205,0.8734308,0.04418269,0.8880312,0.1911424,0.9094433,0.06068408,0.9276552,0.259558,0.9651927,0.04804981,0.9068642,0.2823396,0.9510137,-0.04264231,-0.08667742,0.09734266,0.1371384,-0.03381803,-0.04310004,0.1706974,0.1792732,0.0003061915,-0.04888476,0.178122,0.1847086,0,0,0,0,0,0,0,0,0,1,0,0,-0.07357847,0.580148,0.109359,0.5949327,0.2723609,-0.002012625,0.9204471,0.2803439,147.4385,0.283739,-0.002096704,0.9588993,-0.02919679,0.6486924,0.2079041,0.6818199,0.01275549,0.6177693,0.2348201,0.661016,0.02272387,0.6265733,0.19632,0.6570023,0.05735001,-0.07013758,0.1013257,0.1359235,0.02385993,-0.0612419,0.1530971,0.1666091,0.0007755242,-0.08069054,0.1221082,0.1463625,0,0,0,0,0,0,0,0,0,1,0,0,0.004489832,0.8926892,0.2213566,0.9197352,-0.1429624,0.4291801,0.4072387,-0.7934248,285.0135,-0.2348774,0.7051134,0.6690651,0.04551017,0.1073108,0.0786434,0.1406114,0.338657,-0.4778859,0.6433382,-0.4930037,239.0764,0.3892487,-0.5492769,0.739446,-0.008689166,1.050291,-0.02267879,1.050572,0.02429503,0.07401894,-0.05981214,0.9951651,11.27298,0.2473614,0.7536283,-0.6089809,False
1773034741303,1.721739,0.1466639,0.8090693,0.1833044,0.8424392,0.08632378,0.3682698,0.6763981,-0.6319899,258.3942,0.1113889,0.4752012,0.872798,0.04729985,0.8896986,0.1953955,0.9121295,0.05857788,0.9283862,0.2633093,0.9667803,0.04520632,0.9070826,0.2844968,0.9517252,-0.04063297,-0.08593684,0.09797148,0.1365086,-0.03338263,-0.04399182,0.1702369,0.17897,0.000270421,-0.0498663,0.1775116,0.184383,0,0,0,0,0,0,0,0,0,1,0,0,-0.07358607,0.5803781,0.1093502,0.5951564,0.2724825,-0.002531871,0.9202614,0.2808306,147.3804,0.2839077,-0.002638033,0.9588481,-0.02909253,0.6489277,0.2077983,0.6820071,0.01277705,0.6178625,0.2347844,0.6610908,0.02274892,0.6266226,0.1963326,0.6570539,0.0573312,-0.07029475,0.1011803,0.1358885,0.0238871,-0.06129904,0.1530258,0.1665685,0.0007967943,-0.08068351,0.1220815,0.1463365,0,0,0,0,0,0,0,0,0,1,0,0,0.004489832,0.8926892,0.2213566,0.9197352,-0.1429624,0.4291801,0.4072387,-0.7934248,285.0135,-0.2348774,0.7051134,0.6690651,0.04551017,0.1073108,0.0786434,0.1406114,0.338657,-0.4778859,0.6433382,-0.4930037,239.0764,0.3892487,-0.5492769,0.739446,-0.008586485,1.05034,-0.02275165,1.050621,0.02454053,0.07396733,-0.05983254,0.9951617,11.27694,0.2497737,0.75284,-0.608976,False
1773034741316,1.735622,0.1513524,0.8131664,0.1908441,0.8488632,0.05709264,0.3842209,0.6746019,-0.6277159,257.7636,0.07334214,0.4935764,0.8666046,0.04922658,0.8891188,0.2003126,0.9127325,0.05587322,0.9294469,0.2666747,0.9685601,0.04167882,0.9075842,0.2866887,0.9526997,-0.03687153,-0.08540599,0.09858375,0.135545,-0.03329045,-0.04406502,0.170207,0.1789425,0.0003430935,-0.04993283,0.177458,0.1843495,0,0,0,0,0,0,0,0,0,1,0,0,-0.07337364,0.5807171,0.1092505,0.5954424,0.2717499,-0.004106089,0.919697,0.2833593,147.0784,0.2833639,-0.004281575,0.9590029,-0.028821,0.6489437,0.2078659,0.6820313,0.01293497,0.6176157,0.2348743,0.6608952,0.02290292,0.6262935,0.1963558,0.6567524,0.0574712,-0.07025117,0.1010979,0.1358638,0.0239327,-0.06133543,0.1529842,0.1665502,0.0008492017,-0.08060414,0.121897,0.1461391,0,0,0,0,0,0,0,0,0,1,0,0,0.004489832,0.8926892,0.2213566,0.9197352,-0.1429624,0.4291801,0.4072387,-0.7934248,285.0135,-0.2348774,0.7051134,0.6690651,0.04551017,0.1073108,0.0786434,0.1406114,0.338657,-0.4778859,0.6433382,-0.4930037,239.0764,0.3892487,-0.5492769,0.739446,-0.008477623,1.05035,-0.02283855,1.050632,0.02472602,0.07380818,-0.05969791,0.995177,11.25899,0.2520612,0.7524127,-0.6085704,False
1773034741330,1.749604,0.1563946,0.8170415,0.1975876,0.8550186,0.03284595,0.3971651,0.6723812,-0.6237665,257.1834,0.04202341,0.5081366,0.8602507,0.05252476,0.8897587,0.2040283,0.9143615,0.0549836,0.9306809,0.2695513,0.9704886,0.0401793,0.9083419,0.2885358,0.9539142,-0.03484206,-0.08480736,0.09886641,0.1348363,-0.03318469,-0.04416296,0.1701664,0.1789084,0.0004321498,-0.05004131,0.1773768,0.1843009,0,0,0,0,0,0,0,0,0,1,0,0,-0.07309135,0.5811347,0.1091232,0.5957918,0.2705513,-0.00625582,0.9189052,0.2870125,146.6416,0.2824342,-0.006530583,0.9592645,-0.02855355,0.6489205,0.2080178,0.6820444,0.01311766,0.6172054,0.235038,0.6605735,0.02310744,0.6257833,0.1964246,0.6562936,0.05774793,-0.07013223,0.1009886,0.1358383,0.02398001,-0.06136851,0.1529474,0.1665354,0.0009078921,-0.08050687,0.1216623,0.14589,0,0,0,0,0,0,0,0,0,1,0,0,0.004489832,0.8926892,0.2213566,0.9197352,-0.1429624,0.4291801,0.4072387,-0.7934248,285.0135,-0.2348774,0.7051134,0.6690651,0.04551017,0.1073108,0.0786434,0.1406114,0.338657,-0.4778859,0.6433382,-0.4930037,239.0764,0.3892487,-0.5492769,0.739446,-0.008252591,1.050434,-0.02286763,1.050715,0.02437634,0.07382629,-0.06022921,0.9951522,11.28792,0.2478616,0.7506748,-0.612418,False
1773034741343,1.763338,0.1596434,0.8213955,0.2063836,0.8618415,0.01244763,0.4171799,0.6699957,-0.6139315,255.7487,0.01576927,0.5285044,0.8487841,0.05467968,0.8913862,0.2085362,0.9170859,0.05257407,0.9334733,0.2717549,0.9736463,0.03708049,0.9107265,0.2905135,0.9566587,-0.03176211,-0.08404835,0.09942375,0.1340076,-0.03200754,-0.0448491,0.1699531,0.1786616,0.002199,-0.05018612,0.1772153,0.1841975,0,0,0,0,0,0,0,0,0,1,0,0,-0.07286872,0.5813986,0.1090018,0.5959997,0.2702867,-0.006881669,0.9189212,0.287196,146.6197,0.2821742,-0.007184332,0.9593362,-0.02838223,0.6490955,0.207942,0.6821806,0.01324067,0.6173167,0.2350539,0.6606857,0.02322434,0.6258807,0.196421,0.6563895,0.05774528,-0.07015974,0.1009285,0.1358067,0.02401898,-0.06137075,0.1529641,0.1665571,0.0009372886,-0.08045211,0.1216305,0.1458335,0,0,0,0,0,0,0,0,0,1,0,0,0.004489832,0.8926892,0.2213566,0.9197352,-0.1429624,0.4291801,0.4072387,-0.7934248,285.0135,-0.2348774,0.7051134,0.6690651,0.04551017,0.1073108,0.0786434,0.1406114,0.338657,-0.4778859,0.6433382,-0.4930037,239.0764,0.3892487,-0.5492769,0.739446,-0.008043906,1.050524,-0.02289042,1.050805,0.02425471,0.07376677,-0.06081647,0.9951239,11.32093,0.2459084,0.7478905,-0.6165928,False
1773034741357,1.777349,0.1618949,0.8240181,0.2167343,0.8672886,-0.008191973,0.4407506,0.6683373,-0.5991637,253.62,-0.01023195,0.5505071,0.8347679,0.05677368,0.8925948,0.2128189,0.9193697,0.04953259,0.9347099,0.2740752,0.9753221,0.03324133,0.9119674,0.2926028,0.958335,-0.0295377,-0.08334154,0.09984059,0.1333658,-0.02986687,-0.04571413,0.1696716,0.1782421,0.004706507,-0.05023319,0.1770362,0.1840852,0,0,0,0,0,0,0,0,0,1,0,0,-0.07279485,0.5817881,0.1089057,0.596353,0.2703678,-0.007081449,0.9189342,0.2870735,146.6343,0.282248,-0.007392616,0.9593131,-0.02823692,0.6494384,0.2077823,0.6824523,0.01329432,0.6177185,0.2349347,0.6610199,0.02324213,0.6262136,0.1963472,0.6566855,0.05763559,-0.0702137,0.1008839,0.1357548,0.02404712,-0.06142086,0.1529086,0.1665287,0.0009628475,-0.08039811,0.1216109,0.1457875,0,0,0,0,0,0,0,0,0,1,0,0,0.004489832,0.8926892,0.2213566,0.9197352,-0.1429624,0.4291801,0.4072387,-0.7934248,285.0135,-0.2348774,0.7051134,0.6690651,0.04551017,0.1073108,0.0786434,0.1406114,0.338657,-0.4778859,0.6433382,-0.4930037,239.0764,0.3892487,-0.5492769,0.739446,-0.007741255,1.050684,-0.02286109,1.050961,0.02440463,0.07387393,-0.06120232,0.9950886,11.36178,0.2465418,0.7462932,-0.6182814,False
1773034741372,1.791199,0.1625673,0.8259973,0.2296543,0.8726057,-0.0273951,0.4633785,0.6607674,-0.5898445,252.2919,-0.03392511,0.5738313,0.8182707,0.05594417,0.8913898,0.2203179,0.9199161,0.04459839,0.9348683,0.2768857,0.9760295,0.02813132,0.9126678,0.2960591,0.9598983,-0.02668755,-0.08308794,0.1006439,0.1332104,-0.02954127,-0.04765851,0.1686401,0.1777175,0.005124188,-0.05067287,0.1767448,0.1839367,0,0,0,0,0,0,0,0,0,1,0,0,-0.07274403,0.5818799,0.1089213,0.5964392,0.270364,-0.00713937,0.9188676,0.2872886,146.6086,0.2822631,-0.007453582,0.9593081,-0.02817165,0.6495304,0.2077655,0.682532,0.01332166,0.617853,0.2349174,0.6611399,0.023291,0.626251,0.1963563,0.6567256,0.05764206,-0.07022651,0.1008427,0.1357336,0.0241043,-0.06147526,0.1528435,0.1664973,0.0009700957,-0.08037686,0.1215955,0.145763,0,0,0,0,0,0,0,0,0,1,0,0,0.004489832,0.8926892,0.2213566,0.9197352,-0.1429624,0.4291801,0.4072387,-0.7934248,285.0135,-0.2348774,0.7051134,0.6690651,0.04551017,0.1073108,0.0786434,0.1406114,0.338657,-0.4778859,0.6433382,-0.4930037,239.0764,0.3892487,-0.5492769,0.739446,-0.007435781,1.050837,-0.02282559,1.051111,0.02430967,0.07389232,-0.06122587,0.9950881,11.36241,0.245569,0.7464381,-0.6184854,False
1773034741385,1.805051,0.1615235,0.8291384,0.2389664,0.8778754,-0.04845247,0.4825591,0.6535389,-0.581099,251.0558,-0.05953614,0.5929462,0.8030382,0.05432543,0.8925418,0.2237572,0.9217643,0.03912455,0.936098,0.2778166,0.9772371,0.02136905,0.9130837,0.2943449,0.9595923,-0.0259042,-0.08274833,0.1011878,0.1332564,-0.02947442,-0.04828279,0.1682424,0.1774978,0.005000318,-0.05311165,0.1752681,0.1832069,0,0,0,0,0,0,0,0,0,1,0,0,-0.07255528,0.5822899,0.1088806,0.5968088,0.2703616,-0.00737524,0.9187729,0.2875877,146.5728,0.282287,-0.007700555,0.9592991,-0.02794827,0.6499178,0.2076946,0.6828699,0.01350487,0.6182238,0.2348572,0.6614688,0.02348916,0.6265375,0.1963565,0.657006,0.05763951,-0.07026342,0.1007852,0.135709,0.02413264,-0.06152019,0.1527889,0.1664679,0.0009761491,-0.08033876,0.1216114,0.1457553,0,0,0,0,0,0,0,0,0,1,0,0,0.004489832,0.8926892,0.2213566,0.9197352,-0.1429624,0.4291801,0.4072387,-0.7934248,285.0135,-0.2348774,0.7051134,0.6690651,0.04551017,0.1073108,0.0786434,0.1406114,0.338657,-0.4778859,0.6433382,-0.4930037,239.0764,0.3892487,-0.5492769,0.739446,-0.007174806,1.050969,-0.02270275,1.051239,0.02405853,0.07408743,-0.06148313,0.9950638,11.39045,0.2424356,0.7465723,-0.6195599,False
1773034741399,1.81903,0.1578193,0.8346128,0.2446757,0.883941,-0.07067591,0.4977438,0.6482152,-0.571903,249.7661,-0.08615638,0.6067669,0.7901968,0.05058685,0.896323,0.2235475,0.9251635,0.03158621,0.9388543,0.2752979,0.9788943,0.01336028,0.9159944,0.2909843,0.9611951,-0.02567314,-0.08291302,0.101171,0.1333013,-0.02930953,-0.04978618,0.1671847,0.1768854,0.004859199,-0.05431215,0.1745132,0.182834,0,0,0,0,0,0,0,0,0,1,0,0,-0.07256188,0.5823644,0.1089544,0.5968958,0.2707547,-0.007628812,0.9187279,0.2873548,146.6007,0.2826768,-0.007964732,0.9591822,-0.02785763,0.6499476,0.2077111,0.6828996,0.0135392,0.6182548,0.2349041,0.6615151,0.02351367,0.6265427,0.1964368,0.6570358,0.0575658,-0.07032967,0.1007325,0.1356729,0.02416822,-0.06153921,0.152765,0.1664582,0.000984442,-0.08030838,0.121636,0.1457591,0,0,0,0,0,0,0,0,0,1,0,0,0.004489832,0.8926892,0.2213566,0.9197352,-0.1429624,0.4291801,0.4072387,-0.7934248,285.0135,-0.2348774,0.7051134,0.6690651,0.04551017,0.1073108,0.0786434,0.1406114,0.338657,-0.4778859,0.6433382,-0.4930037,239.0764,0.3892487,-0.5492769,0.739446,-0.006716119,1.051018,-0.02244694,1.051279,0.02407155,0.07426619,-0.06205286,0.9950148,11.44689,0.2413747,0.7446958,-0.622228,False
1773034741413,1.83285,0.1557518,0.8395821,0.2507493,0.8899618,-0.08973807,0.5106729,0.6430711,-0.5635778,248.6072,-0.1086335,0.6182009,0.7784771,0.04870958,0.8997061,0.2244876,0.9285679,0.0266721,0.9413084,0.2738307,0.9806916,0.008074984,0.9186746,0.2888259,0.9630414,-0.02533598,-0.08311091,0.1011453,0.1333406,-0.0291353,-0.05128173,0.1660976,0.1762586,0.004707136,-0.05548658,0.1737521,0.1824574,0,0,0,0,0,0,0,0,0,1,0,0,-0.07257224,0.5824318,0.1090374,0.5969779,0.2716648,-0.008157477,0.9186423,0.2867543,146.6725,0.2835737,-0.008515075,0.9589127,-0.02769168,0.6498801,0.2077494,0.6828402,0.01365355,0.6181923,0.2349302,0.6614683,0.02358426,0.6265006,0.1964954,0.6570157,0.05744933,-0.07040503,0.1006833,0.135626,0.02420321,-0.06155407,0.1527456,0.1664509,0.0009919909,-0.08027711,0.1216641,0.1457654,0,0,0,0,0,0,0,0,0,1,0,0,0.004489832,0.8926892,0.2213566,0.9197352,-0.1429624,0.4291801,0.4072387,-0.7934248,285.0135,-0.2348774,0.7051134,0.6690651,0.04551017,0.1073108,0.0786434,0.1406114,0.338657,-0.4778859,0.6433382,-0.4930037,239.0764,0.3892487,-0.5492769,0.739446,-0.006354325,1.051059,-0.02227952,1.051314,0.02398249,0.07467397,-0.06275492,0.9949424,11.52974,0.2387594,0.743422,-0.624761,False
1773034741428,1.846715,0.1537969,0.8437542,0.2538917,0.8944471,-0.1132783,0.5169947,0.6390983,-0.5580663,247.8443,-0.1365134,0.623038,0.770187,0.04674065,0.9022486,0.2235049,0.9306942,0.02162212,0.941692,0.2715641,0.9803053,0.002972454,0.9190874,0.2861002,0.9625922,-0.02557968,-0.08341241,0.1010776,0.1335239,-0.02892963,-0.0525389,0.1651667,0.1757194,0.004641648,-0.05597365,0.1734239,0.1822922,0,0,0,0,0,0,0,0,0,1,0,0,-0.0723889,0.582597,0.1090121,0.5971123,0.2716078,-0.008426383,0.9186252,0.2868555,146.6604,0.2835231,-0.008796047,0.9589251,-0.02748303,0.650043,0.2076809,0.6829661,0.01378106,0.6183342,0.2349335,0.6616047,0.02367575,0.6265715,0.1964833,0.657083,0.05741564,-0.07047954,0.1006136,0.1355987,0.02425804,-0.06158529,0.1527091,0.166437,0.001024663,-0.0802104,0.1215981,0.1456738,0,0,0,0,0,0,0,0,0,1,0,0,0.004489832,0.8926892,0.2213566,0.9197352,-0.1429624,0.4291801,0.4072387,-0.7934248,285.0135,-0.2348774,0.7051134,0.6690651,0.04551017,0.1073108,0.0786434,0.1406114,0.338657,-0.4778859,0.6433382,-0.4930037,239.0764,0.3892487,-0.5492769,0.739446,-0.005911373,1.051175,-0.02210393,1.051424,0.02385893,0.07506405,-0.06345309,0.9948718,11.6101,0.2358906,0.7421497,-0.6273535,False
1773034741442,1.860512,0.1544095,0.8486786,0.2588451,0.90061,-0.1396948,0.5173603,0.6263486,-0.566137,248.9626,-0.1694686,0.6276274,0.7598448,0.04528456,0.9022115,0.2256531,0.9311045,0.01690578,0.9390069,0.2734567,0.9781606,-0.0009721369,0.9154702,0.2871331,0.9594436,-0.02593992,-0.08383795,0.1010229,0.1338182,-0.02880367,-0.05303076,0.1647088,0.1754164,0.004579527,-0.05644903,0.17309,0.1821198,0,0,0,0,0,0,0,0,0,1,0,0,-0.07245022,0.5826437,0.1090684,0.5971756,0.2718007,-0.008352623,0.9185821,0.2868129,146.6655,0.2837208,-0.008718935,0.9588673,-0.02750356,0.6501261,0.2076708,0.6830429,0.01375666,0.6184354,0.2349308,0.6616979,0.02362134,0.6266217,0.1964993,0.6571338,0.05740359,-0.0705183,0.100568,0.1355799,0.02428048,-0.06162249,0.1526737,0.1664215,0.001040109,-0.08019072,0.121586,0.1456529,0,0,0,0,0,0,0,0,0,1,0,0,0.004489832,0.8926892,0.2213566,0.9197352,-0.1429624,0.4291801,0.4072387,-0.7934248,285.0135,-0.2348774,0.7051134,0.6690651,0.04551017,0.1073108,0.0786434,0.1406114,0.338657,-0.4778859,0.6433382,-0.4930037,239.0764,0.3892487,-0.5492769,0.739446,-0.005529789,1.05135,-0.02187295,1.051592,0.02320782,0.07563177,-0.06397479,0.9948108,11.67905,0.2281034,0.7433646,-0.6287912,False
1773034741454,1.874546,0.1525072,0.8540955,0.2612351,0.9060802,-0.1628323,0.5168902,0.6110234,-0.5770275,250.4835,-0.1993724,0.6328818,0.7481387,0.04089926,0.9008148,0.2262829,0.929701,0.009603396,0.935496,0.2738428,0.9747999,-0.006799057,0.9118864,0.2861557,0.9557553,-0.02478415,-0.08411837,0.100996,0.1337548,-0.02753625,-0.05318636,0.1646238,0.17518,0.004460734,-0.05684204,0.1727509,0.181917,0,0,0,0,0,0,0,0,0,1,0,0,-0.07226621,0.5825918,0.1090211,0.5970939,0.2715462,-0.008334622,0.918475,0.2873968,146.5957,0.2835069,-0.008701734,0.9589307,-0.02731434,0.650086,0.2075964,0.6829745,0.01389728,0.6183653,0.2349415,0.6616392,0.02380173,0.6264766,0.1964845,0.6569974,0.05742903,-0.07051387,0.1005381,0.1355663,0.02433781,-0.06161156,0.1526905,0.1664412,0.001047532,-0.08015255,0.1215962,0.1456405,0,0,0,0,0,0,0,0,0,1,0,0,0.004489832,0.8926892,0.2213566,0.9197352,-0.1429624,0.4291801,0.4072387,-0.7934248,285.0135,-0.2348774,0.7051134,0.6690651,0.04551017,0.1073108,0.0786434,0.1406114,0.338657,-0.4778859,0.6433382,-0.4930037,239.0764,0.3892487,-0.5492769,0.739446,-0.005136227,1.051394,-0.02157638,1.051628,0.02240535,0.07632343,-0.06451543,0.9947414,11.75687,0.2187636,0.7452145,-0.6299223,False
1773034741469,1.888549,0.1493602,0.8601313,0.2627715,0.9116924,-0.1843546,0.5137295,0.5957867,-0.5891804,252.1977,-0.2281613,0.6358026,0.7373584,0.03583058,0.9007604,0.2264983,0.9294915,0.002210125,0.9324175,0.2729406,0.9715471,-0.01300208,0.9083152,0.2845791,0.9519405,-0.02465769,-0.08417844,0.1009475,0.1337326,-0.02711701,-0.05410676,0.1636208,0.1744552,0.00431154,-0.05782261,0.1718373,0.1813563,0,0,0,0,0,0,0,0,0,1,0,0,-0.07213817,0.582657,0.1090196,0.5971419,0.2714856,-0.008590862,0.9184409,0.2875555,146.5767,0.2834577,-0.008969707,0.9589429,-0.02719556,0.65011,0.2076043,0.682995,0.01401505,0.6183614,0.2349747,0.6616497,0.02391558,0.6264574,0.1965331,0.6569977,0.05743517,-0.07052035,0.1005047,0.1355474,0.02434384,-0.06162546,0.1526914,0.1664482,0.001057716,-0.08013404,0.121602,0.1456352,0,0,0,0,0,0,0,0,0,1,0,0,0.004489832,0.8926892,0.2213566,0.9197352,-0.1429624,0.4291801,0.4072387,-0.7934248,285.0135,-0.2348774,0.7051134,0.6690651,0.04551017,0.1073108,0.0786434,0.1406114,0.338657,-0.4778859,0.6433382,-0.4930037,239.0764,0.3892487,-0.5492769,0.739446,-0.00471559,1.051483,-0.02127432,1.051708,0.02181009,0.07685085,-0.06520853,0.9946688,11.83782,0.2115005,0.7452511,-0.6323513,False
1773034741484,1.902428,0.1467587,0.8677439,0.2626274,0.9184175,-0.200974,0.5096128,0.5778275,-0.6049956,254.4571,-0.2524073,0.6400331,0.7257053,0.03124139,0.901521,0.2257372,0.9298782,-0.0045252,0.930715,0.2735949,0.9701057,-0.01814201,0.9061538,0.283127,0.9495287,-0.02452468,-0.08422863,0.1008854,0.1336929,-0.02590709,-0.05291552,0.1641731,0.1744249,0.004272453,-0.05819959,0.1714777,0.1811355,0,0,0,0,0,0,0,0,0,1,0,0,-0.07212032,0.5826765,0.1091323,0.5971793,0.271682,-0.008865207,0.9183922,0.2875171,146.5813,0.2836594,-0.009256039,0.9588804,-0.0271154,0.6501959,0.2076071,0.6830744,0.01406159,0.6183229,0.2350765,0.6616509,0.02394801,0.6264145,0.1966507,0.6569933,0.0574093,-0.07067886,0.1003681,0.1355179,0.02435653,-0.06165318,0.1526709,0.1664415,0.001066333,-0.08013152,0.1215952,0.1456283,0,0,0,0,0,0,0,0,0,1,0,0,0.004489832,0.8926892,0.2213566,0.9197352,-0.1429624,0.4291801,0.4072387,-0.7934248,285.0135,-0.2348774,0.7051134,0.6690651,0.04551017,0.1073108,0.0786434,0.1406114,0.338657,-0.4778859,0.6433382,-0.4930037,239.0764,0.3892487,-0.5492769,0.739446,-0.004418997,1.051613,-0.0210034,1.051832,0.02141861,0.07777901,-0.06586637,0.9945619,11.95612,0.2056562,0.7468148,-0.6324325,False
1773034741497,1.91613,0.1432963,0.8743277,0.2617313,0.923843,-0.2180547,0.5095254,0.5648398,-0.6113854,255.3795,-0.2755536,0.6438824,0.7137828,0.02739733,0.9011002,0.2230771,0.9287063,-0.01103795,0.9302239,0.2730303,0.9695277,-0.02335608,0.9058748,0.2792964,0.9482411,-0.02205664,-0.08465294,0.09996354,0.1328357,-0.02388597,-0.05083978,0.1654693,0.1747436,0.004286281,-0.05826335,0.1714195,0.1811012,0,0,0,0,0,0,0,0,0,1,0,0,-0.07210826,0.5826894,0.109257,0.5972132,0.2719212,-0.009167358,0.9183441,0.2874352,146.5911,0.2839018,-0.009571264,0.9588056,-0.02700865,0.6503648,0.2075314,0.6832079,0.01411072,0.6182703,0.235186,0.6616417,0.02397913,0.6263665,0.1967762,0.6569862,0.05736378,-0.07095415,0.1001447,0.1354771,0.02436533,-0.06168232,0.15265,0.1664344,0.00107427,-0.08013403,0.1215865,0.1456224,0,0,0,0,0,0,0,0,0,1,0,0,0.004489832,0.8926892,0.2213566,0.9197352,-0.1429624,0.4291801,0.4072387,-0.7934248,285.0135,-0.2348774,0.7051134,0.6690651,0.04551017,0.1073108,0.0786434,0.1406114,0.338657,-0.4778859,0.6433382,-0.4930037,239.0764,0.3892487,-0.5492769,0.739446,-0.004064873,1.051632,-0.0207238,1.051844,0.02136411,0.07827372,-0.06652895,0.9944801,12.0457,0.2036129,0.7459962,-0.6340614,False
1773034741511,1.930174,0.1405245,0.8805513,0.2619694,0.9293792,-0.2343085,0.5095053,0.5524353,-0.6167002,256.1512,-0.2976487,0.647239,0.7017742,0.02476818,0.9008937,0.221501,0.9280548,-0.01624496,0.9298015,0.2728281,0.9691387,-0.02746946,0.9056473,0.2765299,0.9473228,-0.01983407,-0.08498482,0.09905779,0.1320161,-0.02229565,-0.04923208,0.1663422,0.1749018,0.00430606,-0.05833756,0.171351,0.1810607,0,0,0,0,0,0,0,0,0,1,0,0,-0.07188857,0.5827731,0.1091795,0.5972542,0.271723,-0.009210557,0.9183426,0.2876261,146.5682,0.2837119,-0.009616941,0.9588614,-0.02679544,0.6505234,0.2073709,0.6833019,0.01429354,0.6183584,0.2351285,0.6617075,0.02415433,0.6264274,0.1967077,0.6570302,0.05735449,-0.07104038,0.1000509,0.1354491,0.02437322,-0.06169984,0.152638,0.166431,0.001083306,-0.0801231,0.121552,0.1455877,0,0,0,0,0,0,0,0,0,1,0,0,0.004489832,0.8926892,0.2213566,0.9197352,-0.1429624,0.4291801,0.4072387,-0.7934248,285.0135,-0.2348774,0.7051134,0.6690651,0.04551017,0.1073108,0.0786434,0.1406114,0.338657,-0.4778859,0.6433382,-0.4930037,239.0764,0.3892487,-0.5492769,0.739446,-0.003807678,1.051577,-0.02039168,1.051782,0.02150864,0.07911318,-0.06707831,0.9943737,12.1614,0.2030474,0.7468497,-0.6332373,False
1773034741524,1.943881,0.1368585,0.8819522,0.264968,0.9310091,-0.2405501,0.511708,0.5467652,-0.6175261,256.2714,-0.3058292,0.6505725,0.6951433,0.02175105,0.8985099,0.2235444,0.9261562,-0.02060044,0.9270081,0.2741625,0.9669196,-0.03155757,0.9047049,0.277478,0.9468267,-0.01757034,-0.08511021,0.09817096,0.1311107,-0.02015695,-0.04969013,0.1657583,0.174216,0.004384224,-0.05845041,0.1712262,0.1809809,0,0,0,0,0,0,0,0,0,1,0,0,-0.07183449,0.5831662,0.1091492,0.5976258,0.2717931,-0.009443447,0.9182411,0.2878762,146.5383,0.2838074,-0.009860882,0.9588307,-0.02670123,0.6508864,0.207317,0.6836274,0.01438415,0.6186739,0.2350757,0.6619855,0.02420243,0.626727,0.1966746,0.6573077,0.05735502,-0.07106992,0.1000008,0.1354278,0.02436341,-0.06172566,0.1526111,0.1664145,0.001103658,-0.08010063,0.1215211,0.1455497,0,0,0,0,0,0,0,0,0,1,0,0,0.004489832,0.8926892,0.2213566,0.9197352,-0.1429624,0.4291801,0.4072387,-0.7934248,285.0135,-0.2348774,0.7051134,0.6690651,0.04551017,0.1073108,0.0786434,0.1406114,0.338657,-0.4778859,0.6433382,-0.4930037,239.0764,0.3892487,-0.5492769,0.739446,-0.003677383,1.051556,-0.02008177,1.051754,0.02207841,0.07956745,-0.06749003,0.9942971,12.24398,0.207026,0.7460923,-0.6328442,False
1773034741539,1.957858,0.1320915,0.8828306,0.2690789,0.9323313,-0.2488927,0.5224067,0.5381761,-0.6127889,255.5829,-0.3149557,0.6610679,0.681023,0.01868012,0.8968939,0.2244372,0.9247376,-0.02579112,0.9256529,0.2727509,0.9653453,-0.03670567,0.9024515,0.2762418,0.9444975,-0.01632323,-0.08481165,0.09756851,0.1303038,-0.01939782,-0.05011095,0.1652664,0.1737826,0.006093253,-0.05884101,0.170679,0.1806397,0,0,0,0,0,0,0,0,0,1,0,0,-0.07162973,0.583854,0.1089417,0.5982346,0.2715387,-0.009591505,0.9180614,0.2886833,146.4417,0.2836136,-0.01001803,0.9588864,-0.02638306,0.6514893,0.207069,0.6841139,0.01458157,0.6192775,0.2348876,0.6624873,0.02441176,0.6272646,0.1964936,0.657774,0.05728003,-0.07106514,0.09999523,0.1353894,0.02437918,-0.06173892,0.1525944,0.1664064,0.001114697,-0.08006927,0.1215067,0.1455205,0,0,0,0,0,0,0,0,0,1,0,0,0.004489832,0.8926892,0.2213566,0.9197352,-0.1429624,0.4291801,0.4072387,-0.7934248,285.0135,-0.2348774,0.7051134,0.6690651,0.04551017,0.1073108,0.0786434,0.1406114,0.338657,-0.4778859,0.6433382,-0.4930037,239.0764,0.3892487,-0.5492769,0.739446,-0.003512993,1.051473,-0.01975375,1.051664,0.02187397,0.0796528,-0.06801624,0.9942589,12.2849,0.2044282,0.7444136,-0.6356614,False
1773034741553,1.971698,0.1282978,0.8838507,0.2705604,0.9331962,-0.2556444,0.5292007,0.5294989,-0.6117382,255.4306,-0.3231667,0.6689764,0.6693533,0.01613932,0.8951353,0.2247407,0.923058,-0.02973457,0.9236876,0.2698288,0.9627516,-0.04054555,0.9001907,0.2736241,0.941731,-0.0149453,-0.08373267,0.09729593,0.1292324,-0.01886706,-0.05094211,0.1643463,0.1730918,0.006957962,-0.05945399,0.169955,0.1801885,0,0,0,0,0,0,0,0,0,1,0,0,-0.07157821,0.5840024,0.108918,0.5983689,0.2714601,-0.009626389,0.9179039,0.2892564,146.3731,0.2835829,-0.01005628,0.9588951,-0.0262713,0.6515723,0.2070408,0.6841802,0.01464911,0.6193994,0.2348238,0.6625801,0.02447254,0.6273146,0.1964539,0.657812,0.05727215,-0.07102035,0.1000076,0.1353717,0.02439308,-0.06176781,0.1525465,0.1663752,0.001128331,-0.08004008,0.1214814,0.1454834,0,0,0,0,0,0,0,0,0,1,0,0,0.004489832,0.8926892,0.2213566,0.9197352,-0.1429624,0.4291801,0.4072387,-0.7934248,285.0135,-0.2348774,0.7051134,0.6690651,0.04551017,0.1073108,0.0786434,0.1406114,0.338657,-0.4778859,0.6433382,-0.4930037,239.0764,0.3892487,-0.5492769,0.739446,-0.003467959,1.051518,-0.01938567,1.051703,0.02201109,0.07995765,-0.06843909,0.9942024,12.34527,0.2047077,0.7436228,-0.6364978,False
1773034741567,1.985641,0.1253874,0.8850594,0.2699676,0.9337744,-0.2504323,0.5466959,0.510002,-0.6150653,255.9133,-0.3176155,0.6933575,0.6468198,0.01437743,0.8939403,0.2207386,0.9209025,-0.03241764,0.9205197,0.2633791,0.9580063,-0.04328032,0.8975435,0.2678985,0.9376711,-0.01639886,-0.08360279,0.09728524,0.1293165,-0.0170886,-0.05196598,0.1629845,0.1719198,0.008265014,-0.06053677,0.1689288,0.1796384,0,0,0,0,0,0,0,0,0,1,0,0,-0.0714704,0.5840138,0.108943,0.5983717,0.2713909,-0.009918408,0.9178873,0.289364,146.3602,0.2835201,-0.01036169,0.9589103,-0.02607388,0.651415,0.2070763,0.6840336,0.01471292,0.6193508,0.2348725,0.6625534,0.0245631,0.6272169,0.1965581,0.6577534,0.05712656,-0.07098147,0.1000475,0.1353193,0.02441467,-0.0617818,0.1525158,0.1663555,0.001132129,-0.07999919,0.1215136,0.1454878,0,0,0,0,0,0,0,0,0,1,0,0,0.004489832,0.8926892,0.2213566,0.9197352,-0.1429624,0.4291801,0.4072387,-0.7934248,285.0135,-0.2348774,0.7051134,0.6690651,0.04551017,0.1073108,0.0786434,0.1406114,0.338657,-0.4778859,0.6433382,-0.4930037,239.0764,0.3892487,-0.5492769,0.739446,-0.003479239,1.051531,-0.0190838,1.05171,0.02206404,0.07992986,-0.06868047,0.9941868,12.3619,0.2049251,0.7423679,-0.6378865,False
1773034741580,1.999596,0.1225779,0.8867373,0.2699472,0.9349866,-0.246985,0.5631856,0.4897503,-0.6180333,256.3453,-0.3141695,0.7163826,0.6229715,0.01287746,0.8927253,0.2173281,0.9188883,-0.03490085,0.9173819,0.2578216,0.9535615,-0.04563922,0.8946918,0.2626408,0.9335612,-0.0177128,-0.08347389,0.0972423,0.1293743,-0.01552825,-0.05279212,0.1617717,0.1708748,0.009389773,-0.06173534,0.1677804,0.1790242,0,0,0,0,0,0,0,0,0,1,0,0,-0.07135908,0.5840129,0.1089724,0.5983629,0.2713159,-0.01024722,0.9178828,0.2894372,146.3515,0.2834484,-0.01070544,0.9589278,-0.02588836,0.6512346,0.2071311,0.6838714,0.01477147,0.6192833,0.2349324,0.6625128,0.02465567,0.6270994,0.1966817,0.6576817,0.05698826,-0.07093257,0.100091,0.1352675,0.02443765,-0.06179419,0.1524843,0.1663346,0.00113406,-0.07995506,0.1215557,0.1454988,0,0,0,0,0,0,0,0,0,1,0,0,0.004489832,0.8926892,0.2213566,0.9197352,-0.1429624,0.4291801,0.4072387,-0.7934248,285.0135,-0.2348774,0.7051134,0.6690651,0.04551017,0.1073108,0.0786434,0.1406114,0.338657,-0.4778859,0.6433382,-0.4930037,239.0764,0.3892487,-0.5492769,0.739446,-0.0034578,1.051509,-0.01882894,1.051683,0.02208918,0.07982883,-0.06874824,0.9941897,12.35885,0.2052087,0.7416108,-0.6386721,False
1773034741594,2.013347,0.1214907,0.8893558,0.2694712,0.9371918,-0.2674936,0.5580733,0.4829049,-0.6195194,256.5621,-0.3407643,0.7109382,0.6151801,0.01279355,0.8928761,0.2156917,0.9186481,-0.03656149,0.9140912,0.2554917,0.9498292,-0.04670902,0.8912069,0.2596836,0.9294445,-0.01778478,-0.08286309,0.09706047,0.1288539,-0.01500495,-0.05298522,0.161416,0.1705512,0.009684192,-0.06183172,0.1676497,0.1789508,0,0,0,0,0,0,0,0,0,1,0,0,-0.07131582,0.584317,0.1088823,0.5986382,0.2713788,-0.01049176,0.9177612,0.2897551,146.3134,0.2835425,-0.01096202,0.9588971,-0.02583617,0.6515163,0.2070389,0.6841097,0.01483296,0.6195154,0.2348247,0.662693,0.02456776,0.6271982,0.1965683,0.6577387,0.05703683,-0.07094719,0.1000382,0.1352566,0.02445529,-0.06182029,0.1524474,0.1663131,0.001182535,-0.07977304,0.1214572,0.1453169,0,0,0,0,0,0,0,0,0,1,0,0,0.004489832,0.8926892,0.2213566,0.9197352,-0.1429624,0.4291801,0.4072387,-0.7934248,285.0135,-0.2348774,0.7051134,0.6690651,0.04551017,0.1073108,0.0786434,0.1406114,0.338657,-0.4778859,0.6433382,-0.4930037,239.0764,0.3892487,-0.5492769,0.739446,-0.003564487,1.051398,-0.01862811,1.051569,0.0223314,0.07953632,-0.06855208,0.9942213,12.32518,0.2080237,0.7409047,-0.6385832,False
1773034741608,2.027113,0.1202708,0.8909954,0.2683184,0.9382604,-0.2757383,0.5609657,0.4752362,-0.6192225,256.5188,-0.3511625,0.7144098,0.6052302,0.01273859,0.8911116,0.2141151,0.9165628,-0.03762802,0.912499,0.2516856,0.9473203,-0.0475407,0.8896962,0.2555931,0.926902,-0.01575877,-0.08218874,0.09671366,0.1278939,-0.01455492,-0.053222,0.1609712,0.170165,0.009839483,-0.0621274,0.1673089,0.1787425,0,0,0,0,0,0,0,0,0,1,0,0,-0.07132775,0.5845714,0.1088939,0.59889,0.2715497,-0.01072541,0.9178364,0.2893477,146.3622,0.2836846,-0.0112047,0.9588522,-0.02585268,0.651742,0.2070396,0.6843255,0.01481204,0.6197549,0.2348247,0.6629164,0.0244841,0.6274258,0.1965744,0.6579545,0.05699512,-0.07098375,0.09999988,0.1352299,0.02445429,-0.06184243,0.1524182,0.1662943,0.001194531,-0.07972339,0.1214107,0.1452508,0,0,0,0,0,0,0,0,0,1,0,0,0.004489832,0.8926892,0.2213566,0.9197352,-0.1429624,0.4291801,0.4072387,-0.7934248,285.0135,-0.2348774,0.7051134,0.6690651,0.04551017,0.1073108,0.0786434,0.1406114,0.338657,-0.4778859,0.6433382,-0.4930037,239.0764,0.3892487,-0.5492769,0.739446,-0.003726996,1.051289,-0.01843819,1.051458,0.02298584,0.07910948,-0.06850342,0.9942437,12.30117,0.2145365,0.738362,-0.6393712,False
1773034741622,2.041176,0.1195909,0.8924606,0.2676345,0.9393701,-0.2786817,0.5699676,0.4603005,-0.6209646,256.7732,-0.3555346,0.7271491,0.5872389,0.01391271,0.8889793,0.2108414,0.913746,-0.03843942,0.9107106,0.2478024,0.9446043,-0.04738571,0.8874646,0.2509208,0.9234717,-0.01568629,-0.08258777,0.09582319,0.1274711,-0.01441082,-0.05281098,0.1612204,0.1702607,0.009738579,-0.062732,0.1666198,0.178304,0,0,0,0,0,0,0,0,0,1,0,0,-0.07128029,0.5847163,0.1088952,0.599026,0.2714171,-0.01105852,0.9177485,0.2897384,146.3154,0.2835811,-0.01155413,0.9588787,-0.02578227,0.6518097,0.207057,0.6843926,0.01483967,0.6198136,0.2348342,0.6629753,0.02451874,0.6274238,0.1966391,0.6579732,0.05698431,-0.07098313,0.09997763,0.1352085,0.02445948,-0.06187696,0.152376,0.1662693,0.001201114,-0.07968582,0.1214173,0.1452358,0,0,0,0,0,0,0,0,0,1,0,0,0.004489832,0.8926892,0.2213566,0.9197352,-0.1429624,0.4291801,0.4072387,-0.7934248,285.0135,-0.2348774,0.7051134,0.6690651,0.04551017,0.1073108,0.0786434,0.1406114,0.338657,-0.4778859,0.6433382,-0.4930037,239.0764,0.3892487,-0.5492769,0.739446,-0.003975794,1.051204,-0.01820774,1.051369,0.02372866,0.07873772,-0.06824046,0.9942739,12.26887,0.2220503,0.7368191,-0.6385869,False
1773034741635,2.055034,0.1188763,0.8925855,0.2683395,0.9395991,-0.2873892,0.5823159,0.4473178,-0.6149979,255.9035,-0.3644626,0.738484,0.5672815,0.01571956,0.8870089,0.2076503,0.911126,-0.03854161,0.9084206,0.2425481,0.941033,-0.04574922,0.8842597,0.2437652,0.9183843,-0.01576689,-0.08254658,0.09555157,0.1272503,-0.01435635,-0.0526715,0.1612583,0.1702487,0.009543887,-0.06434347,0.1646142,0.177,0,0,0,0,0,0,0,0,0,1,0,0,-0.07128251,0.5847722,0.1088644,0.5990753,0.2714721,-0.01120445,0.9178604,0.2893265,146.3647,0.2836016,-0.01170507,0.9588708,-0.02581591,0.6518611,0.2070121,0.6844292,0.01480529,0.6199313,0.2347581,0.6630576,0.02445534,0.6274856,0.1966411,0.6580304,0.05694662,-0.07101545,0.09994092,0.1351825,0.02445781,-0.0619433,0.1523026,0.1662265,0.001211077,-0.0796536,0.1214129,0.1452145,0,0,0,0,0,0,0,0,0,1,0,0,0.004489832,0.8926892,0.2213566,0.9197352,-0.1429624,0.4291801,0.4072387,-0.7934248,285.0135,-0.2348774,0.7051134,0.6690651,0.04551017,0.1073108,0.0786434,0.1406114,0.338657,-0.4778859,0.6433382,-0.4930037,239.0764,0.3892487,-0.5492769,0.739446,-0.004308445,1.051039,-0.0180625,1.051203,0.02429527,0.07820056,-0.06783156,0.9943306,12.20793,0.2284829,0.7354309,-0.6379165,False
1773034741650,2.06889,0.1173094,0.892296,0.2691039,0.9393458,-0.2977614,0.5956933,0.4419611,-0.6009643,253.878,-0.372539,0.7452914,0.5529519,0.01708801,0.8867415,0.2043315,0.9101394,-0.0373541,0.9075986,0.2350966,0.9382969,-0.04323569,0.8827761,0.2344307,0.9143964,-0.01523894,-0.08217275,0.09545799,0.1268732,-0.01426693,-0.05390754,0.1595022,0.168969,0.009396126,-0.06702446,0.1610925,0.1747322,0,0,0,0,0,0,0,0,0,1,0,0,-0.07127877,0.5849928,0.1088451,0.5992866,0.2715147,-0.01139393,0.9178375,0.2893513,146.3618,0.2836484,-0.01190311,0.9588545,-0.02581648,0.6520634,0.2069769,0.6846113,0.01480796,0.6201281,0.2347325,0.6632326,0.02443234,0.627637,0.1966416,0.6581741,0.05694797,-0.0710353,0.09989243,0.1351576,0.0244697,-0.06197498,0.152275,0.1662148,0.001223445,-0.07961533,0.1214029,0.1451852,0,0,0,0,0,0,0,0,0,1,0,0,0.004489832,0.8926892,0.2213566,0.9197352,-0.1429624,0.4291801,0.4072387,-0.7934248,285.0135,-0.2348774,0.7051134,0.6690651,0.04551017,0.1073108,0.0786434,0.1406114,0.338657,-0.4778859,0.6433382,-0.4930037,239.0764,0.3892487,-0.5492769,0.739446,-0.004626831,1.050904,-0.01796142,1.051068,0.02488064,0.0775123,-0.06772472,0.9943773,12.15747,0.2349554,0.7319723,-0.6395452,False
1773034741663,2.082864,0.1152909,0.8920484,0.2688297,0.938782,-0.3122526,0.6101858,0.4412539,-0.5791947,250.7879,-0.3830431,0.7485204,0.5412902,0.01893326,0.8878505,0.1993023,0.910142,-0.03450357,0.9081599,0.2246572,0.9361708,-0.03983479,0.8838099,0.2223121,0.9122112,-0.01414824,-0.08163786,0.09529201,0.1262754,-0.01417109,-0.0558151,0.1564842,0.1667437,0.008587385,-0.06954125,0.1573245,0.1722229,0,0,0,0,0,0,0,0,0,1,0,0,-0.07127898,0.5852212,0.1088257,0.5995061,0.2715651,-0.01158039,0.9178112,0.2893803,146.3583,0.2837036,-0.01209802,0.9588358,-0.02582032,0.6522761,0.2069386,0.6848024,0.01480969,0.6203316,0.2347085,0.6634145,0.02440587,0.6277958,0.1966396,0.6583239,0.05695076,-0.07105672,0.09984077,0.1351319,0.02448251,-0.06200569,0.1522509,0.166206,0.001236438,-0.0795763,0.1213915,0.1451544,0,0,0,0,0,0,0,0,0,1,0,0,0.004489832,0.8926892,0.2213566,0.9197352,-0.1429624,0.4291801,0.4072387,-0.7934248,285.0135,-0.2348774,0.7051134,0.6690651,0.04551017,0.1073108,0.0786434,0.1406114,0.338657,-0.4778859,0.6433382,-0.4930037,239.0764,0.3892487,-0.5492769,0.739446,-0.005020065,1.05075,-0.01789874,1.050914,0.02566909,0.07679597,-0.06723987,0.9944457,12.0832,0.243886,0.7296502,-0.6388564,False
1773034741677,2.096896,0.1129901,0.8920178,0.2686342,0.9384172,-0.3254479,0.6233621,0.4388081,-0.5594202,248.0314,-0.3926337,0.7520497,0.5293961,0.02046129,0.8888471,0.1947579,0.9101639,-0.03229007,0.9087549,0.2159572,0.9346206,-0.0367649,0.8848044,0.2121193,0.9106179,-0.01334646,-0.08122455,0.09512671,0.125796,-0.01394255,-0.05696098,0.1543186,0.1650854,0.00795927,-0.07133268,0.1542922,0.1701698,0,0,0,0,0,0,0,0,0,1,0,0,-0.07129896,0.5851734,0.1088286,0.5994623,0.2715615,-0.01183732,0.9178721,0.28918,146.3823,0.2836819,-0.01236564,0.9588388,-0.02585234,0.6523989,0.2067773,0.684872,0.01476421,0.6202663,0.2347122,0.6633536,0.0243182,0.6277283,0.1966556,0.6582611,0.05693931,-0.07129155,0.09962124,0.1350887,0.02447544,-0.06204413,0.1522164,0.1661877,0.001252469,-0.07956322,0.1213428,0.1451066,0,0,0,0,0,0,0,0,0,1,0,0,0.004489832,0.8926892,0.2213566,0.9197352,-0.1429624,0.4291801,0.4072387,-0.7934248,285.0135,-0.2348774,0.7051134,0.6690651,0.04551017,0.1073108,0.0786434,0.1406114,0.338657,-0.4778859,0.6433382,-0.4930037,239.0764,0.3892487,-0.5492769,0.739446,-0.005489653,1.050618,-0.01789376,1.050785,0.02624663,0.07620432,-0.06678084,0.9945071,12.01624,0.2507573,0.7280475,-0.6380166,False
1773034741691,2.110408,0.1108735,0.8897927,0.2705047,0.9365879,-0.335988,0.6282148,0.4431067,-0.5441642,245.9352,-0.4004727,0.7487852,0.5281501,0.02109687,0.887961,0.1944261,0.9092422,-0.03167098,0.9087079,0.2133337,0.9339509,-0.03352352,0.8845661,0.2077132,0.9092446,-0.01207227,-0.08100238,0.09442736,0.1249946,-0.01405027,-0.05744098,0.153338,0.1643455,0.007192569,-0.07284782,0.1504602,0.1673224,0,0,0,0,0,0,0,0,0,1,0,0,-0.0713935,0.5853295,0.1088588,0.5996315,0.2716609,-0.01210543,0.9178482,0.2891511,146.3857,0.2837831,-0.01264561,0.9588051,-0.0258469,0.6527921,0.2065309,0.685172,0.0146542,0.6203874,0.2347446,0.663476,0.02419497,0.62782,0.1966996,0.6583571,0.05687188,-0.07164992,0.09932804,0.135034,0.02451051,-0.06207237,0.1521823,0.1661722,0.001272877,-0.07953897,0.1213186,0.1450734,0,0,0,0,0,0,0,0,0,1,0,0,0.004489832,0.8926892,0.2213566,0.9197352,-0.1429624,0.4291801,0.4072387,-0.7934248,285.0135,-0.2348774,0.7051134,0.6690651,0.04551017,0.1073108,0.0786434,0.1406114,0.338657,-0.4778859,0.6433382,-0.4930037,239.0764,0.3892487,-0.5492769,0.739446,-0.005989199,1.050461,-0.01801594,1.050633,0.02670936,0.07545763,-0.06609245,0.9945977,11.91664,0.2573036,0.7269181,-0.6366991,False
1773034741705,2.124419,0.1106913,0.8897458,0.2694895,0.936229,-0.334591,0.6280708,0.4425952,-0.5456055,246.1321,-0.3992532,0.7494502,0.52813,0.02073066,0.8873655,0.1939132,0.9085426,-0.03082426,0.9081465,0.212022,0.9330775,-0.02962479,0.8837383,0.205291,0.9077529,-0.01168745,-0.08089048,0.09432794,0.1248104,-0.01424236,-0.05812526,0.1520363,0.1633904,0.006160384,-0.07459252,0.1459303,0.164005,0,0,0,0,0,0,0,0,0,1,0,0,-0.07144102,0.5853842,0.1087845,0.5996771,0.2715327,-0.0123771,0.9178395,0.2892881,146.3693,0.2836614,-0.01292996,0.9588374,-0.02592925,0.652843,0.20645,0.6851991,0.01457121,0.6204037,0.2346826,0.6634674,0.02410873,0.6277997,0.1966771,0.6583279,0.0568915,-0.07168591,0.09926252,0.1350132,0.02451635,-0.06211233,0.1521438,0.1661528,0.001286186,-0.07952156,0.1213082,0.1450552,0,0,0,0,0,0,0,0,0,1,0,0,0.004489832,0.8926892,0.2213566,0.9197352,-0.1429624,0.4291801,0.4072387,-0.7934248,285.0135,-0.2348774,0.7051134,0.6690651,0.04551017,0.1073108,0.0786434,0.1406114,0.338657,-0.4778859,0.6433382,-0.4930037,239.0764,0.3892487,-0.5492769,0.739446,-0.006498938,1.050344,-0.01816109,1.050522,0.0272344,0.07477359,-0.06527558,0.994689,11.81534,0.2646023,0.7264808,-0.6342006,False
1773034741720,2.138367,0.1099536,0.888048,0.2686561,0.9342886,-0.3341366,0.6282048,0.4430375,-0.5453708,246.1,-0.3986383,0.7494734,0.5285615,0.01999405,0.8856845,0.1930912,0.9067089,-0.02836808,0.905924,0.2095084,0.9302671,-0.02443074,0.8808975,0.2022752,0.9041529,-0.01158921,-0.08094601,0.09428058,0.1248014,-0.01487549,-0.05988631,0.1485941,0.160897,0.005377425,-0.0769073,0.1394793,0.1593679,0,0,0,0,0,0,0,0,0,1,0,0,-0.07146675,0.5855047,0.1087215,0.5997863,0.2713983,-0.01270334,0.917856,0.2893477,146.3622,0.2835264,-0.01327103,0.9588727,-0.02600062,0.6530038,0.206352,0.6853256,0.01449312,0.6204923,0.2346233,0.6635276,0.02403218,0.6278362,0.1966734,0.6583588,0.05691582,-0.07177544,0.09915236,0.1349901,0.02452336,-0.06216356,0.1520836,0.1661178,0.001293601,-0.07949602,0.1212952,0.1450304,0,0,0,0,0,0,0,0,0,1,0,0,0.004489832,0.8926892,0.2213566,0.9197352,-0.1429624,0.4291801,0.4072387,-0.7934248,285.0135,-0.2348774,0.7051134,0.6690651,0.04551017,0.1073108,0.0786434,0.1406114,0.338657,-0.4778859,0.6433382,-0.4930037,239.0764,0.3892487,-0.5492769,0.739446,-0.007014083,1.050288,-0.01830485,1.050471,0.02772897,0.07422835,-0.06428764,0.9947806,11.71297,0.2717539,0.7274646,-0.6300421,False
1773034741733,2.152232,0.1097414,0.8889844,0.266655,0.9345808,-0.3340324,0.6281603,0.4426683,-0.5457854,246.1567,-0.3986424,0.7496617,0.5282911,0.01943465,0.8881007,0.1889058,0.9081773,-0.02532048,0.9062241,0.2053829,0.9295512,-0.019867,0.88156,0.1993432,0.9040357,-0.0139848,-0.08248698,0.09496634,0.1265634,-0.01593181,-0.06198572,0.1450859,0.1585748,0.004168088,-0.077607,0.1344641,0.1553088,0,0,0,0,0,0,0,0,0,1,0,0,-0.0714911,0.5854686,0.1085982,0.5997317,0.2712054,-0.01290317,0.9178495,0.2895401,146.3392,0.2833421,-0.0134806,0.9589241,-0.0260947,0.6529807,0.2062324,0.6852711,0.01441614,0.6204224,0.234542,0.6634318,0.02395442,0.6277313,0.1965871,0.6582301,0.05696951,-0.07179032,0.0990888,0.1349739,0.02454402,-0.06218017,0.1520705,0.166115,0.001304236,-0.07946967,0.1212681,0.1449934,0,0,0,0,0,0,0,0,0,1,0,0,0.008776844,0.8943455,0.2118129,0.9191276,-0.1429624,0.4291801,0.4072387,-0.7934248,285.0135,-0.2348774,0.7051134,0.6690651,0.04122316,0.1056545,0.0881871,0.1436635,0.338657,-0.4778859,0.6433382,-0.4930037,239.0764,0.3892487,-0.5492769,0.739446,-0.007470339,1.050236,-0.0184855,1.050425,0.02816018,0.07372893,-0.06378329,0.9948381,11.64826,0.2775076,0.7265701,-0.6285596,False
1773034741747,2.166117,0.109343,0.8902057,0.2642661,0.9350181,-0.3339972,0.6281928,0.442036,-0.5462818,246.2246,-0.3987544,0.7499902,0.5277404,0.01882268,0.8899967,0.185009,0.9092177,-0.02282836,0.9069282,0.2013674,0.9292947,-0.01664093,0.8825525,0.1964603,0.9043077,-0.01540854,-0.08363869,0.09536885,0.1277813,-0.01688042,-0.06350841,0.1420016,0.1564695,0.00326474,-0.07788396,0.1306848,0.152168,0,0,0,0,0,0,0,0,0,1,0,0,-0.07151693,0.5854179,0.1084652,0.5996611,0.2709824,-0.01309012,0.9178411,0.2897668,146.312,0.2831294,-0.0136769,0.9589842,-0.02619845,0.6529481,0.2061044,0.6852056,0.01433297,0.6203365,0.2344596,0.6633205,0.02387249,0.6276116,0.1964909,0.6580843,0.05703161,-0.07180224,0.09902372,0.1349587,0.02456685,-0.0621921,0.1520635,0.1661165,0.001314673,-0.07944334,0.1212384,0.1449542,0,0,0,0,0,0,0,0,0,1,0,0,0.008362062,0.8953938,0.2094377,0.9196,-0.1426772,0.4292686,0.4065743,-0.7937689,285.0782,-0.2345817,0.7057791,0.6684664,0.04163794,0.1046062,0.09056234,0.1444912,0.3386805,-0.477273,0.6438521,-0.4929103,239.0641,0.389252,-0.5485392,0.7399917,-0.008026721,1.0502,-0.01869684,1.050397,0.02839561,0.07338423,-0.06299776,0.9949069,11.57026,0.2817076,0.7280315,-0.6249892,False
1773034741761,2.179946,0.1090344,0.8902605,0.2614248,0.934235,-0.3363677,0.6274179,0.4433189,-0.5446761,246.0051,-0.401084,0.7481316,0.5286124,0.01848223,0.8891858,0.1822333,0.9078557,-0.01824475,0.9059638,0.1965932,0.9272282,-0.01215452,0.8833141,0.1933917,0.9043185,-0.01402187,-0.08389178,0.09533974,0.1277658,-0.01723762,-0.06540991,0.1368087,0.1526179,0.00205629,-0.07731035,0.1259376,0.1477884,0,0,0,0,0,0,0,0,0,1,0,0,-0.07164091,0.5854311,0.1084403,0.5996843,0.271031,-0.01313509,0.9178532,0.2896811,146.3223,0.2831725,-0.01372351,0.9589708,-0.02635003,0.6530038,0.2060359,0.6852437,0.01420735,0.6203482,0.234444,0.6633232,0.02371585,0.6276109,0.1964539,0.6580669,0.05704943,-0.0718415,0.0989548,0.1349366,0.02457738,-0.06219419,0.1520682,0.1661232,0.001322768,-0.07941521,0.1212124,0.1449172,0,0,0,0,0,0,0,0,0,1,0,0,0.00818222,0.895708,0.2063849,0.9192141,-0.145676,0.4289631,0.4074119,-0.7929595,284.9259,-0.2390976,0.7040557,0.6686838,0.04181778,0.104292,0.09361513,0.1462509,0.3395326,-0.4796687,0.6430007,-0.4911067,238.8267,0.3897747,-0.5506476,0.7381485,-0.008551279,1.050176,-0.01890288,1.050381,0.02813013,0.07299643,-0.0620682,0.9950014,11.46236,0.2816921,0.7309784,-0.6215442,False
1773034741775,2.193821,0.1103537,0.8917533,0.2559979,0.9343109,-0.3414088,0.6227242,0.4487609,-0.542465,245.7032,-0.4064011,0.7412691,0.5341893,0.01911596,0.8901929,0.1777547,0.9079679,-0.01398312,0.9080797,0.1914361,0.9281445,-0.007836111,0.886161,0.1883541,0.9059911,-0.01188629,-0.08380373,0.09556865,0.1276625,-0.01757913,-0.06555135,0.1335449,0.1498007,0.001280469,-0.07666665,0.122774,0.1447511,0,0,0,0,0,0,0,0,0,1,0,0,-0.07172903,0.5854325,0.1084007,0.5996891,0.2710957,-0.01326804,0.917923,0.2893933,146.3567,0.2832144,-0.01386115,0.9589565,-0.02645217,0.6531339,0.2058805,0.685325,0.01409174,0.620355,0.2344199,0.6633186,0.02358029,0.6276177,0.1964043,0.6580536,0.05703963,-0.07200482,0.09880493,0.1349097,0.02459414,-0.06220418,0.1520597,0.1661216,0.0013242,-0.0794009,0.1211736,0.1448768,0,0,0,0,0,0,0,0,0,1,0,0,0.009408176,0.8980268,0.2012176,0.9203418,-0.1528251,0.4245626,0.4107287,-0.7922709,284.7965,-0.2504634,0.6958109,0.6731386,0.04059182,0.1019732,0.09878242,0.1476625,0.3448052,-0.4847802,0.6387966,-0.4878901,238.404,0.3950088,-0.5553641,0.7318053,-0.009020608,1.050306,-0.01908904,1.050518,0.02783467,0.07246505,-0.06063101,0.9951372,11.30548,0.2825888,0.7356942,-0.6155503,False
1773034741789,2.207776,0.1108469,0.8897005,0.256002,0.9324114,-0.3581363,0.6104318,0.4676995,-0.5294985,243.9432,-0.4221757,0.7195851,0.5513303,0.01840556,0.8891824,0.1794955,0.9073052,-0.01127331,0.9101765,0.1918616,0.9302469,-0.005045585,0.8887995,0.1878077,0.9084392,-0.006852213,-0.08308127,0.09639535,0.1274422,-0.01779423,-0.06560826,0.1315829,0.1481051,0.0008279416,-0.07626271,0.120746,0.1428156,0,0,0,0,0,0,0,0,0,1,0,0,-0.0718777,0.5855744,0.1082979,0.5998268,0.2710557,-0.01347724,0.9179519,0.2893294,146.3644,0.2831668,-0.01407942,0.9589673,-0.02659899,0.6534187,0.2056488,0.6855326,0.01391573,0.6204779,0.2343317,0.6633987,0.023401,0.6277114,0.1963524,0.6581212,0.05703402,-0.07220116,0.09863296,0.1348864,0.024601,-0.06223234,0.1520386,0.1661138,0.001331456,-0.07937911,0.1211836,0.1448733,0,0,0,0,0,0,0,0,0,1,0,0,0.01019359,0.8996492,0.2012283,0.9219357,-0.1775396,0.4138691,0.4244107,-0.7855366,283.5406,-0.2869024,0.6688089,0.685844,0.03980641,0.1003508,0.09877175,0.1463239,0.3573923,-0.5059335,0.6236765,-0.4767912,236.9521,0.406582,-0.5755677,0.7095162,-0.00946106,1.050468,-0.01921188,1.050686,0.02745095,0.07184487,-0.05937406,0.9952685,11.1516,0.2825263,0.7394304,-0.6110803,False
1773034741802,2.221868,0.1115815,0.8866165,0.2569011,0.929805,-0.3641668,0.6122513,0.4817602,-0.5103314,241.3718,-0.4234607,0.7119384,0.5602008,0.019798,0.8906813,0.179561,0.9088164,-0.00690338,0.9124891,0.1908393,0.9322572,-0.0004704669,0.8911577,0.1861443,0.9103911,-0.005705955,-0.08228179,0.09728792,0.1275453,-0.01807489,-0.0657951,0.129835,0.1466725,0.0003397523,-0.0764072,0.1182989,0.140829,0,0,0,0,0,0,0,0,0,1,0,0,-0.07196573,0.5855662,0.1082134,0.5998141,0.2709216,-0.01350199,0.9179806,0.2893629,146.3604,0.2830297,-0.01410543,0.9590074,-0.02671352,0.6534499,0.2055315,0.6855316,0.01378839,0.6205004,0.2342494,0.6633881,0.02329405,0.6276886,0.1963019,0.6580806,0.05703514,-0.07223772,0.09858582,0.134872,0.02461187,-0.06225745,0.1520115,0.1661,0.001327397,-0.07936759,0.1211964,0.1448777,0,0,0,0,0,0,0,0,0,1,0,0,0.01241897,0.9012184,0.2004758,0.9233305,-0.1903572,0.4167769,0.4403004,-0.7721378,281.0925,-0.2995604,0.6558713,0.6928898,0.03758103,0.09878165,0.09952421,0.1451731,0.3524804,-0.5266392,0.6118422,-0.4733476,236.5036,0.4001477,-0.5978587,0.694584,-0.009927362,1.050651,-0.0193619,1.050876,0.02662493,0.07116281,-0.05793902,0.9954246,10.96603,0.2786471,0.7447647,-0.6063691,False
1773034741817,2.235591,0.1119205,0.8869205,0.2564658,0.9300155,-0.3650206,0.6159306,0.485164,-0.5020014,240.265,-0.4220541,0.7121681,0.5609697,0.0201578,0.8919808,0.1787632,0.9099409,-0.003442086,0.9141336,0.1880993,0.9332917,0.001858674,0.8933374,0.18411,0.9121138,-0.00447072,-0.08180281,0.09810936,0.1278168,-0.01813813,-0.06699975,0.1276755,0.1453238,0.0001404311,-0.07667723,0.1172011,0.1400554,0,0,0,0,0,0,0,0,0,1,0,0,-0.07210509,0.5857061,0.1081325,0.5999528,0.2709196,-0.01351175,0.9180079,0.2892776,146.3706,0.28302,-0.01411524,0.9590102,-0.02687143,0.6536127,0.2054338,0.6856637,0.01363866,0.6206851,0.2341365,0.6635178,0.02314124,0.6278234,0.1962398,0.6581852,0.05703853,-0.07225715,0.09855912,0.1348643,0.02461451,-0.0622957,0.1519705,0.1660773,0.001329027,-0.0793496,0.1212096,0.1448789,0,0,0,0,0,0,0,0,0,1,0,0,0.01366189,0.9032498,0.1989433,0.9250002,-0.193238,0.4210908,0.4457556,-0.7659266,279.979,-0.3005593,0.654958,0.6933212,0.03633811,0.0967502,0.1010567,0.1445459,0.347032,-0.5341532,0.6088808,-0.472772,236.4288,0.3938243,-0.6061761,0.6909797,-0.01048697,1.050828,-0.01949449,1.051061,0.02568623,0.07046022,-0.05622752,0.9955974,10.75674,0.2740375,0.7517158,-0.5998721,False
1773034741830,2.249515,0.1122229,0.8872218,0.2560155,0.9302153,-0.3660778,0.6190158,0.4883324,-0.4943056,239.248,-0.4211236,0.712095,0.5617612,0.02040412,0.8933036,0.1779016,0.9110744,-0.0004598647,0.9157805,0.1857944,0.9344377,0.004376277,0.8953476,0.1823282,0.9137341,-0.003427966,-0.08141535,0.09896291,0.1281946,-0.0182477,-0.06788041,0.1259504,0.1442367,-0.000122172,-0.07682111,0.1158314,0.1389907,0,0,0,0,0,0,0,0,0,1,0,0,-0.07214531,0.5857995,0.1080068,0.6000262,0.2706526,-0.01355845,0.9179873,0.2895907,146.3331,0.2827691,-0.01416543,0.9590835,-0.02692936,0.653708,0.2053084,0.6857193,0.01355112,0.6208024,0.2340144,0.6635827,0.02308226,0.6278789,0.1961555,0.658211,0.05704729,-0.07225738,0.09854652,0.134859,0.02462872,-0.06233791,0.1519303,0.1660584,0.00133201,-0.07934857,0.1212128,0.1448811,0,0,0,0,0,0,0,0,0,1,0,0,0.0148178,0.9051261,0.1975183,0.9265454,-0.1962109,0.4248269,0.4506865,-0.7602007,278.9638,-0.3020077,0.6538934,0.6936964,0.0351822,0.09487391,0.1024817,0.1440185,0.3422772,-0.5411236,0.606047,-0.471952,236.3222,0.3882348,-0.6137803,0.687421,-0.01098382,1.05097,-0.01969691,1.051212,0.02480124,0.06959835,-0.0546256,0.9957696,10.5442,0.2699138,0.7574441,-0.5944945,False
1773034741844,2.263477,0.1144459,0.8892187,0.2553876,0.9322181,-0.3508388,0.6225484,0.4872008,-0.5019771,240.2618,-0.4056498,0.7198082,0.5633155,0.0200045,0.8946428,0.179418,0.9126756,0.001850061,0.9170631,0.1861415,0.9357653,0.006196067,0.8967476,0.1834021,0.9153311,-0.003118352,-0.08100095,0.1001638,0.1288552,-0.01832729,-0.06851681,0.1247112,0.1434689,-0.0003258176,-0.07708681,0.1148217,0.1382986,0,0,0,0,0,0,0,0,0,1,0,0,-0.07218102,0.5858946,0.1078744,0.6000996,0.2703143,-0.01359516,0.9179544,0.2900087,146.2831,0.282453,-0.01420567,0.959176,-0.02698049,0.6538002,0.2051806,0.6857709,0.01345996,0.6209226,0.2338895,0.6636493,0.02302834,0.6279305,0.196071,0.6582331,0.05705564,-0.07225052,0.09854165,0.1348553,0.02464422,-0.06238311,0.1518875,0.1660385,0.001334827,-0.07935139,0.1212171,0.1448862,0,0,0,0,0,0,0,0,0,1,0,0,0.01611091,0.9069054,0.1983995,0.928493,-0.1792276,0.4241511,0.452043,-0.7639571,279.6286,-0.2777572,0.6573265,0.7005519,0.03388909,0.09309465,0.1016005,0.1419075,0.338804,-0.5307677,0.6063999,-0.4855686,238.0995,0.3875595,-0.6071478,0.6936638,-0.01151222,1.051069,-0.01987857,1.05132,0.02428759,0.06894506,-0.05280713,0.9959257,10.34754,0.2693329,0.764554,-0.5855953,False
1773034741858,2.277212,0.1166261,0.8882494,0.2542184,0.9312441,-0.3256478,0.6212716,0.50679,-0.5011378,240.1506,-0.3763115,0.717928,0.5856356,0.0193067,0.8984629,0.1820888,0.9169322,0.003900051,0.9216337,0.1888442,0.9407901,0.006290458,0.9014071,0.1864252,0.9205046,-0.002792748,-0.0809461,0.100544,0.1291091,-0.01847699,-0.06902833,0.1237124,0.1428673,-0.0003501282,-0.07711342,0.1147368,0.138243,0,0,0,0,0,0,0,0,0,1,0,0,-0.07236895,0.5858568,0.1077777,0.6000679,0.2705256,-0.01346986,0.9180723,0.2894439,146.3507,0.2826233,-0.01407222,0.9591278,-0.02720037,0.6538239,0.2050579,0.6857655,0.01327004,0.621007,0.2337572,0.6636778,0.02282873,0.6279833,0.1959725,0.6582472,0.05705103,-0.0722839,0.09852228,0.134857,0.02467088,-0.06241997,0.1518654,0.1660361,0.001343389,-0.07934632,0.121244,0.144906,0,0,0,0,0,0,0,0,0,1,0,0,0.01719955,0.9110284,0.2010609,0.9331099,-0.1599782,0.4135729,0.4749263,-0.7601378,278.9527,-0.2462104,0.6364992,0.7309236,0.03280045,0.08897156,0.09893911,0.1370429,0.337017,-0.5300574,0.5869451,-0.5108368,241.4392,0.3920271,-0.6165769,0.6827502,-0.01203051,1.051164,-0.02000242,1.051423,0.02377204,0.0680821,-0.05101742,0.9960908,10.13565,0.2691122,0.7707257,-0.5775444,False
1773034741872,2.291081,0.1196963,0.8880376,0.2514094,0.930669,-0.3057301,0.617851,0.5253276,-0.498819,239.8438,-0.3527493,0.7128723,0.6061195,0.02043391,0.9035861,0.1823028,0.9220194,0.005947195,0.927435,0.189747,0.9466652,0.007621735,0.90655,0.1872996,0.925728,-0.003305349,-0.08114136,0.1008891,0.1295123,-0.01896235,-0.06923461,0.1244235,0.1436462,-0.0002859264,-0.07724646,0.1149938,0.1385304,0,0,0,0,0,0,0,0,0,1,0,0,-0.07248366,0.5857907,0.1077406,0.6000105,0.2705207,-0.01345417,0.9180419,0.2895456,146.3385,0.2826273,-0.01405628,0.9591269,-0.02731185,0.6537528,0.2050222,0.6856915,0.01314555,0.6209773,0.2337168,0.6636333,0.02273977,0.6278998,0.1959597,0.6581606,0.05706156,-0.07227196,0.09852424,0.1348565,0.02470904,-0.06244627,0.1518484,0.1660362,0.001344244,-0.07934556,0.1212803,0.144936,0,0,0,0,0,0,0,0,0,1,0,0,0.01967552,0.9155654,0.2017274,0.9377319,-0.1462006,0.4025114,0.4955492,-0.7556726,278.1683,-0.2232242,0.6145685,0.756622,0.03032448,0.08443463,0.09827262,0.133065,0.3370576,-0.5311606,0.5679634,-0.5307339,244.1101,0.39769,-0.6267096,0.6701328,-0.01249019,1.051384,-0.02009083,1.05165,0.02317029,0.06724665,-0.04925941,0.9962503,9.926664,0.2678084,0.7772549,-0.5693535,False
1773034741885,2.305078,0.1212705,0.8889126,0.2468359,0.9304838,-0.270732,0.6192408,0.5384668,-0.5032877,240.4355,-0.3133041,0.7166153,0.6231397,0.01963278,0.9087474,0.1818255,0.926967,0.006529957,0.9333768,0.1896249,0.9524665,0.006671757,0.9122838,0.1880957,0.9314968,-0.003950214,-0.08141188,0.1010921,0.129858,-0.01932432,-0.06935256,0.1248557,0.1441255,-0.0002620452,-0.07697438,0.1157428,0.1390019,0,0,0,0,0,0,0,0,0,1,0,0,-0.07238973,0.5857496,0.1075816,0.5999306,0.2701891,-0.01339972,0.9181195,0.2896115,146.3306,0.2822867,-0.01399969,0.9592279,-0.02728932,0.6537192,0.2048922,0.6856197,0.01315729,0.6210176,0.2335826,0.663624,0.02276243,0.6278952,0.195817,0.6581146,0.05707284,-0.07224045,0.098542,0.1348574,0.02472975,-0.06248429,0.1518217,0.1660292,0.001350028,-0.07934979,0.1212422,0.1449064,0,0,0,0,0,0,0,0,0,1,0,0,0.02047688,0.9206279,0.2013935,0.942621,-0.1147605,0.3932397,0.5140123,-0.7536471,277.8146,-0.1745993,0.5982841,0.7820302,0.02952312,0.07937211,0.09860653,0.12998,0.3307014,-0.5201505,0.5514522,-0.5621216,248.4053,0.3998544,-0.6289191,0.6667663,-0.01289505,1.051707,-0.01999385,1.051976,0.02239772,0.06639314,-0.04757008,0.9964073,9.716503,0.2644647,0.7839479,-0.5616915,False
1773034741900,2.318914,0.1235722,0.890619,0.2415273,0.9310251,-0.2374094,0.6177738,0.549554,-0.509885,241.3123,-0.2759796,0.7181391,0.638836,0.01944088,0.9137212,0.1812731,0.9317319,0.00798326,0.9390531,0.1891906,0.9579548,0.00591898,0.9188063,0.1891761,0.9380979,-0.003942325,-0.0815329,0.101316,0.130108,-0.01933861,-0.069417,0.1249542,0.1442437,-0.0001806407,-0.07610757,0.1175109,0.1400043,0,0,0,0,0,0,0,0,0,1,0,0,-0.07235014,0.5857474,0.1074913,0.5999075,0.270059,-0.0137395,0.9181906,0.2894916,146.345,0.2821401,-0.01435413,0.9592658,-0.02732472,0.6536465,0.2048809,0.6855484,0.01312973,0.6209926,0.233534,0.6635829,0.02273611,0.6278439,0.1958015,0.6580601,0.05709046,-0.07221213,0.09854697,0.1348533,0.02474852,-0.06252705,0.1517914,0.1660203,0.001365751,-0.07933554,0.1212351,0.1448929,0,0,0,0,0,0,0,0,0,1,0,0,0.02204336,0.9258994,0.200571,0.9476309,-0.08447087,0.3817263,0.5291339,-0.7531049,277.7201,-0.1283946,0.580219,0.8042766,0.02795664,0.07410061,0.09942904,0.1271165,0.3269913,-0.5066845,0.5357324,-0.5910487,252.4629,0.4053764,-0.628145,0.6641563,-0.01326206,1.051978,-0.01994804,1.052251,0.02141292,0.06555165,-0.04634555,0.9965423,9.532089,0.2577165,0.7889509,-0.5577946,False
1773034741914,2.33287,0.1255057,0.892015,0.2370884,0.9314791,-0.2107406,0.6161031,0.5585964,-0.5137855,241.8326,-0.2456417,0.718137,0.6511065,0.01959244,0.9180419,0.1807485,0.9358712,0.009677969,0.9439603,0.1885351,0.9626527,0.006274611,0.9245656,0.1897851,0.943864,-0.003730947,-0.08156341,0.1016417,0.1303747,-0.01935555,-0.06948677,0.1250301,0.1443453,-0.0002701164,-0.07533571,0.1186539,0.14055,0,0,0,0,0,0,0,0,0,1,0,0,-0.07243115,0.5858107,0.1073936,0.5999616,0.2700847,-0.01366965,0.9182388,0.2893181,146.3657,0.2821515,-0.01428038,0.9592636,-0.02741582,0.6537117,0.2047723,0.6855817,0.0130396,0.6210996,0.233457,0.6636542,0.02263698,0.6279339,0.1957062,0.6581143,0.05706936,-0.07220367,0.09854949,0.1348417,0.02476912,-0.06252904,0.1518123,0.1660432,0.001368948,-0.07932004,0.1212417,0.1448899,0,0,0,0,0,0,0,0,0,1,0,0,0.0237701,0.9304374,0.1996206,0.9519071,-0.06070081,0.3722713,0.5415198,-0.7513228,277.4102,-0.09198,0.5641031,0.8205654,0.0262299,0.06956261,0.1003794,0.1249119,0.3234707,-0.496388,0.5220565,-0.6135332,255.6908,0.4096282,-0.6286025,0.661108,-0.01362664,1.052209,-0.01997638,1.052487,0.02024804,0.0648034,-0.04498936,0.9966778,9.343372,0.2486067,0.7956603,-0.5523823,False
1773034741928,2.346632,0.1247293,0.890395,0.2342977,0.9291158,-0.1785439,0.6172904,0.5676267,-0.5146599,241.9494,-0.2082401,0.7199608,0.6620368,0.01795786,0.9205595,0.1816297,0.9384783,0.009896591,0.9468516,0.1889414,0.9655696,0.007551409,0.9274235,0.1909555,0.9469083,-0.003887663,-0.08138838,0.1018579,0.1304386,-0.01951745,-0.06948507,0.1248222,0.1441863,-0.0009755042,-0.07452092,0.1166144,0.1383953,0,0,0,0,0,0,0,0,0,1,0,0,-0.07251634,0.5858791,0.1072948,0.6000209,0.2701398,-0.01356372,0.9182872,0.2891179,146.3897,0.2821913,-0.01416882,0.9592537,-0.02750342,0.6537843,0.2046554,0.6856195,0.01295309,0.6212146,0.2333805,0.6637333,0.02253798,0.6280367,0.1956025,0.6581782,0.05704134,-0.0721946,0.09855423,0.1348284,0.02478983,-0.06252369,0.1518434,0.1660728,0.001371148,-0.07930293,0.12125,0.1448876,0,0,0,0,0,0,0,0,0,1,0,0,0.02353112,0.9328884,0.1998963,0.9543548,-0.03202724,0.3650494,0.5562273,-0.7458716,276.468,-0.04808247,0.5480484,0.8350635,0.02646888,0.06711155,0.1001037,0.1233909,0.3143477,-0.485618,0.5063535,-0.6395053,259.5099,0.408888,-0.6316679,0.6586396,-0.01404871,1.052416,-0.02005011,1.052701,0.01903035,0.06420131,-0.04368478,0.9967988,9.171557,0.2380238,0.8030033,-0.5463911,False
1773034741942,2.360371,0.1240277,0.8912188,0.2341899,0.9297842,-0.1445412,0.6216663,0.5686914,-0.5188729,242.5134,-0.1690834,0.7272215,0.6652517,0.01634555,0.9244851,0.1850227,0.9429599,0.01186177,0.9488131,0.1900419,0.9677308,0.01004937,0.9304296,0.194052,0.9505033,-0.004297759,-0.08069326,0.1025887,0.1305922,-0.01962794,-0.07003333,0.1218249,0.1418846,-0.001741311,-0.07325292,0.1132957,0.1349257,0,0,0,0,0,0,0,0,0,1,0,0,-0.07246429,0.5859064,0.10725,0.6000333,0.2698462,-0.01361616,0.9182013,0.2896618,146.3246,0.2819329,-0.01422604,0.9593287,-0.02745276,0.6537844,0.2046225,0.6856078,0.01297911,0.6212074,0.2333652,0.6637216,0.02258208,0.627977,0.1956022,0.6581225,0.05705965,-0.07216586,0.09855617,0.1348222,0.02479614,-0.0625345,0.1518399,0.1660746,0.001374708,-0.07928213,0.1212591,0.1448838,0,0,0,0,0,0,0,0,0,1,0,0,0.02325651,0.9364023,0.2020363,0.9582321,0.001277566,0.3618404,0.5640641,-0.7422274,275.843,0.001906394,0.5399409,0.8417008,0.02674349,0.06359774,0.09796369,0.1198197,0.3016882,-0.468738,0.4968215,-0.6651597,263.3892,0.404028,-0.6277451,0.6653553,-0.01433891,1.052622,-0.02007372,1.052911,0.01763955,0.06341254,-0.04216738,0.9969401,8.966635,0.2256595,0.8112251,-0.5394397,False
1773034741955,2.37437,0.1242573,0.8910471,0.2342765,0.9296722,-0.1096056,0.6127665,0.5759945,-0.5298436,243.9898,-0.1292374,0.7225206,0.6791623,0.01484209,0.9274976,0.1914981,0.9471767,0.01203988,0.951746,0.1960554,0.971804,0.0110209,0.9333264,0.2007433,0.9547343,-0.004426551,-0.08057248,0.1027375,0.1306388,-0.01983957,-0.06996433,0.1213228,0.141449,-0.002218375,-0.07249867,0.1117453,0.1332216,0,0,0,0,0,0,0,0,0,1,0,0,-0.07244648,0.5859248,0.1071879,0.600038,0.26965,-0.01353812,0.9181761,0.2899282,146.2927,0.2817516,-0.0141457,0.9593831,-0.02743692,0.6537954,0.2045556,0.6855977,0.01296583,0.6212596,0.233309,0.6637505,0.02258103,0.6279806,0.1955573,0.6581126,0.05705408,-0.07213934,0.09856673,0.1348134,0.02481409,-0.06254971,0.1518255,0.1660699,0.001383864,-0.07926898,0.1212592,0.1448768,0,0,0,0,0,0,0,0,0,1,0,0,0.02326535,0.9392673,0.2077119,0.9622414,0.03354232,0.3432349,0.5732954,-0.7432343,276.0153,0.05013565,0.5130326,0.8569037,0.02673465,0.06073272,0.09228811,0.1136675,0.302389,-0.4472686,0.4794711,-0.6918232,267.5492,0.4187825,-0.6194281,0.6640258,-0.01466603,1.052869,-0.02003089,1.053162,0.01619893,0.06280571,-0.04078705,0.9970604,8.788543,0.2114209,0.8197111,-0.5323337,False
1773034741969,2.388351,0.1243706,0.8908383,0.2339873,0.9294143,-0.07977416,0.6010268,0.590702,-0.5324227,244.3386,-0.09424239,0.7100319,0.6978346,0.01466081,0.9332808,0.1974774,0.9540573,0.01338967,0.9569806,0.2014415,0.9780439,0.01202497,0.9382303,0.2064378,0.9607483,-0.004862419,-0.07989829,0.1034626,0.1308124,-0.02024343,-0.06998624,0.1213031,0.1415002,-0.002302676,-0.07230375,0.1113241,0.1327636,0,0,0,0,0,0,0,0,0,1,0,0,-0.07245084,0.5859293,0.1071526,0.6000366,0.2694932,-0.01338537,0.9181705,0.2900987,146.2723,0.2816031,-0.01398685,0.959429,-0.02746896,0.6538179,0.2045129,0.6856077,0.01292337,0.6213369,0.2332543,0.6638028,0.02254623,0.6279958,0.1955102,0.6581119,0.05707151,-0.07210821,0.09857083,0.1348071,0.0248394,-0.0625703,0.1517896,0.1660486,0.001391167,-0.07925028,0.121239,0.1448497,0,0,0,0,0,0,0,0,0,1,0,0,0.02446348,0.9437273,0.2127372,0.9677173,0.05699931,0.3226523,0.5892544,-0.7385296,275.2126,0.08454099,0.4785556,0.8739781,0.02553652,0.05627269,0.08726282,0.1069277,0.3043129,-0.4354846,0.4551502,-0.7145526,271.2131,0.4349925,-0.6224927,0.6506032,-0.01494775,1.05319,-0.01993336,1.053485,0.01466551,0.06230364,-0.03972739,0.9971585,8.640658,0.1946765,0.8270462,-0.527359,False
1773034741984,2.402195,0.1246041,0.8904985,0.2333559,0.9289611,-0.05566752,0.5918673,0.6012227,-0.5339716,244.5484,-0.06583956,0.7000183,0.7110832,0.01517711,0.9378591,0.2016326,0.9594091,0.0150204,0.9608451,0.2050486,0.9825955,0.01367962,0.9417177,0.2103445,0.9650203,-0.005427111,-0.07931864,0.1041676,0.1310412,-0.02058953,-0.07000443,0.1212704,0.1415311,-0.002425829,-0.07199007,0.110665,0.1320424,0,0,0,0,0,0,0,0,0,1,0,0,-0.0724538,0.5859323,0.1071212,0.6000342,0.2693347,-0.01319967,0.9181631,0.2902776,146.2509,0.2814534,-0.01379359,0.9594757,-0.02750102,0.653844,0.2044709,0.6856214,0.01288119,0.6214226,0.2331966,0.6638619,0.02251163,0.6280153,0.1954594,0.6581143,0.05709153,-0.07207401,0.09857553,0.1348007,0.02486634,-0.06259076,0.1517491,0.1660232,0.001398621,-0.07923041,0.1212144,0.1448184,0,0,0,0,0,0,0,0,0,1,0,0,0.02591146,0.9470049,0.2161214,0.9716986,0.07614028,0.3067718,0.6010613,-0.734043,274.4528,0.1121189,0.4517308,0.8850811,0.02408854,0.05299509,0.08387858,0.1020997,0.3047935,-0.4254462,0.4359708,-0.7321382,274.1319,0.4474648,-0.624594,0.6400451,-0.01498368,1.053698,-0.01966715,1.053988,0.01283303,0.06183631,-0.03893228,0.9972442,8.509282,0.1729765,0.8334922,-0.5247686,False
1773034741997,2.416184,0.1243659,0.8903556,0.2317297,0.928385,-0.02800146,0.5842034,0.6145771,-0.5293556,243.9238,-0.03300502,0.6885943,0.7243953,0.0165312,0.9443769,0.2036624,0.9662294,0.0175688,0.966649,0.2071199,0.9887455,0.01548935,0.9471617,0.212595,0.9708511,-0.006456562,-0.07911669,0.1048596,0.1315168,-0.02095925,-0.06994157,0.1215842,0.1418233,-0.002451942,-0.07198814,0.1106146,0.1319996,0,0,0,0,0,0,0,0,0,1,0,0,-0.07247681,0.5858778,0.1070953,0.5999792,0.2693416,-0.0132228,0.9182503,0.2899943,146.2848,0.2814353,-0.01381652,0.9594808,-0.02756632,0.6537834,0.2044642,0.6855642,0.01281554,0.6214171,0.23317,0.6638461,0.0224622,0.6279857,0.1954693,0.6580872,0.05708584,-0.07206351,0.09858137,0.134797,0.02488585,-0.0626065,0.1517246,0.1660097,0.001403029,-0.07921882,0.1212378,0.1448316,0,0,0,0,0,0,0,0,0,1,0,0,0.02814322,0.9518416,0.2179127,0.9768727,0.09676618,0.292097,0.61769,-0.7237228,272.7254,0.1402224,0.4232733,0.8950852,0.02185678,0.04815841,0.08208731,0.09764875,0.3003393,-0.4185163,0.4119606,-0.7516176,277.4614,0.4553361,-0.634501,0.624562,-0.01493439,1.054098,-0.01932817,1.054381,0.01074454,0.06159336,-0.03774583,0.9973295,8.376503,0.1471179,0.843357,-0.5168285,False
1773034742010,2.430046,0.1241319,0.8902215,0.2296323,0.9277036,-0.004597127,0.5771676,0.6247584,-0.5258645,243.4529,-0.005404771,0.6785669,0.7345188,0.01791563,0.9496341,0.2047407,0.9716197,0.01981243,0.9714811,0.2082236,0.993743,0.01722236,0.9514681,0.2137572,0.975336,-0.007278978,-0.0788794,0.1055041,0.131932,-0.02132425,-0.06979226,0.1221253,0.1422683,-0.002482201,-0.0719798,0.1105461,0.1319383,0,0,0,0,0,0,0,0,0,1,0,0,-0.07237787,0.5859511,0.1069969,0.6000214,0.2691274,-0.01322898,0.9183124,0.2899963,146.2845,0.2812117,-0.01382299,0.9595463,-0.02750849,0.6538674,0.2043693,0.6856136,0.01284491,0.6215432,0.2330813,0.6639336,0.02252085,0.6280594,0.1954257,0.6581466,0.05707885,-0.07206443,0.09857565,0.1347903,0.02490435,-0.06263331,0.1516894,0.1659904,0.001407223,-0.07920481,0.1212565,0.1448396,0,0,0,0,0,0,0,0,0,1,0,0,0.03017154,0.9556548,0.2186702,0.9808176,0.1144321,0.2793714,0.6305037,-0.7150679,271.2975,0.1636954,0.3996416,0.9019371,0.01982846,0.0443452,0.08132982,0.09473228,0.2966581,-0.4115538,0.3919549,-0.7674562,280.252,0.4627318,-0.6419479,0.6113772,-0.01506155,1.054395,-0.01925632,1.054679,0.009210633,0.06152277,-0.03669412,0.9973885,8.283401,0.1275295,0.8518381,-0.508063,False
1773034742025,2.443763,0.1234166,0.8908035,0.2263259,0.9273542,0.02615446,0.5655378,0.6326578,-0.5284194,243.7975,0.03080679,0.6661353,0.7451945,0.01795153,0.953811,0.2068138,0.9761402,0.02117929,0.9770845,0.2103536,0.9996956,0.01839072,0.9562699,0.2156391,0.9804543,-0.006529927,-0.07920386,0.1055357,0.1321123,-0.02146295,-0.06932699,0.1233206,0.1430904,-0.002491779,-0.07191268,0.1105778,0.1319284,0,0,0,0,0,0,0,0,0,1,0,0,-0.07214967,0.5858042,0.1069139,0.5998356,0.2686793,-0.01325314,0.9184172,0.2900789,146.2746,0.2807508,-0.01384859,0.9596809,-0.02737308,0.6537404,0.204313,0.6854703,0.0129519,0.621438,0.233073,0.6638343,0.02267609,0.6278955,0.1954573,0.6580049,0.05709124,-0.07205547,0.09857286,0.1347888,0.02492845,-0.06264105,0.1516866,0.1659945,0.001412034,-0.07917383,0.1213,0.1448592,0,0,0,0,0,0,0,0,0,1,0,0,0.03171231,0.9599228,0.219763,0.9852681,0.1400624,0.260449,0.6403348,-0.7088866,270.2888,0.1985793,0.3692622,0.9078611,0.01828769,0.04007721,0.08023699,0.09153467,0.2953278,-0.3950197,0.3700176,-0.7872916,283.8662,0.4789765,-0.6406617,0.600112,-0.01515504,1.054518,-0.01927636,1.054803,0.008281127,0.06171983,-0.03574955,0.9974187,8.235314,0.1153284,0.859551,-0.4978718,False
1773034742039,2.457745,0.122091,0.8917501,0.2229409,0.9272686,0.06133306,0.5534713,0.639817,-0.5296623,243.9653,0.07230894,0.6525179,0.7543157,0.01758569,0.9586255,0.2088858,0.9812774,0.02251291,0.983341,0.2119293,1.006171,0.01945449,0.9626201,0.2178306,0.9871505,-0.005360132,-0.08002393,0.1056117,0.1326137,-0.02147777,-0.06948194,0.1244782,0.1441661,-0.002488397,-0.07169586,0.1114924,0.1325784,0,0,0,0,0,0,0,0,0,1,0,0,-0.07213981,0.5857918,0.1069052,0.5998207,0.2687539,-0.01331292,0.9185181,0.2896871,146.3216,0.280794,-0.01390934,0.9596673,-0.02738072,0.6537228,0.2042985,0.6854496,0.012942,0.6214525,0.2330783,0.6638495,0.02267636,0.6279031,0.1955076,0.6580272,0.05705238,-0.07207334,0.09856278,0.1347745,0.02493407,-0.0626494,0.1516899,0.1660015,0.001413165,-0.07916111,0.1213562,0.1448993,0,0,0,0,0,0,0,0,0,1,0,0,0.03343502,0.9649972,0.2206597,0.9904687,0.1695433,0.2407505,0.6504535,-0.7001461,268.8774,0.2374557,0.3371858,0.9109999,0.01656498,0.03500277,0.07934035,0.08828638,0.291322,-0.3760985,0.3455882,-0.8088574,287.9689,0.4954413,-0.6396177,0.5877301,-0.01522543,1.054658,-0.01930715,1.054945,0.007597029,0.0617731,-0.0349123,0.9974506,8.184267,0.1064598,0.8656483,-0.4892384,False
1773034742053,2.471635,0.120809,0.8913704,0.2218743,0.9264795,0.08457586,0.5336993,0.6604824,-0.5213205,242.8418,0.09910912,0.6254085,0.7739777,0.019255,0.9638677,0.2139042,0.9875053,0.02653787,0.9892358,0.2168909,1.013081,0.02189258,0.9700435,0.2233748,0.9956706,-0.00404024,-0.0805153,0.1055179,0.1327896,-0.02146216,-0.06948348,0.1247678,0.1444146,-0.002482767,-0.07138658,0.1136591,0.1342408,0,0,0,0,0,0,0,0,0,1,0,0,-0.07212813,0.5857115,0.1069335,0.5997459,0.2686177,-0.01293789,0.9184618,0.290009,146.283,0.2806802,-0.01351888,0.9597062,-0.02736611,0.6537094,0.2042775,0.6854299,0.01294602,0.6214896,0.2330578,0.6638772,0.02268575,0.6278572,0.1954766,0.6579745,0.05707655,-0.07205117,0.09856352,0.1347734,0.02496317,-0.06266909,0.1516577,0.1659838,0.001413458,-0.07914453,0.1213297,0.144868,0,0,0,0,0,0,0,0,0,1,0,0,0.03677296,0.9698585,0.2246665,0.9962192,0.1815012,0.2144795,0.6706585,-0.6864934,266.7064,0.249611,0.2949648,0.9223288,0.01322704,0.03014153,0.07533354,0.08221076,0.2955327,-0.3728281,0.3108791,-0.8228087,290.7339,0.5200123,-0.6560194,0.5470154,-0.01525,1.054735,-0.01933957,1.055022,0.007045629,0.06197711,-0.03420986,0.9974662,8.159056,0.09903765,0.871188,-0.4808746,False
1773034742067,2.485535,0.1197582,0.8910943,0.2208248,0.9258265,0.1035819,0.5182247,0.6750614,-0.5147874,241.9665,0.1208209,0.6044721,0.7874109,0.02080284,0.9676794,0.2175413,0.9920486,0.02996222,0.9935114,0.220414,1.018108,0.02406932,0.9758441,0.2275714,1.002317,-0.003009207,-0.08093566,0.1054211,0.1329407,-0.02144061,-0.06947937,0.1250592,0.1446612,-0.002487752,-0.0712528,0.1157494,0.1359451,0,0,0,0,0,0,0,0,0,1,0,0,-0.07211904,0.5856247,0.1069702,0.5996667,0.2683958,-0.01220225,0.9183314,0.2906584,146.2053,0.2805061,-0.01275283,0.9597676,-0.02732008,0.6537555,0.2042047,0.6854504,0.01297275,0.6215966,0.2330027,0.6639585,0.02271536,0.6278418,0.1953968,0.657937,0.05710817,-0.07202467,0.09856512,0.1347738,0.02499534,-0.0626898,0.1516206,0.1659626,0.00141288,-0.07912778,0.1212908,0.1448263,0,0,0,0,0,0,0,0,0,1,0,0,0.03962955,0.9733492,0.2274411,1.000354,-0.1919225,-0.1941734,-0.6851446,0.6753069,95.04403,-0.2602209,-0.2632728,-0.9289632,0.01037045,0.02665079,0.07255895,0.07799111,-0.2978419,0.3688355,-0.2840082,0.8334207,67.09653,-0.5389445,0.6674073,-0.5139124,-0.0153876,1.054981,-0.01929344,1.05527,0.006986003,0.06251312,-0.03403417,0.9974392,8.202528,0.09767976,0.8740715,-0.4758729,False
1773034742081,2.499622,0.1173612,0.8918893,0.2199727,0.9260822,0.1474112,0.509185,0.6731067,-0.515682,242.0861,0.1720526,0.5943007,0.7856237,0.02190227,0.9736979,0.2194961,0.9983716,0.03135879,0.9997644,0.2227682,1.024762,0.02598242,0.9812043,0.2302658,1.008196,-0.004584845,-0.08149281,0.105668,0.1335209,-0.02139838,-0.06976389,0.1270946,0.1465535,-0.002486197,-0.07133073,0.115939,0.1361474,0,0,0,0,0,0,0,0,0,1,0,0,-0.07220071,0.5855913,0.1070072,0.5996504,0.2686305,-0.01202643,0.9183017,0.2905428,146.2191,0.2807411,-0.01256861,0.9597012,-0.02738598,0.6537485,0.20422,0.6854509,0.01292311,0.6216031,0.2330402,0.6639768,0.02266709,0.6278558,0.1953778,0.6579431,0.05712744,-0.07201426,0.09856624,0.1347772,0.02504136,-0.06266678,0.1516539,0.1659913,0.001419994,-0.07913375,0.1212889,0.1448281,0,0,0,0,0,0,0,0,0,1,0,0,0.04149449,0.9778599,0.229113,1.005199,-0.2316631,-0.178084,-0.6892661,0.6629711,96.94628,-0.3094432,-0.237875,-0.9206848,0.008505512,0.02214009,0.07088706,0.0747496,-0.2848425,0.3410011,-0.2613688,0.8568953,62.0605,-0.5525659,0.661508,-0.5070292,-0.01546471,1.055072,-0.01927884,1.055362,0.006470231,0.06297766,-0.03386249,0.9974194,8.234268,0.09012015,0.8771799,-0.4716512,False
1773034742094,2.513227,0.1149896,0.8926786,0.2189461,0.9263018,0.1793798,0.5004811,0.6725178,-0.5148411,241.9737,0.2092416,0.5837975,0.7844735,0.02264239,0.9785956,0.2203725,1.003357,0.03256509,1.00481,0.2242215,1.030038,0.02728225,0.9856595,0.2318887,1.012937,-0.005884851,-0.08195078,0.1058177,0.1339699,-0.02134582,-0.06989866,0.1285902,0.1479084,-0.002477306,-0.07144605,0.1162197,0.1364467,0,0,0,0,0,0,0,0,0,1,0,0,-0.07223896,0.5854377,0.1070528,0.5995132,0.268758,-0.01186006,0.9183456,0.2902926,146.2491,0.2808521,-0.01239376,0.959671,-0.02743043,0.6536326,0.204244,0.6853492,0.01288694,0.6215068,0.2330887,0.6639029,0.02265808,0.6277649,0.1954265,0.6578706,0.05712504,-0.07201862,0.09856651,0.1347787,0.02506699,-0.06264976,0.1516761,0.166009,0.001418902,-0.07914346,0.1213356,0.1448725,0,0,0,0,0,0,0,0,0,1,0,0,0.0427577,0.981513,0.2299567,1.008998,-0.2597265,-0.1644587,-0.6927902,0.6523322,98.56466,-0.3426773,-0.2169831,-0.9140518,0.007242303,0.01848698,0.07004334,0.07280308,-0.2758468,0.3210098,-0.2424101,0.8729826,58.38578,-0.5655482,0.6581425,-0.4969953,-0.01552726,1.055138,-0.0192375,1.055427,0.005676954,0.06327119,-0.033839,0.9974064,8.254981,0.07887293,0.8790601,-0.4701431,False
1773034742108,2.527152,0.1120333,0.8927816,0.2212608,0.9265888,0.220909,0.4942548,0.6655499,-0.5137653,241.8299,0.2574905,0.5761009,0.7757618,0.023041,0.9820545,0.2251601,1.007799,0.03405001,1.009047,0.2273027,1.034892,0.02873921,0.9897088,0.2357231,1.017799,-0.005419934,-0.08192798,0.1058214,0.1339393,-0.02131865,-0.06992562,0.129631,0.148823,-0.002474209,-0.07149956,0.1163634,0.136597,0,0,0,0,0,0,0,0,0,1,0,0,-0.07214104,0.5853703,0.106981,0.5994228,0.2686145,-0.01178837,0.9184174,0.2902012,146.26,0.280694,-0.01231849,0.9597183,-0.02737641,0.6536072,0.2041711,0.6853012,0.01292668,0.6214837,0.2330797,0.6638789,0.02272188,0.6277561,0.1953614,0.657845,0.0571338,-0.07203095,0.09856151,0.1347854,0.02510488,-0.06263588,0.1517095,0.16604,0.001424877,-0.07916284,0.1213213,0.1448711,0,0,0,0,0,0,0,0,0,1,0,0,0.04397085,0.9847639,0.2329655,1.0129,-0.2983014,-0.153052,-0.6928768,0.6383677,100.6596,-0.3875395,-0.1988381,-0.9001537,0.006029155,0.01523608,0.06703451,0.06900807,-0.2589828,0.2931091,-0.2234869,0.8927871,53.54885,-0.5749053,0.6506608,-0.4961093,-0.01554361,1.055281,-0.0192356,1.055571,0.004937492,0.06340705,-0.03380696,0.9974028,8.260578,0.06855267,0.8803503,-0.4693795,False
1773034742121,2.541116,0.1079633,0.8926001,0.2242377,0.9266464,0.2603494,0.4807727,0.662859,-0.5115601,241.5356,0.302997,0.5595276,0.7714413,0.02337086,0.9858824,0.2314586,1.012958,0.03602237,1.013461,0.2331157,1.04055,0.03014874,0.9935853,0.2413717,1.022928,-0.005327404,-0.08199462,0.1058018,0.1339609,-0.02096869,-0.06928512,0.1310089,0.1496778,-0.002470118,-0.07152187,0.1163729,0.1366167,0,0,0,0,0,0,0,0,0,1,0,0,-0.07223846,0.585286,0.1070677,0.5993677,0.2688474,-0.01155199,0.9184371,0.2899327,146.2921,0.2809135,-0.01207045,0.9596573,-0.02745348,0.6535753,0.2042149,0.6852869,0.01286251,0.6214978,0.2331184,0.6639045,0.02265397,0.6277483,0.1954018,0.6578472,0.05712686,-0.07204584,0.09855835,0.1347881,0.02513028,-0.0626497,0.1517021,0.1660423,0.001426784,-0.07916778,0.1213363,0.1448864,0,0,0,0,0,0,0,0,0,1,0,0,0.04495404,0.9878727,0.2377731,1.017079,-0.3325039,-0.1344087,-0.6949152,0.6232722,102.889,-0.4251941,-0.1718771,-0.8886328,0.005045962,0.01212734,0.06222692,0.06359814,-0.2477465,0.2665881,-0.1985312,0.9100209,48.98352,-0.5976095,0.6430589,-0.4788935,-0.01554259,1.055447,-0.01925544,1.055737,0.004327021,0.06370071,-0.03354213,0.9973958,8.27176,0.05999587,0.8832358,-0.465075,False
1773034742135,2.554925,0.1040706,0.8922527,0.2287437,0.9269677,0.2936484,0.4710456,0.6606072,-0.5054551,240.7231,0.3403227,0.5459165,0.7656081,0.02398048,0.9893053,0.2375567,1.01771,0.03965053,1.019601,0.2397734,1.048165,0.03154535,0.9969237,0.2468498,1.027515,-0.005304021,-0.08195473,0.1058429,0.133968,-0.02112438,-0.06692662,0.1348547,0.1520237,-0.002483423,-0.07152024,0.1163594,0.1366047,0,0,0,0,0,0,0,0,0,1,0,0,-0.07223216,0.5852974,0.1070741,0.5993792,0.2688499,-0.01157501,0.9184358,0.2899335,146.2921,0.2809162,-0.01209451,0.9596561,-0.02744424,0.6535891,0.2042165,0.6853002,0.01284573,0.6215208,0.2331512,0.6639372,0.02268443,0.6277357,0.1954679,0.6578559,0.05712464,-0.07205501,0.09855103,0.1347867,0.0251698,-0.06264944,0.1517089,0.1660544,0.001428936,-0.07915693,0.1214042,0.1449374,0,0,0,0,0,0,0,0,0,1,0,0,0.04589172,0.9904895,0.2427069,1.020824,-0.3606061,-0.1210166,-0.6978485,0.6068985,105.2688,-0.4537185,-0.1522644,-0.8780405,0.00410828,0.009510458,0.0572931,0.05822222,-0.234715,0.2466235,-0.1763152,0.9235794,45.08982,-0.6121815,0.643241,-0.4598636,-0.01551762,1.055589,-0.01928534,1.055879,0.003856794,0.06385202,-0.03350565,0.9973893,8.282078,0.05340932,0.8842301,-0.4639901,False
1773034742150,2.568995,0.1001476,0.8934614,0.2280812,0.9275364,0.3294205,0.447829,0.6497433,-0.5184256,242.4534,0.3852318,0.5237014,0.7598246,0.02302954,0.9921641,0.2430957,1.021771,0.0401902,1.023168,0.2443695,1.052713,0.03158082,0.9996056,0.2516118,1.03127,-0.005359364,-0.08194298,0.1058681,0.133983,-0.02109317,-0.06598273,0.1361333,0.1527447,-0.002509413,-0.07145577,0.1162914,0.1365134,0,0,0,0,0,0,0,0,0,1,0,0,-0.07216337,0.5853287,0.1069894,0.5993863,0.2687658,-0.01151431,0.9184684,0.2899106,146.2948,0.2808263,-0.01203099,0.9596833,-0.02741785,0.653627,0.2041516,0.6853159,0.01288296,0.6215753,0.2331123,0.6639753,0.02273139,0.6278045,0.195382,0.6578977,0.05714726,-0.07202801,0.09856309,0.1347907,0.02519695,-0.06263462,0.1517398,0.1660812,0.001437751,-0.07916863,0.1213911,0.1449329,0,0,0,0,0,0,0,0,0,1,0,0,0.045309,0.9929159,0.2462959,1.02401,-0.395019,-0.09314463,-0.686348,0.6034986,105.7582,-0.4954061,-0.1168157,-0.8607712,0.004691005,0.007084131,0.05370416,0.05437212,-0.2362309,0.2066519,-0.1577712,0.9362683,41.13195,-0.6724751,0.5882731,-0.4491251,-0.01550586,1.055696,-0.01932177,1.055987,0.003303058,0.06417911,-0.03360413,0.997367,8.317377,0.04554735,0.8849944,-0.4633823,False
1773034742163,2.582645,0.09456575,0.8930076,0.2286825,0.9266612,0.3751754,0.4258468,0.6359611,-0.522926,243.0574,0.4401512,0.4995984,0.7461019,0.02269751,0.9948539,0.248023,1.025556,0.0409106,1.024887,0.2466054,1.054932,0.03293148,1.003719,0.2563077,1.036451,-0.0053341,-0.08186989,0.1059095,0.1339699,-0.0210654,-0.06593179,0.1357821,0.1524058,-0.002335425,-0.07070546,0.1181801,0.1377362,0,0,0,0,0,0,0,0,0,1,0,0,-0.07208771,0.5853676,0.1068966,0.5993986,0.2686597,-0.01145998,0.9185029,0.2899021,146.2958,0.2807146,-0.01197419,0.9597167,-0.02739136,0.6536689,0.2040852,0.685335,0.01292361,0.6216325,0.233073,0.6640158,0.02277962,0.6278829,0.195286,0.6579456,0.05717407,-0.07199496,0.09857819,0.1347954,0.02522345,-0.06261672,0.1517758,0.1661113,0.001447745,-0.07918301,0.1213704,0.1449235,0,0,0,0,0,0,0,0,0,1,0,0,0.04512871,0.9948519,0.2490282,1.026539,-0.4373649,-0.06695885,-0.6759005,0.5893956,107.7717,-0.5413974,-0.08288582,-0.8366715,0.004871294,0.005148053,0.05097178,0.05146216,-0.2265474,0.1636658,-0.1326702,0.9509409,36.04289,-0.7322794,0.5290244,-0.4288358,-0.01549257,1.05579,-0.01936257,1.056081,0.002980726,0.06442583,-0.03335325,0.9973605,8.327637,0.04105211,0.8873062,-0.4593583,False
1773034742178,2.596614,0.08970124,0.8926802,0.2292133,0.925993,0.4049362,0.4106132,0.6261621,-0.5247328,243.3005,0.4756865,0.4823554,0.7355649,0.0217132,0.9966096,0.2511227,1.027991,0.04043335,1.025763,0.2477729,1.056038,0.03339962,1.00654,0.2591016,1.03989,-0.005237549,-0.08175915,0.1059568,0.133936,-0.02103798,-0.06587105,0.1353602,0.1519999,-0.002218197,-0.06990155,0.1196451,0.1385861,0,0,0,0,0,0,0,0,0,1,0,0,-0.0719045,0.5852638,0.1068735,0.5992711,0.2683916,-0.01172969,0.918519,0.2900884,146.2735,0.2804511,-0.01225673,0.9597901,-0.02726392,0.6535291,0.204103,0.6852019,0.01303843,0.6214685,0.2331231,0.6638821,0.02294097,0.6277059,0.1953642,0.6578056,0.0571951,-0.07198898,0.09855923,0.1347873,0.02523706,-0.06262333,0.15178,0.1661197,0.0014486,-0.07918218,0.121406,0.1449528,0,0,0,0,0,0,0,0,0,1,0,0,0.04406138,0.9960686,0.2506163,1.028058,-0.4646143,-0.04948143,-0.6682963,0.5788483,109.2608,-0.5697746,-0.060681,-0.8195578,0.005938623,0.003931403,0.04938376,0.04989468,-0.2196742,0.1352668,-0.1155021,0.9592214,32.83761,-0.7771775,0.4785556,-0.4086307,-0.01565409,1.055872,-0.01930348,1.056164,0.002446496,0.06482024,-0.033488,0.9973319,8.372668,0.03351341,0.8879424,-0.4587366,False
1773034742191,2.610397,0.08539285,0.8927564,0.2336047,0.9267562,0.4525838,0.3882293,0.5982252,-0.5353248,244.7319,0.5358264,0.4596353,0.7082552,0.02214103,0.9991555,0.257618,1.03207,0.04034334,1.026879,0.253854,1.058561,0.03697981,1.012811,0.2673448,1.048154,-0.007100794,-0.08131643,0.1061596,0.1339128,-0.01977102,-0.06575351,0.1353817,0.1517979,-0.001676267,-0.06771043,0.1248908,0.1420747,0,0,0,0,0,0,0,0,0,1,0,0,-0.07205168,0.5854152,0.1069551,0.5994513,0.2687095,-0.0117464,0.9184549,0.2899962,146.2845,0.2807751,-0.01227384,0.9596951,-0.02733678,0.6536679,0.2041411,0.6853485,0.01296576,0.6216102,0.2331481,0.6640221,0.02284438,0.6278247,0.1954202,0.6579322,0.05716306,-0.07201428,0.09853892,0.1347724,0.02523439,-0.06263819,0.1517656,0.1661118,0.001445664,-0.07916167,0.1214299,0.1449617,0,0,0,0,0,0,0,0,0,1,0,0,0.04380788,0.9975871,0.2562199,1.030897,-0.512898,-0.02498879,-0.6438243,0.5672756,110.8791,-0.6228057,-0.03034358,-0.781788,0.006192118,0.002412915,0.04378015,0.04428167,-0.2074634,0.07962391,-0.09813526,0.9700457,28.11825,-0.8540295,0.3277743,-0.4039768,-0.01592955,1.055981,-0.01917467,1.056275,0.00181537,0.06513007,-0.03340107,0.997316,8.397613,0.02479425,0.8895441,-0.4561906,False
1773034742205,2.624344,0.08259758,0.8930064,0.2350017,0.9270969,0.4864119,0.3593522,0.593987,-0.5305177,244.0809,0.5738196,0.4239274,0.7007258,0.0275019,1.002441,0.2627598,1.036671,0.04629351,1.029403,0.2570292,1.062016,0.04320263,1.015672,0.2707439,1.052026,-0.006455452,-0.08074923,0.1060164,0.1334226,-0.01960912,-0.06577204,0.1353074,0.1517188,-0.001664271,-0.06767981,0.1248218,0.1419993,0,0,0,0,0,0,0,0,0,1,0,0,-0.07208034,0.5854053,0.106933,0.5994411,0.2688141,-0.01179856,0.9185234,0.2896804,146.3224,0.2808563,-0.0123271,0.9596706,-0.02739191,0.6536504,0.204136,0.6853325,0.01290879,0.621635,0.233143,0.6640424,0.02280157,0.6278446,0.1954196,0.6579495,0.05715977,-0.07201351,0.09854093,0.134772,0.02527227,-0.06264581,0.1517635,0.1661185,0.001456457,-0.07916123,0.1214471,0.1449759,0,0,0,0,0,0,0,0,0,1,0,0,0.0483798,1.00009,0.2593419,1.034301,-0.5387057,0.006068334,-0.6399313,0.5479482,113.5473,-0.6439903,0.007254328,-0.7649994,0.001620196,-9.024143E-05,0.04065812,0.04069049,-0.2041118,0.04997202,-0.06498457,0.9755093,25.41323,-0.9279547,0.2271881,-0.2954397,-0.01607655,1.056115,-0.01909502,1.05641,0.001178377,0.06525157,-0.03328274,0.997313,8.402369,0.01608511,0.8906987,-0.4543169,False
1773034742220,2.638336,0.0791218,0.8919293,0.2395236,0.926914,0.5121379,0.3392263,0.595386,-0.5178377,242.3746,0.5986564,0.3965338,0.695968,0.03124095,1.004167,0.2683045,1.039863,0.05120025,1.030375,0.2608667,1.064117,0.04754484,1.016552,0.2747314,1.054095,-0.005801308,-0.08073037,0.105729,0.1331528,-0.01959532,-0.06579502,0.1352779,0.1517006,-0.001726866,-0.0679716,0.1241693,0.1415667,0,0,0,0,0,0,0,0,0,1,0,0,-0.07208514,0.5852429,0.1070141,0.5992976,0.2688136,-0.01185021,0.9185396,0.2896269,146.3288,0.280851,-0.01238085,0.9596716,-0.02740615,0.653461,0.2042344,0.6851817,0.01289234,0.6214837,0.2332132,0.6639251,0.02276874,0.6276985,0.1954815,0.6578273,0.05715316,-0.07199603,0.09855088,0.1347672,0.02527601,-0.06266398,0.1517408,0.1661052,0.001467725,-0.07917058,0.1214068,0.1449474,0,0,0,0,0,0,0,0,0,1,0,0,0.05181455,1.00105,0.2635474,1.036457,-0.5555009,0.02742052,-0.6433836,0.5260462,116.5226,-0.6531801,0.03224214,-0.756516,-0.001814548,-0.001050353,0.03645259,0.03651284,-0.1967898,0.03482363,-0.03444367,0.9792216,23.40073,-0.9703942,0.1717196,-0.1698459,-0.01614917,1.056267,-0.01902851,1.056562,0.0004272172,0.06549951,-0.03299852,0.9973068,8.41206,0.005824919,0.8930571,-0.4499203,False
1773034742233,2.652225,0.07598008,0.892379,0.2416951,0.9276474,0.5345312,0.3206573,0.5897613,-0.5134559,241.7886,0.6229126,0.373676,0.6872745,0.03244858,1.005728,0.2720864,1.042388,0.05304819,1.031304,0.2629364,1.065616,0.04943553,1.017356,0.2768122,1.055501,-0.005225293,-0.08151085,0.1048809,0.1329335,-0.0195321,-0.06635731,0.1344894,0.1512355,-0.001872959,-0.06855511,0.1228836,0.1407256,0,0,0,0,0,0,0,0,0,1,0,0,-0.07210721,0.5851708,0.107083,0.5992421,0.2689082,-0.0117659,0.9186547,0.2891773,146.3826,0.28091,-0.01229102,0.9596555,-0.027445,0.6534117,0.2042869,0.685152,0.01285225,0.6214899,0.2332663,0.6639488,0.02272786,0.6277182,0.1955441,0.6578634,0.05711586,-0.07201256,0.09855143,0.1347606,0.02528271,-0.06267761,0.1517291,0.1661006,0.001471397,-0.07918802,0.1214099,0.1449596,0,0,0,0,0,0,0,0,0,1,0,0,0.0535339,1.002563,0.2659011,1.038606,-0.572921,0.04652824,-0.6385401,0.5117257,118.4423,-0.6668472,0.0541562,-0.7432241,-0.003533904,-0.002562881,0.03409889,0.03437719,-0.1923599,0.01411618,-0.013348,0.9811322,22.29537,-0.9949378,0.07301271,-0.06903949,-0.01622423,1.056388,-0.01895259,1.056682,-8.84479E-05,0.06563362,-0.03285021,0.9973029,8.418017,-0.001205094,0.8942518,-0.4475809,False
1773034742246,2.665993,0.07409571,0.8924894,0.2429612,0.927932,0.5516224,0.3091994,0.5837874,-0.5092159,241.2232,0.6409453,0.3592673,0.6783187,0.03424741,1.006918,0.2736978,1.044015,0.05437949,1.031838,0.2633162,1.066293,0.05082995,1.017755,0.2772126,1.056056,-0.004876722,-0.08141969,0.1047538,0.1327641,-0.01943788,-0.06688003,0.1340068,0.1510251,-0.001973802,-0.06903023,0.1219186,0.1401186,0,0,0,0,0,0,0,0,0,1,0,0,-0.07213131,0.5850954,0.1071574,0.5991847,0.2691021,-0.01157092,0.9188997,0.2882252,146.4965,0.2810282,-0.01208372,0.9596235,-0.02753583,0.6533945,0.2043426,0.6851557,0.01279367,0.6215674,0.233313,0.6640367,0.02265617,0.6278269,0.195601,0.6579815,0.05707199,-0.07203292,0.09855252,0.1347537,0.02528702,-0.06269234,0.1517159,0.1660948,0.001474554,-0.07920888,0.1214129,0.1449735,0,0,0,0,0,0,0,0,0,1,0,0,0.05494145,1.003429,0.2665363,1.039678,-0.5868074,0.05798903,-0.6341288,0.5001751,119.9768,-0.6776659,0.06696779,-0.7323143,-0.004941449,-0.003428936,0.03346369,0.03399991,-0.1863125,-0.001307451,0.0008208941,0.9824894,21.47602,-0.9999681,-0.007017293,0.004405865,-0.01631707,1.056496,-0.01886071,1.05679,-0.0003673206,0.06569353,-0.03254459,0.9973089,8.408707,-0.005010254,0.89606,-0.4439084,False
1773034742260,2.680029,0.0721067,0.8925754,0.2442175,0.9281877,0.5670855,0.2982272,0.5782313,-0.5050971,240.6756,0.6570619,0.3455453,0.6699762,0.03576195,1.007904,0.2751834,1.045407,0.0554004,1.032301,0.2637676,1.066906,0.05204456,1.018306,0.2777403,1.056786,-0.004563433,-0.08130145,0.1046117,0.1325683,-0.01933866,-0.06738047,0.133617,0.1508894,-0.002027762,-0.06941538,0.1213676,0.139831,0,0,0,0,0,0,0,0,0,1,0,0,-0.07216032,0.5852383,0.1071766,0.5993311,0.2691928,-0.01165195,0.9189932,0.2878386,146.5428,0.2810887,-0.01216686,0.9596047,-0.0275865,0.6535525,0.2043635,0.6853148,0.01273693,0.6217446,0.2333333,0.6642085,0.02259233,0.6280332,0.1956062,0.6581777,0.05705602,-0.07206854,0.09853836,0.1347556,0.02530247,-0.06270984,0.1516989,0.1660882,0.001484857,-0.07923455,0.121379,0.1449593,0,0,0,0,0,0,0,0,0,1,0,0,0.0560322,1.004136,0.267156,1.040577,-0.5992178,0.06882983,-0.6298956,0.489318,121.4085,-0.6870933,0.07892374,-0.72227,-0.006032195,-0.004135609,0.03284401,0.03364847,-0.1809119,-0.01548184,0.01411141,0.9832763,20.98661,-0.9933622,-0.08500865,0.0774838,-0.01642037,1.056547,-0.01879833,1.056842,-0.0005038304,0.06586618,-0.03241277,0.9973018,8.419786,-0.006863198,0.8972316,-0.441528,False
1773034742273,2.693784,0.06760316,0.8912894,0.2483094,0.9276986,0.5840136,0.2848945,0.5748192,-0.4973391,239.6482,0.6731709,0.3283874,0.6625729,0.03538435,1.007923,0.2787812,1.046365,0.05594214,1.032324,0.2667904,1.067707,0.05246201,1.018012,0.2808291,1.057339,-0.004756253,-0.08163641,0.1042842,0.1325229,-0.01924811,-0.0675491,0.134318,0.1515741,-0.002033135,-0.0694568,0.1213943,0.1398748,0,0,0,0,0,0,0,0,0,1,0,0,-0.07224608,0.585237,0.1071774,0.5993404,0.2691895,-0.01132214,0.9189123,0.2881128,146.51,0.2811095,-0.0118235,0.9596029,-0.02762261,0.6536072,0.2043108,0.6853527,0.01267809,0.6218148,0.2333112,0.6642654,0.02257334,0.6280789,0.1955845,0.6582143,0.05705917,-0.07206757,0.09854697,0.1347627,0.02533191,-0.06270438,0.1517112,0.1661019,0.001488568,-0.07926112,0.1214207,0.1450087,0,0,0,0,0,0,0,0,0,1,0,0,0.05569572,1.003561,0.2702987,1.040816,-0.6112303,0.08197985,-0.6280053,0.4746433,123.3278,-0.6944392,0.09314004,-0.7134978,-0.005695723,-0.003561139,0.02970135,0.03045149,-0.1747202,-0.02848238,0.03223958,0.983678,20.73232,-0.9710014,-0.1582898,0.1791704,-0.01651254,1.056502,-0.01874116,1.056797,-0.0003583792,0.06602957,-0.03231486,0.9972942,8.431686,-0.004874986,0.8981916,-0.4395748,False
1773034742289,2.70779,0.06522207,0.8892856,0.2520304,0.9266078,0.5894682,0.2852158,0.575325,-0.4900821,238.6919,0.6762466,0.3272038,0.6600214,0.03428614,1.006851,0.2803568,1.045717,0.05521874,1.030725,0.2685525,1.066566,0.05157661,1.016606,0.2827934,1.056466,-0.00537044,-0.08165289,0.1043022,0.1325707,-0.01925364,-0.06756206,0.1343524,0.151611,-0.002031093,-0.06946662,0.1213783,0.1398657,0,0,0,0,0,0,0,0,0,1,0,0,-0.07229891,0.5852066,0.1072044,0.5993218,0.2693909,-0.01150498,0.9189295,0.2878624,146.5399,0.2812978,-0.01201349,0.9595454,-0.02767622,0.6535512,0.204358,0.6853155,0.01262693,0.6217461,0.2333722,0.6642215,0.02253672,0.6280408,0.1956304,0.6581903,0.05706217,-0.07208212,0.09853668,0.1347642,0.02536381,-0.06269367,0.1517329,0.1661225,0.001495144,-0.07927196,0.1214403,0.1450311,0,0,0,0,0,0,0,0,0,1,0,0,0.05464311,1.001984,0.2724604,1.039804,-0.6144338,0.08141518,-0.6309258,0.4666641,124.3641,-0.6947193,0.09205336,-0.7133662,-0.004643112,-0.001984,0.02753958,0.02799863,-0.1679806,-0.0278471,0.03823933,0.9846547,20.10073,-0.9625634,-0.1595697,0.2191193,-0.0165876,1.056411,-0.01868654,1.056706,-0.0005520462,0.0663821,-0.03223282,0.9972734,8.46405,-0.007480755,0.8995411,-0.4367855,False
1773034742303,2.721635,0.0641366,0.8885669,0.2536413,0.926282,0.5948794,0.2831135,0.5737723,-0.4865703,238.2308,0.6809195,0.3240615,0.6567594,0.03434414,1.006612,0.2812037,1.045716,0.05542764,1.030274,0.269174,1.066298,0.05179694,1.016228,0.2834952,1.056301,-0.005459918,-0.08167067,0.1042875,0.1325738,-0.01920993,-0.06758302,0.1344319,0.1516853,-0.002030744,-0.06943575,0.1213863,0.1398574,0,0,0,0,0,0,0,0,0,1,0,0,-0.07233478,0.5852389,0.1072133,0.5993593,0.2695101,-0.01154327,0.9189908,0.2875535,146.5769,0.281395,-0.01205231,0.9595163,-0.02770731,0.6535798,0.204361,0.6853449,0.01259176,0.6217848,0.2334001,0.6642669,0.02248029,0.6281132,0.1956287,0.6582569,0.05702988,-0.07210148,0.09853413,0.1347591,0.02537062,-0.06268758,0.1517542,0.1661407,0.001503634,-0.07927805,0.1214253,0.145022,0,0,0,0,0,0,0,0,0,1,0,0,0.0546322,1.001505,0.2732603,1.039552,-0.6184953,0.0832947,-0.6306259,0.461342,125.0525,-0.6971142,0.09388255,-0.7107867,-0.004632197,-0.001504898,0.02673969,0.02717964,-0.1640394,-0.03101114,0.04301013,0.9850277,19.85431,-0.9515267,-0.1798832,0.2494845,-0.01665612,1.056326,-0.01861974,1.056622,-0.0009687672,0.0665899,-0.0319098,0.9972696,8.469972,-0.01311854,0.9017256,-0.4321058,False
1773034742315,2.73548,0.06285231,0.8878628,0.2549181,0.9258693,0.6019026,0.2831866,0.570455,-0.4817674,237.6018,0.6868689,0.323162,0.650982,0.03399064,1.00648,0.2809615,1.045512,0.05515414,1.029825,0.2685034,1.06568,0.05280452,1.017027,0.2831631,1.057031,-0.005543,-0.08169625,0.1042597,0.1325711,-0.0191721,-0.06758858,0.1344296,0.151681,-0.001865861,-0.06870771,0.1229142,0.1408266,0,0,0,0,0,0,0,0,0,1,0,0,-0.07238124,0.5852213,0.1072139,0.5993478,0.2696197,-0.01166221,0.9189678,0.2875193,146.581,0.2815064,-0.01217636,0.9594821,-0.0277259,0.653532,0.2043662,0.6853016,0.01255286,0.6217377,0.233414,0.6642269,0.02245337,0.6280618,0.1956507,0.6582135,0.05701503,-0.07210976,0.09853237,0.1347559,0.02539183,-0.06268754,0.1517599,0.1661492,0.001507606,-0.07927307,0.1214498,0.1450398,0,0,0,0,0,0,0,0,0,1,0,0,0.05421979,1.00113,0.2729794,1.039095,-0.6244655,0.08275045,-0.6297782,0.4545049,125.9338,-0.7010604,0.09290034,-0.7070248,-0.004219793,-0.001130223,0.02702063,0.02737149,-0.1567831,-0.03473012,0.04702965,0.9859013,19.26507,-0.936977,-0.2075564,0.2810616,-0.01674959,1.056346,-0.01852967,1.056641,-0.001486996,0.06680299,-0.03193217,0.997254,8.494169,-0.02007892,0.9020416,-0.4311804,False
1773034742330,2.749387,0.06159463,0.8871748,0.2570547,0.925716,0.6079579,0.2802616,0.5683216,-0.478384,237.1598,0.6923161,0.3191497,0.64718,0.03403698,1.006262,0.2823741,1.045684,0.05528801,1.029275,0.269644,1.065445,0.05311058,1.015975,0.2841549,1.0563,-0.005642703,-0.08168309,0.1042698,0.1325751,-0.01912744,-0.06757729,0.1344159,0.1516581,-0.001933434,-0.06823663,0.1223197,0.1400789,0,0,0,0,0,0,0,0,0,1,0,0,-0.07242931,0.5852023,0.1072128,0.599335,0.2697331,-0.01180372,0.9189347,0.2875132,146.5817,0.2816242,-0.01232408,0.9594457,-0.02774145,0.6534763,0.2043718,0.6852508,0.0125144,0.6216798,0.2334273,0.6641767,0.02242826,0.6279974,0.1956748,0.6581584,0.05699996,-0.07211751,0.09853073,0.1347525,0.02541342,-0.06268743,0.1517653,0.1661573,0.001511151,-0.07926573,0.1214775,0.145059,0,0,0,0,0,0,0,0,0,1,0,0,0.054138,1.00065,0.2743176,1.038981,-0.62912,0.08539061,-0.6288298,0.448876,126.6568,-0.7040333,0.09555861,-0.7037085,-0.004138,-0.0006500483,0.02568245,0.0260218,-0.1528517,-0.03897597,0.0522926,0.9860948,19.13212,-0.9197705,-0.2345341,0.3146656,-0.01684281,1.056397,-0.01842743,1.056692,-0.001916979,0.06708098,-0.03191821,0.997235,8.523355,-0.0257964,0.9026957,-0.4295171,False
1773034742343,2.763255,0.06008106,0.8864654,0.2593193,0.9255686,0.6149519,0.276561,0.5658055,-0.4745654,236.6621,0.6986341,0.3141952,0.6427999,0.03407248,1.00607,0.2838512,1.045901,0.05541096,1.028695,0.2708036,1.065184,0.05350032,1.015065,0.2852155,1.055731,-0.00575029,-0.08166207,0.1042875,0.1325807,-0.01907608,-0.06756179,0.1343978,0.1516287,-0.001976479,-0.06774438,0.1219276,0.1394975,0,0,0,0,0,0,0,0,0,1,0,0,-0.07248786,0.5852741,0.1072284,0.5994149,0.269878,-0.01168269,0.9190338,0.2870651,146.6353,0.281736,-0.01219601,0.9594146,-0.02778948,0.6535687,0.2043621,0.685338,0.01243712,0.6218699,0.2333863,0.6643388,0.02234912,0.6281475,0.195675,0.6582989,0.05694685,-0.07213746,0.09854031,0.1347477,0.02543491,-0.06272686,0.1517126,0.1661274,0.001515757,-0.0792601,0.1214815,0.1450593,0,0,0,0,0,0,0,0,0,1,0,0,0.05400917,1.000154,0.2756962,1.038862,-0.6344698,0.08874419,-0.6275883,0.4423862,127.4875,-0.7074625,0.09895378,-0.6997893,-0.004009165,-0.000154376,0.02430379,0.02463274,-0.1485127,-0.04407823,0.05850986,0.9861937,19.06381,-0.8968327,-0.266178,0.3533271,-0.01693234,1.056434,-0.01833877,1.056729,-0.00229576,0.06725298,-0.03175567,0.9972278,8.53447,-0.03085348,0.9038353,-0.426775,False
1773034742357,2.777003,0.05849575,0.8860339,0.2606356,0.9254235,0.6263869,0.2697131,0.5566238,-0.4744095,236.6418,0.7115573,0.3063862,0.6323084,0.03384362,1.006257,0.2839801,1.046108,0.05489954,1.028021,0.2710246,1.064563,0.05396541,1.01515,0.2856245,1.055947,-0.006806357,-0.08159811,0.1043971,0.1326776,-0.01906785,-0.06753228,0.1339858,0.1512494,-0.00191967,-0.06742392,0.1224021,0.1397567,0,0,0,0,0,0,0,0,0,1,0,0,-0.07246676,0.5851385,0.1072079,0.5992762,0.2699277,-0.01167496,0.919065,0.2869186,146.6529,0.2817749,-0.01218737,0.9594031,-0.02778801,0.6534162,0.2043654,0.6851934,0.01243423,0.6217743,0.2333758,0.6642455,0.02234802,0.6280429,0.1956391,0.6581885,0.05695143,-0.07211186,0.09855951,0.13475,0.02547344,-0.06273586,0.1517076,0.1661321,0.001527595,-0.07926275,0.1214598,0.1450427,0,0,0,0,0,0,0,0,0,1,0,0,0.05362026,0.9998906,0.2762273,1.038729,-0.6455802,0.09485304,-0.619529,0.4363635,128.2558,-0.7174942,0.1054191,-0.6885412,-0.003620263,0.0001093745,0.02377269,0.02404702,-0.143604,-0.05847791,0.06402399,0.9858293,19.31432,-0.8560477,-0.3485967,0.3816578,-0.017012,1.056444,-0.01824777,1.056738,-0.002343498,0.06766456,-0.03180733,0.9971982,8.57997,-0.03132839,0.9045544,-0.4252072,False
1773034742372,2.791066,0.05719815,0.8852474,0.2633964,0.9253714,0.6361936,0.2661442,0.5523429,-0.4683399,235.8532,0.7200439,0.301222,0.6251416,0.03424741,1.006389,0.2841274,1.046289,0.05616509,1.027654,0.2715215,1.064402,0.05522724,1.015194,0.2864833,1.056287,-0.008081846,-0.08150446,0.1045178,0.1327865,-0.01908822,-0.06701402,0.1345184,0.1514941,-0.001841259,-0.06711069,0.1230665,0.1401877,0,0,0,0,0,0,0,0,0,1,0,0,-0.07236274,0.5850109,0.1071601,0.5991306,0.2697155,-0.01190855,0.9191519,0.2868302,146.6634,0.2815457,-0.01243087,0.9594674,-0.02773128,0.6532338,0.2043763,0.6850205,0.01246341,0.6216141,0.2333818,0.6640983,0.02238856,0.6278865,0.1956712,0.6580501,0.05693269,-0.07209708,0.09857946,0.1347488,0.02547175,-0.06274174,0.1516998,0.1661269,0.001536987,-0.07925127,0.1214653,0.1450412,0,0,0,0,0,0,0,0,0,1,0,0,0.0539846,0.9993795,0.2773165,1.038546,-0.6533403,0.09772021,-0.6176276,0.426771,129.4744,-0.7224341,0.1080546,-0.6829445,-0.003984604,0.0006204844,0.02268353,0.0230392,-0.1359174,-0.06517078,0.07178126,0.985965,19.22143,-0.814105,-0.3903538,0.4299486,-0.01708527,1.05644,-0.01818187,1.056735,-0.00246671,0.06805776,-0.03154951,0.9971794,8.608775,-0.03286524,0.9067684,-0.4203503,False
1773034742385,2.80496,0.05561222,0.88525,0.2653556,0.9258369,0.6373292,0.2660798,0.5588965,-0.4589638,234.6405,0.7173455,0.299486,0.6290657,0.03453971,1.006972,0.284634,1.046997,0.05661851,1.027171,0.2721078,1.06411,0.05553177,1.015204,0.2871683,1.056499,-0.008119185,-0.08146808,0.1045434,0.1327866,-0.01909659,-0.06703644,0.1338402,0.1509032,-0.001854885,-0.06706467,0.1228204,0.1399499,0,0,0,0,0,0,0,0,0,1,0,0,-0.07244101,0.5851214,0.107174,0.5992504,0.2697155,-0.01195219,0.9190843,0.287045,146.6378,0.2815646,-0.01247727,0.9594613,-0.02776853,0.6533246,0.204387,0.6851118,0.01240888,0.621693,0.2333873,0.664173,0.02233388,0.6279392,0.1956989,0.6581067,0.05692521,-0.07209955,0.0985841,0.1347503,0.02546673,-0.06274791,0.1516966,0.1661256,0.001534463,-0.07923486,0.1214852,0.1450489,0,0,0,0,0,0,0,0,0,1,0,0,0.05420077,0.999548,0.2781704,1.038948,-0.6507604,0.09784987,-0.6256392,0.4189416,130.4644,-0.716686,0.1077626,-0.68902,-0.004200768,0.0004520416,0.02182961,0.02223471,-0.1322487,-0.05773707,0.07973842,0.9863157,18.97916,-0.8021483,-0.3502015,0.4836496,-0.01697631,1.056425,-0.01815724,1.056717,-0.002336714,0.06870908,-0.03157309,0.9971343,8.677391,-0.03088764,0.9082246,-0.4173459,False
1773034742400,2.818959,0.05448403,0.8850054,0.2668495,0.9259652,0.6351508,0.2678597,0.5681842,-0.4494457,233.4163,0.7110102,0.2998515,0.6360453,0.03500783,1.007141,0.2849044,1.047248,0.05728252,1.026413,0.2726138,1.063543,0.05572488,1.014252,0.2875621,1.055701,-0.008016983,-0.08140992,0.1045453,0.1327463,-0.01908295,-0.0670604,0.1331919,0.1503375,-0.001948501,-0.06685523,0.1218789,0.1390247,0,0,0,0,0,0,0,0,0,1,0,0,-0.07243904,0.5850447,0.1071532,0.5991715,0.2696608,-0.01216832,0.9190536,0.2871855,146.6209,0.2815198,-0.01270345,0.9594713,-0.0278064,0.6531795,0.2044384,0.6849903,0.01238448,0.6215267,0.2334573,0.6640415,0.02233101,0.6277876,0.1957208,0.6579685,0.05697008,-0.07204697,0.09860326,0.1347552,0.0255004,-0.06271335,0.1517496,0.1661661,0.001536338,-0.07922085,0.1214955,0.1450498,0,0,0,0,0,0,0,0,0,1,0,0,0.05461209,0.9994025,0.2788297,1.039006,-0.6448737,0.09632167,-0.6360531,0.41267,131.2547,-0.7079674,0.1057457,-0.6982837,-0.004612088,0.0005975366,0.02117032,0.02167512,-0.1299859,-0.04606203,0.08631193,0.9866775,18.72606,-0.7989823,-0.2831288,0.5305324,-0.01688586,1.056435,-0.01812791,1.056725,-0.002512761,0.06956539,-0.03160052,0.9970736,8.76882,-0.03286907,0.9099749,-0.4133619,False
1773034742414,2.832708,0.05326827,0.884734,0.2684007,0.9260836,0.6331711,0.2693807,0.577942,-0.4387613,232.0497,0.7046166,0.299777,0.6431556,0.0357266,1.007242,0.2852445,1.047462,0.05819959,1.025614,0.2730898,1.062943,0.05599417,1.013209,0.2879094,1.054808,-0.007761618,-0.08130502,0.1045234,0.1326495,-0.0190411,-0.06707293,0.132581,0.1497968,-0.002051694,-0.06671425,0.1208334,0.1380424,0,0,0,0,0,0,0,0,0,1,0,0,-0.07237902,0.5849891,0.1070712,0.5990953,0.269534,-0.01224625,0.9191256,0.2870708,146.6347,0.2813773,-0.01278435,0.9595121,-0.02781235,0.653096,0.20441,0.6849025,0.01239317,0.6214637,0.2334224,0.6639704,0.02234088,0.6277186,0.1956886,0.6578935,0.05698799,-0.0720092,0.09862468,0.1347582,0.02550631,-0.06270172,0.1517632,0.166175,0.001541411,-0.0791925,0.1215054,0.1450427,0,0,0,0,0,0,0,0,0,1,0,0,0.05519691,0.9992082,0.2794541,1.039018,-0.6387398,0.09496696,-0.64709,0.4052992,132.1803,-0.6986993,0.1038817,-0.7078334,-0.005196907,0.0007917881,0.02054596,0.02120781,-0.1272311,-0.03381122,0.09392166,0.9868374,18.61308,-0.7867545,-0.2090772,0.58078,-0.0168592,1.056479,-0.01806745,1.056768,-0.002927738,0.07031807,-0.03137244,0.9970269,8.838589,-0.03799548,0.9125711,-0.407144,False
1773034742427,2.846832,0.05195295,0.8841895,0.2699084,0.9259269,0.6325448,0.2735801,0.5866413,-0.4253152,230.3412,0.6989096,0.3022833,0.6481901,0.03655191,1.006773,0.285241,1.047039,0.05903993,1.024586,0.2723515,1.061809,0.05636003,1.012772,0.2873683,1.05426,-0.006682714,-0.08095928,0.1043229,0.1322207,-0.01905153,-0.06704532,0.1320564,0.1493216,-0.002046184,-0.06678315,0.1206265,0.1378946,0,0,0,0,0,0,0,0,0,1,0,0,-0.0723113,0.5849302,0.106981,0.5990135,0.269382,-0.01231912,0.9192125,0.2869322,146.6512,0.2812065,-0.01285986,0.9595612,-0.02782293,0.6530101,0.2043787,0.6848117,0.01240212,0.6214007,0.2333827,0.6638977,0.02234935,0.627649,0.1956535,0.6578169,0.05700915,-0.07196667,0.09864822,0.1347617,0.02550963,-0.06268854,0.1517773,0.1661835,0.001546665,-0.07915977,0.1215157,0.1450335,0,0,0,0,0,0,0,0,0,1,0,0,0.05565882,0.998783,0.2791189,1.038544,-0.6338586,0.09056997,-0.6585821,0.3953354,133.4262,-0.6900743,0.09860244,-0.7169904,-0.00565882,0.001217008,0.02088112,0.02166851,-0.1203614,-0.02072469,0.1013929,0.9873213,18.26698,-0.7582531,-0.1305614,0.638755,-0.0168044,1.056566,-0.01799552,1.056853,-0.003461961,0.07131931,-0.03096348,0.9969668,8.927404,-0.04448241,0.916375,-0.3978468,False
1773034742441,2.86062,0.05080847,0.883544,0.2725453,0.9260197,0.6328778,0.273931,0.5927561,-0.4160141,229.1664,0.695961,0.3012356,0.6518402,0.03729717,1.006273,0.2869944,1.047064,0.06035675,1.023711,0.2737292,1.061393,0.05665225,1.011988,0.2889131,1.053945,-0.006191494,-0.0808164,0.1042199,0.132028,-0.01908008,-0.06673279,0.1320906,0.1492154,-0.002061108,-0.06701982,0.1202243,0.1376582,0,0,0,0,0,0,0,0,0,1,0,0,-0.07230989,0.585007,0.1069382,0.5990806,0.2692643,-0.01235806,0.9191274,0.2873133,146.6057,0.2811172,-0.01290205,0.9595868,-0.02780932,0.6530306,0.2043557,0.6848238,0.01239929,0.6214067,0.2333981,0.6639087,0.02235944,0.6276365,0.1956436,0.6578023,0.05701631,-0.07191375,0.09866723,0.1347504,0.02552625,-0.06264931,0.1518237,0.1662136,0.001546736,-0.0791219,0.1215397,0.145033,0,0,0,0,0,0,0,0,0,1,0,0,0.05622016,0.9981447,0.2807692,1.038405,-0.6307105,0.0900702,-0.6661229,0.3877783,134.3674,-0.6842512,0.09771621,-0.7226698,-0.006220158,0.001855254,0.01923078,0.02029668,-0.1166638,-0.01302174,0.1085408,0.9871368,18.39967,-0.7297033,-0.08144778,0.678896,-0.01673775,1.05664,-0.01793868,1.056925,-0.003712407,0.0722891,-0.03057775,0.9969081,9.013521,-0.04724554,0.9199793,-0.3891443,False
1773034742455,2.874355,0.04966542,0.8833206,0.2736169,0.9260606,0.6334438,0.2776078,0.5973974,-0.4059547,227.9019,0.6931267,0.3037639,0.653684,0.03746653,1.006237,0.2863826,1.046868,0.06058435,1.022864,0.2727672,1.060341,0.05682698,1.012479,0.2883103,1.054261,-0.005800553,-0.08071271,0.1041412,0.1318847,-0.01911503,-0.06664452,0.1315007,0.1486584,-0.001957325,-0.06730421,0.1207656,0.1382679,0,0,0,0,0,0,0,0,0,1,0,0,-0.07239097,0.5852213,0.1068491,0.5992839,0.2690361,-0.01230325,0.9191061,0.2875975,146.5717,0.2809039,-0.01284597,0.95965,-0.02790409,0.6532089,0.2042874,0.6849772,0.01230322,0.6216283,0.233288,0.6640756,0.02227455,0.6277987,0.195603,0.6579422,0.05701352,-0.07185733,0.0986981,0.1347417,0.02549724,-0.0626638,0.1517954,0.1661888,0.001536402,-0.07908826,0.1215777,0.1450464,0,0,0,0,0,0,0,0,0,1,0,0,0.05628685,0.9979637,0.2802019,1.038081,-0.6284767,0.08599946,-0.6733163,0.3798242,135.3544,-0.6793911,0.09296649,-0.7278633,-0.006286848,0.002036333,0.0197981,0.02087189,-0.1100645,-0.004739711,0.1134757,0.9874142,18.19977,-0.6959233,-0.02996857,0.717492,-0.01667823,1.056692,-0.01792019,1.056975,-0.003800148,0.07330839,-0.02988281,0.9968543,9.09159,-0.04794783,0.9249582,-0.3770421,False
1773034742469,2.888294,0.04872953,0.8832532,0.2745988,0.9262372,0.6383235,0.2789608,0.5957895,-0.3996986,227.1187,0.6963682,0.3043275,0.6499664,0.03744533,1.006385,0.2857505,1.046836,0.06061477,1.022637,0.2717181,1.059855,0.05697997,1.013191,0.2875875,1.054755,-0.005672129,-0.08071787,0.104105,0.1318537,-0.01909695,-0.06664313,0.1314409,0.1486025,-0.00183254,-0.06758878,0.1214074,0.1389654,0,0,0,0,0,0,0,0,0,1,0,0,-0.07244145,0.5852746,0.1067972,0.5993328,0.2689539,-0.01244506,0.9191769,0.2874415,146.5903,0.2808043,-0.01299341,0.959677,-0.0280173,0.6532179,0.2042885,0.6849908,0.01221236,0.6216666,0.2332512,0.6640969,0.02218547,0.6278189,0.1956112,0.6579608,0.05702369,-0.07182004,0.09871198,0.1347363,0.02548532,-0.06266952,0.1517797,0.1661747,0.001533569,-0.07905614,0.1216011,0.1450484,0,0,0,0,0,0,0,0,0,1,0,0,0.05619138,0.9979286,0.2795098,1.037856,-0.6319909,0.08402687,-0.6742378,0.3727337,136.2314,-0.68107,0.09055222,-0.7265976,-0.006191377,0.002071381,0.02049017,0.02150513,-0.102783,-0.005155294,0.1172244,0.9877589,17.9483,-0.6589121,-0.03304911,0.7514923,-0.01660369,1.056754,-0.0179215,1.057036,-0.003872761,0.07435212,-0.02960694,0.9967849,9.191356,-0.04833466,0.9279645,-0.3695146,False
1773034742483,2.902254,0.04838744,0.8830823,0.2750915,0.9262025,0.6404498,0.2800737,0.5948019,-0.3969806,226.7791,0.6977893,0.3051487,0.6480545,0.03736881,1.006287,0.2854726,1.046664,0.06054303,1.022364,0.2712384,1.059464,0.05683021,1.013213,0.2872299,1.054671,-0.005586539,-0.08073773,0.1040705,0.131835,-0.01906803,-0.06664857,0.1313758,0.1485437,-0.001782977,-0.06777225,0.1214553,0.1390958,0,0,0,0,0,0,0,0,0,1,0,0,-0.07253321,0.5851734,0.1068458,0.5992537,0.2689925,-0.01257773,0.9192407,0.2871958,146.6197,0.2808231,-0.01313091,0.9596698,-0.02812201,0.6530768,0.2043591,0.6848816,0.01210379,0.6215441,0.2333087,0.6640005,0.02207524,0.6276821,0.1957182,0.6578584,0.05699452,-0.07181485,0.09871974,0.1347269,0.02547371,-0.06266744,0.1517746,0.1661676,0.001528845,-0.07901749,0.1216442,0.1450634,0,0,0,0,0,0,0,0,0,1,0,0,0.05610957,0.9977726,0.2791839,1.037614,-0.6336748,0.08260924,-0.6745032,0.3696992,136.6059,-0.6819929,0.08890826,-0.7259345,-0.006109565,0.002227426,0.02081615,0.02180826,-0.09922612,-0.005314062,0.1184071,0.9879807,17.78463,-0.6419168,-0.0343779,0.7660028,-0.01642689,1.056803,-0.01797168,1.057083,-0.004647512,0.07546531,-0.02894042,0.9967176,9.287185,-0.05740702,0.9321631,-0.357478,False
1773034742497,2.916188,0.04800398,0.8829073,0.2756248,0.9261742,0.6424584,0.2811101,0.5940207,-0.3941622,226.4275,0.6990531,0.3058733,0.6463485,0.03727926,1.006181,0.2852569,1.0465,0.0604641,1.022069,0.2708306,1.059071,0.05660135,1.013207,0.2869432,1.054575,-0.005495694,-0.08076312,0.1040321,0.1318164,-0.01903773,-0.06665906,0.131299,0.1484766,-0.00173513,-0.06801364,0.1214477,0.1392064,0,0,0,0,0,0,0,0,0,1,0,0,-0.07263174,0.5850581,0.1069028,0.5991632,0.2690588,-0.01272275,0.9193147,0.2868902,146.6563,0.2808654,-0.01328103,0.9596553,-0.0282304,0.6529217,0.2044357,0.684761,0.0119901,0.6214073,0.2333722,0.6638926,0.02195815,0.6275322,0.1958368,0.6577468,0.05695833,-0.07181616,0.09872557,0.1347166,0.02545989,-0.06266565,0.1517683,0.166159,0.001523424,-0.07897634,0.1216919,0.145081,0,0,0,0,0,0,0,0,0,1,0,0,0.05601998,0.9976031,0.2789208,1.037375,-0.6351702,0.0812745,-0.6749371,0.3666242,136.9848,-0.6827078,0.08735727,-0.7254509,-0.006019976,0.002396882,0.02107924,0.02205265,-0.09577744,-0.00526983,0.1197235,0.9881626,17.64927,-0.6243205,-0.03435113,0.780412,-0.01626721,1.056877,-0.01800811,1.057156,-0.00541919,0.07637642,-0.02837661,0.9966605,9.367661,-0.06636505,0.9353289,-0.3475086,False
1773034742510,2.930002,0.0475266,0.8827457,0.2758787,0.9260712,0.6453056,0.2814754,0.5928912,-0.3909377,226.0257,0.7011013,0.3058129,0.6441549,0.03732486,1.006112,0.2846976,1.046283,0.06048819,1.021755,0.2700389,1.058566,0.05644967,1.013355,0.2863249,1.054541,-0.005412905,-0.08077019,0.1040134,0.1318025,-0.01901084,-0.0666732,0.1312154,0.1484055,-0.001668308,-0.06839286,0.121549,0.1394795,0,0,0,0,0,0,0,0,0,1,0,0,-0.07259447,0.5851758,0.1068408,0.5992625,0.2689568,-0.01298183,0.9193727,0.2867884,146.6684,0.28075,-0.01355106,0.9596853,-0.02827276,0.653018,0.2044413,0.6848562,0.01196268,0.6215078,0.233328,0.6639706,0.02194357,0.6275861,0.1958338,0.6577969,0.0570083,-0.07181058,0.09871925,0.1347301,0.0254744,-0.0626931,0.151726,0.1661329,0.001520876,-0.078941,0.121693,0.1450627,0,0,0,0,0,0,0,0,0,1,0,0,0.05601734,0.9974292,0.2782969,1.03704,-0.6372877,0.08055116,-0.6751118,0.3627673,137.4595,-0.6838733,0.08643944,-0.7244623,-0.006017342,0.002570808,0.02170309,0.02266808,-0.09193929,-0.005978702,0.1218844,0.988259,17.57713,-0.6017421,-0.03913056,0.7977327,-0.01618539,1.05697,-0.01799051,1.057247,-0.006263325,0.07708092,-0.02808122,0.9966096,9.438741,-0.07612634,0.9368649,-0.3413076,False
1773034742524,2.943836,0.04700221,0.8825127,0.2756135,0.9257433,0.6466317,0.2813517,0.5931442,-0.3884439,225.7154,0.7017375,0.3053284,0.6436918,0.03732578,1.005948,0.2839892,1.045932,0.0605209,1.021408,0.2692608,1.058035,0.05578345,1.012903,0.2855861,1.053871,-0.005359625,-0.08075369,0.1040229,0.1317978,-0.01896909,-0.06666642,0.1311799,0.1483658,-0.001698011,-0.0688619,0.1209612,0.1391994,0,0,0,0,0,0,0,0,0,1,0,0,-0.07274977,0.5851913,0.1069165,0.59931,0.2692577,-0.01312536,0.9193846,0.2864611,146.7076,0.2810354,-0.01369948,0.9595997,-0.02844179,0.6530105,0.2045404,0.6848857,0.01183941,0.6214805,0.2334036,0.6639695,0.02179506,0.6275806,0.1958725,0.6577982,0.05703239,-0.07180932,0.09870753,0.134731,0.02548152,-0.06267767,0.1517397,0.1661407,0.00150858,-0.07892192,0.1216726,0.1450351,0,0,0,0,0,0,0,0,0,1,0,0,0.05595855,0.9971694,0.2775775,1.036594,-0.6378203,0.08049513,-0.6760249,0.3601335,137.7832,-0.6836958,0.08628478,-0.7246483,-0.005958546,0.002830565,0.02242255,0.02337279,-0.08999497,-0.005520099,0.1238999,0.98819,17.62882,-0.5873027,-0.03602389,0.8085645,-0.01613133,1.057093,-0.01795253,1.057369,-0.007320737,0.07754964,-0.02787311,0.9965719,9.491145,-0.08848816,0.9373682,-0.3369115,False
1773034742539,2.957699,0.04641597,0.8822823,0.2757406,0.9255319,0.6477699,0.2817692,0.5922999,-0.3875322,225.6021,0.70268,0.3056543,0.6425079,0.03690699,1.005723,0.2838633,1.045667,0.0600417,1.021127,0.2690182,1.057674,0.05517549,1.012889,0.2853765,1.053769,-0.005232924,-0.08068065,0.104054,0.1317724,-0.01888325,-0.06662662,0.1311844,0.1483409,-0.001656326,-0.06907786,0.1210698,0.1394001,0,0,0,0,0,0,0,0,0,1,0,0,-0.07266409,0.5849872,0.1069212,0.5991012,0.268868,-0.01324789,0.91944,0.2866438,146.6857,0.2806446,-0.01382816,0.9597121,-0.02844574,0.6527833,0.2045953,0.6846856,0.01182354,0.6212665,0.233464,0.6637901,0.02178456,0.6273568,0.195904,0.6575937,0.05706128,-0.0717719,0.0987107,0.1347256,0.0254912,-0.06268059,0.1517227,0.1661277,0.001517743,-0.07891225,0.1216089,0.1449764,0,0,0,0,0,0,0,0,0,1,0,0,0.05543549,0.9969397,0.2773423,1.036282,-0.6388869,0.07992633,-0.6757289,0.3589231,137.9319,-0.6844969,0.08563225,-0.723969,-0.005435485,0.003060341,0.02265769,0.02350066,-0.08839794,-0.006101451,0.1242402,0.988288,17.5553,-0.5792772,-0.03998319,0.8141538,-0.01606569,1.057236,-0.01790841,1.05751,-0.008253706,0.07824808,-0.02757623,0.9965183,9.565078,-0.09899581,0.9385158,-0.3307522,False
1773034742552,2.971699,0.04573339,0.8823104,0.2766324,0.9257908,0.6506037,0.2839611,0.5904036,-0.3840632,225.1712,0.7046452,0.307548,0.6394446,0.03647273,1.005806,0.2836448,1.045672,0.05954921,1.02103,0.2684617,1.057412,0.05444416,1.012857,0.2849131,1.053574,-0.005065564,-0.08063349,0.1040555,0.1317382,-0.01885934,-0.06660274,0.1311663,0.1483112,-0.001663805,-0.06921834,0.1207981,0.1392341,0,0,0,0,0,0,0,0,0,1,0,0,-0.07283494,0.584928,0.107018,0.5990815,0.2690535,-0.01337366,0.9194424,0.2864558,146.7082,0.2808218,-0.01395862,0.9596585,-0.02864357,0.6526936,0.2047323,0.6846493,0.01169152,0.6211634,0.2335517,0.6637221,0.02162222,0.6272747,0.1960065,0.6575406,0.0570975,-0.07174975,0.09871361,0.1347313,0.02547119,-0.06267885,0.1517308,0.1661315,0.001520251,-0.07889942,0.1216203,0.144979,0,0,0,0,0,0,0,0,0,1,0,0,0.05491515,0.9969654,0.2770271,1.036195,-0.6414102,0.07725995,-0.6756938,0.3550519,138.4068,-0.6861128,0.08264453,-0.7227858,-0.004915144,0.003034592,0.02297291,0.02368801,-0.08314954,-0.006463552,0.1250554,0.9886383,17.29031,-0.5531704,-0.04300018,0.8319582,-0.0159671,1.057421,-0.01783621,1.057692,-0.009264858,0.07875817,-0.02736112,0.9964752,9.624126,-0.1104435,0.9388514,-0.3261633,False
1773034742566,2.985514,0.04550131,0.8823701,0.2778759,0.9262086,0.6558455,0.2879598,0.5849196,-0.3805455,224.735,0.7092046,0.311388,0.6325082,0.03606561,1.005916,0.2830341,1.045598,0.05893409,1.020941,0.267339,1.057007,0.05352362,1.012774,0.2839396,1.053184,-0.004950256,-0.08058455,0.1040617,0.1317088,-0.01882861,-0.06658274,0.1311495,0.1482834,-0.001713762,-0.06944909,0.1202877,0.1389073,0,0,0,0,0,0,0,0,0,1,0,0,-0.0727758,0.5848315,0.1069601,0.5989696,0.2688005,-0.01362197,0.9195429,0.2863594,146.7198,0.2805493,-0.01421736,0.9597344,-0.02866974,0.652555,0.2047518,0.6845242,0.01164939,0.6210443,0.2335354,0.6636042,0.02160098,0.6271479,0.1960147,0.6574213,0.05711432,-0.07172892,0.09872986,0.1347393,0.02547495,-0.06268835,0.1516957,0.1661035,0.001522649,-0.07888501,0.1216019,0.1449558,0,0,0,0,0,0,0,0,0,1,0,0,0.05441633,0.9970362,0.2763108,1.036045,-0.6471786,0.0724357,-0.6732466,0.350217,138.9988,-0.6909366,0.07733333,-0.7187671,-0.004416328,0.002963841,0.02368924,0.02427897,-0.07449587,-0.009611486,0.1243174,0.9893954,16.70325,-0.5128886,-0.06617308,0.8558992,-0.01589026,1.057604,-0.01776046,1.057873,-0.009992663,0.07913983,-0.02686552,0.9964514,9.656558,-0.1187203,0.9402406,-0.3191826,False
1773034742581,2.999525,0.04521522,0.8824337,0.2793525,0.9266992,0.6615352,0.2923719,0.5788085,-0.3766573,224.2536,0.7141289,0.3156162,0.6248252,0.03555604,1.006001,0.2824602,1.045508,0.05819089,1.0208,0.2662141,1.056546,0.05250268,1.012668,0.2829889,1.052775,-0.00483292,-0.08053157,0.104069,0.1316778,-0.01879755,-0.06656235,0.1311336,0.1482562,-0.001765867,-0.06967227,0.119787,0.1385866,0,0,0,0,0,0,0,0,0,1,0,0,-0.07270569,0.5847273,0.1068952,0.5988478,0.2684937,-0.01389879,0.91966,0.2862577,146.7319,0.2802202,-0.01450582,0.9598262,-0.02869532,0.6524059,0.2047725,0.6843892,0.01159979,0.6209179,0.2335186,0.6634791,0.0215785,0.627013,0.1960263,0.6572954,0.05712999,-0.07170841,0.09874842,0.1347486,0.02547987,-0.06269966,0.1516545,0.1660709,0.001525506,-0.07887172,0.1215807,0.1449308,0,0,0,0,0,0,0,0,0,1,0,0,0.0538066,0.9970748,0.2756313,1.03587,-0.6534657,0.06707841,-0.6704734,0.3448892,139.6499,-0.696181,0.07146314,-0.7143004,-0.003806595,0.002925217,0.0243687,0.02483708,-0.06495556,-0.01307164,0.123443,0.9901373,16.10738,-0.4636338,-0.09330151,0.8811003,-0.01581249,1.057651,-0.017764,1.057918,-0.01088503,0.07934224,-0.02673024,0.9964296,9.686295,-0.1289265,0.93976,-0.3166032,False
1773034742594,3.013247,0.04513323,0.882334,0.2810503,0.9271135,0.667501,0.2984788,0.5706215,-0.3738236,223.9032,0.7196777,0.32181,0.6152254,0.03467532,1.005862,0.2818784,1.045187,0.05691697,1.020459,0.2650036,1.055842,0.05151277,1.012955,0.2820326,1.052746,-0.004722255,-0.08045426,0.104119,0.131666,-0.01878073,-0.06653235,0.1311015,0.1482123,-0.001722245,-0.0698114,0.1200655,0.1388968,0,0,0,0,0,0,0,0,0,1,0,0,-0.07272555,0.5848058,0.1068769,0.5989236,0.2684562,-0.0141484,0.9196379,0.2863516,146.7207,0.2801892,-0.01476676,0.9598312,-0.02877249,0.6524225,0.2048445,0.6844299,0.01157127,0.6208937,0.2335485,0.6634665,0.02155794,0.6270146,0.1960469,0.6573024,0.05719796,-0.0716584,0.09876984,0.1347665,0.0254711,-0.06267645,0.1516779,0.1660822,0.001518463,-0.07886235,0.1215883,0.144932,0,0,0,0,0,0,0,0,0,1,0,0,0.05281091,0.996937,0.2749316,1.0355,-0.6609831,0.05987166,-0.6660572,0.3404182,140.1953,-0.7029685,0.06367468,-0.7083649,-0.002810907,0.003062963,0.02506843,0.02541081,-0.05424237,-0.01775672,0.120236,0.9911034,15.29695,-0.4075464,-0.133414,0.9033852,-0.01573395,1.057655,-0.01776893,1.057921,-0.01133522,0.07942628,-0.02640284,0.9964265,9.690338,-0.1342026,0.9403625,-0.3125947,False
1773034742607,3.027123,0.04555012,0.8826002,0.2845787,0.9284627,0.6727191,0.3035513,0.5637865,-0.3707431,223.5229,0.7243388,0.3268436,0.6070474,0.03458168,1.006078,0.2833467,1.045789,0.05649126,1.020361,0.2659491,1.055962,0.05133837,1.013587,0.2831912,1.053656,-0.004646836,-0.08034509,0.1042035,0.1316635,-0.01877892,-0.06642538,0.1310266,0.1480978,-0.001682591,-0.06992391,0.1204191,0.1392586,0,0,0,0,0,0,0,0,0,1,0,0,-0.07287868,0.5846046,0.1069739,0.5987631,0.2685418,-0.01408753,0.9196154,0.2863466,146.7213,0.2802781,-0.01470321,0.9598062,-0.02895499,0.6522536,0.2049639,0.6843123,0.01145519,0.6206848,0.2336178,0.6632934,0.02143174,0.6268145,0.1961218,0.6571298,0.05726533,-0.07164893,0.09877285,0.1347923,0.02544768,-0.06266864,0.15168,0.1660776,0.001506934,-0.07886169,0.1215945,0.1449368,0,0,0,0,0,0,0,0,0,1,0,0,0.05255837,0.9971135,0.2763419,1.036032,-0.6672947,0.0537857,-0.6625397,0.3359554,140.7387,-0.7084725,0.05710474,-0.7034242,-0.002558369,0.002886534,0.02365816,0.02397052,-0.04476296,-0.02150535,0.1180422,0.9917661,14.7153,-0.3495396,-0.1679284,0.9217538,-0.01569442,1.057676,-0.01775001,1.057942,-0.01142965,0.0796922,-0.02623286,0.9964088,9.714407,-0.1349861,0.9411782,-0.3098145,False
1773034742622,3.04107,0.04704791,0.8828099,0.2890266,0.9301092,0.6824127,0.3100633,0.5477386,-0.3716936,223.6402,0.7350769,0.333992,0.5900096,0.03482912,1.006182,0.2849793,1.046341,0.05542725,1.020249,0.2669303,1.056045,0.05069414,1.013866,0.2844917,1.054244,-0.004802823,-0.07968505,0.1047982,0.13174,-0.01876887,-0.0662453,0.1311332,0.1481102,-0.001679234,-0.06994344,0.1204861,0.1393263,0,0,0,0,0,0,0,0,0,1,0,0,-0.07279436,0.5845284,0.1069016,0.5986655,0.268296,-0.01419465,0.9196703,0.2863953,146.7155,0.2800258,-0.01481524,0.9598782,-0.02895824,0.6521645,0.2049651,0.6842279,0.01146182,0.62062,0.2335547,0.6632107,0.02144419,0.6267424,0.1960534,0.657041,0.05731963,-0.07161402,0.09879514,0.1348132,0.02545164,-0.0626886,0.1516342,0.1660439,0.001512307,-0.07886805,0.1215323,0.1448881,0,0,0,0,0,0,0,0,0,1,0,0,0.05196948,0.997196,0.2779889,1.036522,-0.6808168,0.04561874,-0.6509329,0.3327068,141.1337,-0.7219458,0.04837463,-0.6902567,-0.001969475,0.002804041,0.02201113,0.02227625,-0.0315126,-0.03451734,0.11104,0.9927164,13.83902,-0.2615698,-0.2865106,0.9216859,-0.0156435,1.057752,-0.0176927,1.058016,-0.01203376,0.07977113,-0.02611855,0.9963983,9.728593,-0.1419144,0.9407427,-0.3080166,False
1773034742635,3.054934,0.04765531,0.8835285,0.2914917,0.9315906,0.6857284,0.3123228,0.5416433,-0.3726307,223.7559,0.7389476,0.3365621,0.5836802,0.03496255,1.006842,0.286523,1.047401,0.05543127,1.020921,0.2681419,1.057002,0.05038834,1.014615,0.2859495,1.055344,-0.004858008,-0.07935,0.1050795,0.1317639,-0.01879216,-0.06577456,0.1315146,0.1482414,-0.001674479,-0.06996646,0.1205309,0.1393765,0,0,0,0,0,0,0,0,0,1,0,0,-0.07284783,0.5844243,0.1069452,0.5985782,0.2684129,-0.01430991,0.9197764,0.2859389,146.7701,0.2801081,-0.01493341,0.9598523,-0.02912983,0.6520827,0.2050748,0.68419,0.01138397,0.6205091,0.2336326,0.663133,0.02134471,0.6266837,0.1960711,0.656987,0.05740878,-0.07160275,0.09878377,0.1348368,0.02545997,-0.06267291,0.1516545,0.1660578,0.001510558,-0.07887471,0.1214842,0.1448513,0,0,0,0,0,0,0,0,0,1,0,0,0.05169915,0.9978586,0.2795544,1.037567,-0.6857185,0.04275958,-0.6462952,0.3320605,141.2122,-0.7269681,0.0453318,-0.6851733,-0.001699146,0.002141416,0.02044559,0.02062752,-0.02710222,-0.03959386,0.108068,0.992985,13.58111,-0.2292133,-0.3348595,0.9139699,-0.01560419,1.057859,-0.01763158,1.058121,-0.01277681,0.07984683,-0.02608942,0.9963838,9.748147,-0.1503752,0.9397482,-0.3070565,False
1773034742650,3.068825,0.04843925,0.8832262,0.2944732,0.9322818,0.6840661,0.3155052,0.5417041,-0.3729167,223.7912,0.7372475,0.3400336,0.5838178,0.03561805,1.006548,0.2890193,1.047826,0.05657956,1.020972,0.2706118,1.057741,0.05052754,1.01442,0.2887042,1.055912,-0.004951212,-0.07887507,0.1054879,0.1318085,-0.01885237,-0.0649877,0.1324393,0.1487245,-0.001657929,-0.06995642,0.1206652,0.1394874,0,0,0,0,0,0,0,0,0,1,0,0,-0.0729318,0.5843813,0.1069994,0.5985562,0.2684473,-0.01437348,0.9197951,0.2858434,146.7815,0.2801356,-0.01499931,0.9598432,-0.02930549,0.6520695,0.2051877,0.6842189,0.0112999,0.6204714,0.2336593,0.6631056,0.02125179,0.6266424,0.1961298,0.6569622,0.05751731,-0.07158638,0.09877566,0.1348684,0.0254485,-0.06269363,0.1516233,0.1660354,0.001514364,-0.07887638,0.1214796,0.1448485,0,0,0,0,0,0,0,0,0,1,0,0,0.05188419,0.9975561,0.2823479,1.038042,-0.684813,0.03956454,-0.6467861,0.3333672,141.0535,-0.726363,0.04196506,-0.686029,-0.001884189,0.00244385,0.01765212,0.01791982,-0.02632717,-0.03754994,0.1052334,0.9933897,13.18326,-0.2293466,-0.3271126,0.9167309,-0.01558291,1.057977,-0.01754287,1.058237,-0.01345349,0.07972999,-0.02617563,0.9963819,9.750719,-0.1582982,0.9381291,-0.307991,False
1773034742663,3.082772,0.04913088,0.882983,0.2972231,0.93296,0.6826237,0.3185216,0.5415958,-0.3731525,223.8203,0.7357683,0.3433196,0.5837609,0.0362143,1.006312,0.2912734,1.048244,0.05742449,1.020937,0.2728829,1.058336,0.05075881,1.014395,0.2911872,1.056581,-0.0050446,-0.07839938,0.1058902,0.1318509,-0.01891285,-0.06434213,0.1330979,0.1490391,-0.001620107,-0.06987533,0.1209876,0.1397254,0,0,0,0,0,0,0,0,0,1,0,0,-0.07302078,0.5843403,0.1070581,0.5985374,0.2684945,-0.01442639,0.9198079,0.2857554,146.792,0.2801771,-0.01505411,0.9598302,-0.02954672,0.652101,0.2053291,0.6843017,0.01121665,0.6204402,0.2336815,0.6630829,0.02115902,0.6266043,0.1961927,0.6569415,0.05771036,-0.07156695,0.09875023,0.1349219,0.02543502,-0.06271899,0.151587,0.1660097,0.001519159,-0.07887927,0.121479,0.1448495,0,0,0,0,0,0,0,0,0,1,0,0,0.05200448,0.9973062,0.2848873,1.038501,-0.6841015,0.0365117,-0.6471288,0.334509,140.9146,-0.72592,0.03874363,-0.6866872,-0.002004478,0.002693832,0.0151127,0.01548122,-0.02544851,-0.03577236,0.102554,0.9937583,12.80993,-0.2281254,-0.3206705,0.9193143,-0.01556548,1.058091,-0.01744972,1.05835,-0.01418485,0.07973318,-0.02596832,0.996377,9.757387,-0.1667894,0.9375246,-0.3053426,False
1773034742677,3.096619,0.04929933,0.8834388,0.2975289,0.9334977,0.6839142,0.321796,0.5376907,-0.3736275,223.879,0.7373112,0.3469204,0.5796712,0.03598642,1.006732,0.2906192,1.048458,0.0565021,1.021034,0.2722343,1.058213,0.05003722,1.014968,0.2906491,1.056949,-0.005172804,-0.07795999,0.1062819,0.1319104,-0.01896848,-0.06419543,0.13287,0.1487794,-0.001602734,-0.06989425,0.1211613,0.1398851,0,0,0,0,0,0,0,0,0,1,0,0,-0.07288701,0.5842451,0.107006,0.5984188,0.2681466,-0.01451361,0.9199228,0.2857075,146.7977,0.27981,-0.0151449,0.9599361,-0.02957017,0.6520142,0.2053716,0.6842327,0.01125886,0.620372,0.233658,0.6630115,0.0211971,0.6265346,0.1961787,0.6568721,0.05780173,-0.07151738,0.09876741,0.1349473,0.02542062,-0.06274272,0.1515563,0.1659884,0.001528283,-0.07888307,0.1214342,0.1448142,0,0,0,0,0,0,0,0,0,1,0,0,0.05130574,0.9976987,0.2844562,1.038725,-0.6867678,0.03280339,-0.6444826,0.3345388,140.911,-0.7287574,0.03480902,-0.6838868,-0.00130574,0.002301335,0.01554382,0.01576742,-0.02193149,-0.03781623,0.09920789,0.9941061,12.44762,-0.2022968,-0.3488181,0.9150966,-0.01565761,1.058168,-0.01743316,1.058427,-0.01511721,0.07971736,-0.02542021,0.9963787,9.755138,-0.1777934,0.937555,-0.2989668,False
1773034742691,3.110465,0.05084329,0.8840348,0.2999065,0.9349046,0.6856725,0.3241935,0.5311869,-0.3776141,224.3719,0.7404965,0.3501149,0.5736588,0.03609515,1.007177,0.2928108,1.049498,0.05583529,1.020969,0.2742163,1.058626,0.05005292,1.015621,0.2926659,1.058133,-0.005188635,-0.07793545,0.1063281,0.1319338,-0.01904627,-0.06417105,0.1320695,0.1480643,-0.001606553,-0.06989697,0.1212531,0.139966,0,0,0,0,0,0,0,0,0,1,0,0,-0.07281371,0.5843002,0.1069297,0.5984501,0.2678791,-0.01462235,0.9199627,0.2858247,146.7837,0.279541,-0.01525892,0.9600126,-0.02963554,0.6520353,0.2054119,0.6842678,0.0112744,0.620386,0.2336425,0.6630194,0.02118871,0.6265797,0.1960991,0.6568911,0.05791133,-0.07142662,0.09880521,0.1349739,0.02541197,-0.06272498,0.1515753,0.1659978,0.001535958,-0.07887854,0.1213591,0.1447488,0,0,0,0,0,0,0,0,0,1,0,0,0.05140632,0.9982744,0.2865191,1.03985,-0.6910945,0.03001194,-0.6386449,0.3370761,140.6023,-0.7340533,0.0318775,-0.6783434,-0.001406323,0.001725554,0.0134809,0.01366345,-0.01983901,-0.04355503,0.09376708,0.9944432,12.08599,-0.1884499,-0.4137273,0.8906893,-0.01580938,1.058219,-0.01743361,1.058481,-0.01582049,0.07960749,-0.02500323,0.9963871,9.743805,-0.1862806,0.9373492,-0.2944039,False
1773034742705,3.124283,0.05232397,0.8840287,0.3034731,0.9361305,0.6866989,0.3240913,0.5251904,-0.3841673,225.1841,0.7437735,0.351028,0.5688412,0.03615579,1.007104,0.2969158,1.050583,0.05544928,1.021048,0.2783266,1.059755,0.05009858,1.015744,0.2968202,1.059409,-0.00541338,-0.07794046,0.1064206,0.1320203,-0.01907153,-0.06418265,0.1319772,0.1479903,-0.001601892,-0.06989488,0.1213949,0.1400878,0,0,0,0,0,0,0,0,0,1,0,0,-0.07281882,0.5842853,0.1068664,0.5984249,0.2676542,-0.01462145,0.9200296,0.2858198,146.7843,0.2793059,-0.01525796,0.960081,-0.029779,0.6519484,0.2054951,0.6842161,0.01121486,0.6203669,0.2336247,0.6629943,0.02112338,0.6265783,0.1960503,0.6568732,0.05800322,-0.07127981,0.09889836,0.135004,0.02540234,-0.06270424,0.1515931,0.1660047,0.001536631,-0.0788694,0.1213297,0.1447192,0,0,0,0,0,0,0,0,0,1,0,0,0.05148681,0.9983251,0.290594,1.041033,-0.6948358,0.03003249,-0.6320388,0.3418016,140.0267,-0.7393663,0.0319572,-0.6725447,-0.001486804,0.001674891,0.00940606,0.009669013,-0.02116971,-0.05064914,0.08848907,0.9945634,11.95441,-0.2032954,-0.48639,0.8497716,-0.01589937,1.058257,-0.01737067,1.058519,-0.01635986,0.07940795,-0.02475385,0.9964005,9.725613,-0.1929906,0.936743,-0.292011,False
1773034742720,3.138308,0.05293592,0.884113,0.3059947,0.9370649,0.6874769,0.3289671,0.5203639,-0.3851981,225.3121,0.7449628,0.3564748,0.563876,0.03524392,1.007103,0.298135,1.050896,0.05440882,1.020943,0.2797957,1.059986,0.04941232,1.016065,0.2983525,1.060115,-0.005917452,-0.07805631,0.1065702,0.1322309,-0.01910762,-0.06419811,0.1319413,0.1479696,-0.001562631,-0.06989439,0.1217853,0.1404256,0,0,0,0,0,0,0,0,0,1,0,0,-0.07297723,0.5841888,0.1069312,0.5983615,0.2678472,-0.01460563,0.9200969,0.2854229,146.8317,0.2794729,-0.01523957,0.9600327,-0.03002162,0.6518115,0.2056493,0.6841427,0.01105918,0.6202908,0.2336724,0.6629372,0.02093119,0.6265283,0.1960656,0.6568238,0.05806873,-0.07119307,0.09895062,0.1350247,0.02540391,-0.06269164,0.1515891,0.1659966,0.001540232,-0.07885636,0.1212859,0.1446754,0,0,0,0,0,0,0,0,0,1,0,0,0.05078597,0.9982941,0.2922731,1.041438,-0.6976342,0.02461399,-0.6287405,0.3426165,139.9273,-0.7425786,0.02619972,-0.6692465,-0.0007859655,0.001705885,0.007726938,0.007951939,-0.01700213,-0.05260735,0.08325978,0.9949932,11.47193,-0.1701162,-0.5263671,0.8330626,-0.01590018,1.058307,-0.01723215,1.058566,-0.01698935,0.07933394,-0.02464304,0.9963986,9.72819,-0.2003641,0.9356256,-0.290628,False
1773034742733,3.152256,0.05554372,0.8841686,0.3089478,0.9382366,0.6886873,0.3361657,0.5084792,-0.3926211,226.2354,0.7488171,0.3655165,0.5528749,0.03471661,1.00695,0.2995999,1.051149,0.05303213,1.020862,0.2818953,1.060395,0.04890466,1.016797,0.3005469,1.061413,-0.006943539,-0.07782451,0.1071795,0.132636,-0.01913743,-0.06419108,0.1319927,0.1480163,-0.001436039,-0.06990121,0.1228108,0.1413179,0,0,0,0,0,0,0,0,0,1,0,0,-0.07297236,0.5841067,0.1068947,0.5982742,0.2675695,-0.01451144,0.9201213,0.2856096,146.8094,0.2791992,-0.01514217,0.9601139,-0.03013186,0.651719,0.2057053,0.6840762,0.01100217,0.6202458,0.233654,0.6628877,0.02088095,0.6264538,0.1960425,0.6567443,0.05816569,-0.07109291,0.09900541,0.1350538,0.02541446,-0.06269051,0.1515763,0.165986,0.001550692,-0.07883982,0.1212625,0.1446469,0,0,0,0,0,0,0,0,0,1,0,0,0.05019123,0.9981675,0.2946009,1.041944,-0.7042261,0.01655129,-0.6183768,0.3484276,139.2177,-0.7513062,0.0176578,-0.6597176,-0.0001912266,0.001832545,0.005399108,0.005704836,-0.0126078,-0.06099719,0.07062569,0.9955564,10.80676,-0.1338876,-0.6477548,0.7500038,-0.01588564,1.058337,-0.01708682,1.058594,-0.0176997,0.07908509,-0.02436789,0.9964128,9.709001,-0.2091529,0.9345288,-0.2879493,False
1773034742747,3.166056,0.05791155,0.8842229,0.3118263,0.9393825,0.6897441,0.3433307,0.4963855,-0.3999732,227.153,0.7525629,0.3745997,0.541594,0.03389399,1.006655,0.3011197,1.051273,0.0513877,1.02068,0.2839725,1.060693,0.04808339,1.017379,0.3026918,1.062541,-0.007881264,-0.07758273,0.1077336,0.1329952,-0.01916979,-0.06418268,0.1320591,0.148076,-0.0013169,-0.06987376,0.1237679,0.1421357,0,0,0,0,0,0,0,0,0,1,0,0,-0.07296424,0.5840214,0.1068551,0.5981829,0.2672483,-0.01438814,0.9201382,0.2858618,146.7793,0.278886,-0.0150147,0.9602069,-0.03025282,0.6515884,0.2057953,0.6839842,0.01094274,0.6202054,0.2336328,0.6628414,0.02083276,0.6263744,0.1960199,0.6566603,0.05827395,-0.07094146,0.09909864,0.1350892,0.025428,-0.06269044,0.1515613,0.1659744,0.001562601,-0.07882105,0.1212419,0.1446195,0,0,0,0,0,0,0,0,0,1,0,0,0.04933369,0.9979502,0.2969011,1.042348,-0.7106912,0.008425773,-0.6077935,0.354167,138.5152,-0.7599494,0.009009766,-0.6499199,0.0006663129,0.002049804,0.003098905,0.003774769,-0.008160543,-0.0694249,0.05790315,0.995872,10.41579,-0.08990375,-0.764846,0.6379122,-0.0158323,1.05834,-0.01691979,1.058594,-0.01811672,0.0790887,-0.02382942,0.9964181,9.701896,-0.2142368,0.9352527,-0.2817916,False
1773034742761,3.179997,0.05812176,0.8847687,0.3135523,0.9404833,0.6909534,0.3454439,0.4927956,-0.4005053,227.2195,0.7540736,0.3770009,0.5378136,0.03328411,1.007177,0.3018356,1.051959,0.05082985,1.021266,0.2850102,1.061508,0.04772722,1.018678,0.3038447,1.064098,-0.00844552,-0.07762556,0.1079577,0.1332363,-0.01918621,-0.06415981,0.1323252,0.1483056,-0.001164399,-0.07008319,0.1246651,0.1430189,0,0,0,0,0,0,0,0,0,1,0,0,-0.07304693,0.5840905,0.1068276,0.5982555,0.2673144,-0.01452267,0.9202623,0.2853932,146.8353,0.2789144,-0.01515287,0.9601964,-0.03045364,0.6516237,0.2058693,0.684049,0.01083567,0.6202593,0.2336218,0.6628862,0.0206991,0.6264645,0.1960077,0.6567383,0.05833961,-0.07088505,0.09913132,0.1351119,0.02540561,-0.06267969,0.1515658,0.165971,0.001558471,-0.078805,0.1212289,0.1445998,0,0,0,0,0,0,0,0,0,1,0,0,0.04884722,0.9983743,0.2981251,1.04308,-0.7130238,0.005874023,-0.6051213,0.3541056,138.5227,-0.7624248,0.006280997,-0.6470463,0.00115278,0.001625717,0.001874924,0.002736274,-0.005441988,-0.07171149,0.05535785,0.9958732,10.41413,-0.0599633,-0.790163,0.6099682,-0.01576176,1.058327,-0.01675129,1.058577,-0.01826747,0.0789761,-0.02360117,0.9964297,9.686132,-0.2163706,0.9354391,-0.2795461,False
1773034742773,3.193837,0.05889424,0.8847585,0.3138775,0.9406302,0.6900111,0.3496673,0.4887194,-0.4034487,227.5879,0.7541087,0.3821491,0.5341183,0.03275716,1.006977,0.301547,1.051669,0.04999173,1.021547,0.2849724,1.061728,0.0470046,1.019054,0.3039038,1.064443,-0.00878894,-0.07733197,0.1083213,0.1333828,-0.01917874,-0.06414945,0.13287,0.1487865,-0.001060035,-0.07011563,0.1252899,0.1435788,0,0,0,0,0,0,0,0,0,1,0,0,-0.07312695,0.5840028,0.1068719,0.5981876,0.2672347,-0.0146624,0.9202543,0.2854867,146.8241,0.2788392,-0.01529911,0.960216,-0.03060139,0.6515037,0.2059979,0.68398,0.01073585,0.62011,0.2337109,0.6627763,0.02061237,0.6263313,0.196082,0.6566307,0.05841713,-0.07083586,0.09915827,0.1351393,0.0254064,-0.0626587,0.1515876,0.1659831,0.001554222,-0.07879937,0.1212337,0.1446007,0,0,0,0,0,0,0,0,0,1,0,0,0.04813105,0.9982038,0.298239,1.042916,-0.7144422,0.001304179,-0.6016779,0.3571476,138.1497,-0.7648882,0.001396266,-0.6441617,0.001868952,0.001796246,0.001761049,0.003133811,-0.003821472,-0.07335513,0.04914234,0.9960871,10.14044,-0.0432408,-0.8300294,0.5560564,-0.01570381,1.058297,-0.01660758,1.058544,-0.01840776,0.0788573,-0.02326217,0.9964445,9.666048,-0.218484,0.9359671,-0.2761016,False
1773034742789,3.207808,0.0588074,0.8849324,0.3138757,0.9407878,0.6880783,0.3525478,0.4899993,-0.4026897,227.4929,0.7517217,0.3851565,0.5353215,0.03233635,1.007066,0.3011948,1.05164,0.0496545,1.021716,0.2846647,1.061793,0.04670755,1.02007,0.3036638,1.065334,-0.008788278,-0.07732491,0.1083555,0.1334065,-0.01921426,-0.06412496,0.1329657,0.148866,-0.0008856389,-0.07034245,0.1262266,0.144506,0,0,0,0,0,0,0,0,0,1,0,0,-0.07302091,0.5840394,0.1068014,0.5981979,0.2668791,-0.01483773,0.9203562,0.2854818,146.8247,0.2784678,-0.01548202,0.9603208,-0.03068394,0.6515427,0.206058,0.6840389,0.01075009,0.6201365,0.2336769,0.6627893,0.02062695,0.6263533,0.1960684,0.6566481,0.05855435,-0.07077531,0.09917872,0.135182,0.02538497,-0.06267602,0.1515585,0.1659598,0.001556516,-0.07879028,0.1212012,0.1445686,0,0,0,0,0,0,0,0,0,1,0,0,0.04774393,0.9983167,0.2980065,1.04294,-0.7127323,-0.001550972,-0.603366,0.3577148,138.0802,-0.7632348,-0.001660871,-0.6461191,0.002256069,0.001683295,0.001993537,0.003449278,-0.003149702,-0.07008421,0.0474122,0.9964088,9.714407,-0.03719851,-0.8277063,0.559946,-0.01567046,1.058246,-0.0164933,1.058491,-0.01863772,0.07873466,-0.02280528,0.9964604,9.644298,-0.221711,0.9366137,-0.2712876,False
1773034742802,3.221872,0.05891279,0.8851084,0.3141539,0.9410527,0.6881951,0.3530786,0.4884348,-0.4039238,227.6474,0.7522963,0.3859657,0.5339296,0.03209608,1.00719,0.3015476,1.051852,0.04931869,1.022002,0.2849156,1.062119,0.04645947,1.020557,0.3039875,1.065882,-0.008760383,-0.07727516,0.1084126,0.1334222,-0.01923294,-0.06411651,0.1331362,0.1490171,-0.0008089802,-0.0704141,0.1265972,0.1448643,0,0,0,0,0,0,0,0,0,1,0,0,-0.07312629,0.5840117,0.1068247,0.5981877,0.2669449,-0.01473525,0.9204341,0.2851743,146.8615,0.2785099,-0.01537363,0.9603103,-0.0309157,0.6515597,0.2061496,0.6840931,0.0106497,0.620136,0.2336914,0.6627924,0.02050702,0.6263641,0.1960842,0.6566594,0.05867226,-0.07072797,0.09919354,0.1352192,0.02536142,-0.06265884,0.1515717,0.1659617,0.00154452,-0.07877058,0.1212105,0.1445655,0,0,0,0,0,0,0,0,0,1,0,0,0.0474529,0.9984572,0.2983129,1.043149,-0.7135493,-0.00218299,-0.6018412,0.3586499,137.9654,-0.7644035,-0.002338571,-0.644734,0.002547096,0.001542807,0.00168708,0.0034226,-0.002966756,-0.07143875,0.04586378,0.9963856,9.745735,-0.03492555,-0.8409986,0.5399223,-0.01561441,1.05821,-0.01636052,1.058452,-0.0186362,0.07845993,-0.02217994,0.9964963,9.595342,-0.2228216,0.9380971,-0.2651919,True
1773034742817,3.235516,0.05883993,0.8852384,0.3139548,0.941104,0.6875127,0.3552124,0.4882134,-0.4034826,227.5921,0.7513905,0.3882157,0.533574,0.03169333,1.007223,0.3009557,1.051702,0.04890926,1.022116,0.2843345,1.062054,0.04629336,1.021737,0.3034511,1.066851,-0.008799756,-0.07724858,0.1084508,0.1334405,-0.01926222,-0.06411891,0.1332349,0.1491101,-0.0006038103,-0.0706226,0.1277892,0.1460068,0,0,0,0,0,0,0,0,0,1,0,0,-0.07303936,0.5839654,0.1067706,0.5981223,0.2665915,-0.01481009,0.9204699,0.2853854,146.8362,0.2781594,-0.01545272,0.9604107,-0.03094462,0.6515149,0.2061785,0.6840605,0.01065298,0.6200756,0.2336733,0.6627296,0.02052149,0.626281,0.1960638,0.6565744,0.05876229,-0.07067882,0.09921472,0.1352482,0.02535851,-0.06265447,0.1515521,0.1659418,0.001543911,-0.07874655,0.1211765,0.1445238,0,0,0,0,0,0,0,0,0,1,0,0,0.04705956,0.9985138,0.2978258,1.043046,-0.7132344,-0.004433736,-0.6021246,0.3587799,137.9494,-0.764107,-0.00474998,-0.6450721,0.002940442,0.001486182,0.002174258,0.003947447,-0.001764466,-0.07019628,0.04436456,0.9965447,9.5288,-0.02124358,-0.8451397,0.5341346,-0.01553414,1.05819,-0.01615222,1.058427,-0.01900452,0.07829629,-0.02174569,0.9965118,9.574085,-0.2277284,0.9382133,-0.2605755,True
1773034742829,3.249489,0.0590432,0.885403,0.3141036,0.9413212,0.6872692,0.3574909,0.4864022,-0.4040721,227.666,0.7513378,0.3908169,0.5317457,0.03124884,1.007232,0.3007968,1.051652,0.0483198,1.022159,0.2841408,1.062017,0.04591932,1.022335,0.303261,1.067354,-0.008818873,-0.07723983,0.1084847,0.1334642,-0.01928059,-0.06415532,0.1332297,0.1491234,-0.0005103881,-0.07070482,0.1283634,0.1465489,0,0,0,0,0,0,0,0,0,1,0,0,-0.07294041,0.583917,0.1067118,0.5980525,0.2661352,-0.01490164,0.9205027,0.2857008,146.7985,0.2777105,-0.01554977,0.960539,-0.03096741,0.6514693,0.2062043,0.6840259,0.01064887,0.6200082,0.233662,0.6626624,0.02053712,0.6261834,0.1960513,0.6564781,0.058853,-0.07063089,0.09923474,0.1352772,0.02535712,-0.06265051,0.1515296,0.1659195,0.001543547,-0.07872093,0.1211398,0.1444791,0,0,0,0,0,0,0,0,0,1,0,0,0.04664432,0.9985731,0.2977011,1.043048,-0.7139195,-0.006943718,-0.6008609,0.3594956,137.8616,-0.7650666,-0.007441185,-0.6439082,0.003355678,0.001426935,0.002298892,0.004310641,-0.0003105639,-0.07056011,0.04179072,0.9966318,9.407975,-0.003786995,-0.8604051,0.5095932,-0.01544427,1.0582,-0.01593054,1.058432,-0.01897044,0.07828137,-0.02167556,0.9965151,9.569501,-0.2274292,0.9384845,-0.2598598,True
1773034742844,3.263285,0.05946686,0.885711,0.3144506,0.9417534,0.6870204,0.360288,0.4840192,-0.4048716,227.7662,0.7513564,0.3940271,0.5293452,0.03084468,1.007332,0.3007729,1.051728,0.04773496,1.022298,0.2840731,1.062106,0.04557057,1.023042,0.3031846,1.067994,-0.008842682,-0.07723547,0.1085172,0.1334896,-0.01929732,-0.06420067,0.1332112,0.1491286,-0.0004200084,-0.07077815,0.1289357,0.1470854,0,0,0,0,0,0,0,0,0,1,0,0,-0.0729273,0.5838037,0.1066098,0.597922,0.2659872,-0.01486343,0.9206507,0.2853636,146.8388,0.2775269,-0.01550828,0.9605927,-0.03110991,0.6513586,0.2062024,0.6839264,0.01060624,0.6199152,0.233593,0.6625504,0.02049585,0.6261251,0.1960035,0.6564069,0.05893762,-0.07055556,0.09927926,0.1353074,0.02532875,-0.06262437,0.1515471,0.1659213,0.001544433,-0.07871237,0.1211648,0.1444954,0,0,0,0,0,0,0,0,0,1,0,0,0.04628496,0.9987433,0.2977119,1.043198,-0.7148567,-0.0100417,-0.5991567,0.360403,137.7501,-0.7663585,-0.01076515,-0.642323,0.003715042,0.001256704,0.002288103,0.004540513,0.001511984,-0.07116545,0.03854915,0.9967183,9.286341,0.01867803,-0.8791302,0.4762104,-0.01534921,1.058245,-0.01571371,1.058473,-0.01913863,0.0781236,-0.021062,0.9965374,9.538745,-0.2301832,0.9396043,-0.2533158,True
1773034742858,3.277032,0.06027258,0.8860847,0.3148516,0.9422899,0.6861587,0.3638696,0.4809046,-0.4068366,228.0125,0.7511308,0.3983243,0.5264413,0.03043609,1.007404,0.3008286,1.051802,0.0471498,1.022586,0.2841545,1.062379,0.04502464,1.023452,0.3033098,1.0684,-0.008956919,-0.07719598,0.108574,0.1335206,-0.01930487,-0.06421378,0.1333344,0.1492452,-0.0003714397,-0.07083426,0.1291491,0.1472995,0,0,0,0,0,0,0,0,0,1,0,0,-0.07287276,0.5837382,0.1065261,0.5978366,0.2656419,-0.01474863,0.9207679,0.2853128,146.8449,0.2771623,-0.01538825,0.9606999,-0.03121552,0.6513073,0.2062102,0.6838847,0.01058125,0.6198813,0.2335591,0.6625063,0.0204742,0.6261212,0.1959352,0.6563821,0.05902871,-0.07046738,0.0993262,0.1353356,0.0253088,-0.06259681,0.1515679,0.1659269,0.001541727,-0.07871659,0.1211329,0.144471,0,0,0,0,0,0,0,0,0,1,0,0,0.04593199,0.9989408,0.2978785,1.043419,-0.7158015,-0.0139436,-0.5966401,0.3625666,137.4842,-0.7680621,-0.01496162,-0.6402008,0.004068013,0.001059175,0.002121508,0.00470865,0.003057584,-0.07208971,0.03366272,0.9968253,9.133549,0.03840176,-0.9054115,0.4227873,-0.01523159,1.058332,-0.0154743,1.058555,-0.01960152,0.07797096,-0.02040194,0.9965541,9.515717,-0.2363196,0.9400325,-0.2459697,True
1773034742871,3.290954,0.06130064,0.8866046,0.3157169,0.9431345,0.6836529,0.368484,0.4807803,-0.4070485,228.0391,0.7484651,0.4034173,0.5263596,0.03052144,1.007655,0.3011807,1.052146,0.0471702,1.022916,0.2846256,1.062823,0.04508604,1.02426,0.3037733,1.069308,-0.0090257,-0.07718969,0.1086076,0.1335489,-0.01933037,-0.06423967,0.1333176,0.1492447,-0.0002901836,-0.07090112,0.1296317,0.1477547,0,0,0,0,0,0,0,0,0,1,0,0,-0.07277603,0.5835756,0.1065181,0.5976646,0.2653053,-0.01488182,0.9208114,0.2854785,146.8251,0.2768253,-0.01552801,0.9607947,-0.03128516,0.6511058,0.2063303,0.6837322,0.0106061,0.6196433,0.2336344,0.6623107,0.02050597,0.6259284,0.1959738,0.6562108,0.05915522,-0.07036188,0.0993624,0.1353626,0.02529029,-0.06255248,0.1516032,0.1659396,0.001544212,-0.07871,0.1211076,0.1444462,0,0,0,0,0,0,0,0,0,1,0,0,0.04610592,0.999298,0.2984096,1.043921,-0.7143891,-0.01868622,-0.5971727,0.364258,137.2762,-0.7670896,-0.02006471,-0.6412261,0.003894076,0.0007019639,0.001590401,0.0042645,0.004360161,-0.0691282,0.02953333,0.9971611,8.636667,0.05790548,-0.9180629,0.3922199,-0.01518572,1.058434,-0.01524276,1.058653,-0.02027101,0.07770645,-0.01973411,0.9965748,9.487099,-0.2451269,0.9396645,-0.2386345,True
1773034742886,3.305032,0.06198123,0.8871522,0.3167852,0.9440517,0.6817207,0.3724608,0.4810472,-0.406354,227.952,0.7460971,0.4076332,0.5264736,0.03043053,1.008042,0.3013119,1.052551,0.04719603,1.023276,0.2851818,1.063321,0.04503456,1.024744,0.3043305,1.069928,-0.009450059,-0.07726873,0.1087083,0.1337059,-0.01935569,-0.06426016,0.1333048,0.1492454,-0.0002751035,-0.07091474,0.1297075,0.1478276,0,0,0,0,0,0,0,0,0,1,0,0,-0.07284262,0.5834973,0.1065608,0.5976038,0.265249,-0.01480468,0.9207883,0.2856093,146.8094,0.2767779,-0.01544815,0.9608097,-0.03165108,0.6511134,0.2065567,0.6838247,0.01054157,0.6195248,0.2337037,0.6622232,0.02040417,0.6258523,0.1959617,0.6561314,0.05952758,-0.07022291,0.09937216,0.1354608,0.02527791,-0.06250093,0.1516422,0.1659539,0.00154877,-0.07869395,0.1210426,0.144383,0,0,0,0,0,0,0,0,0,1,0,0,0.04621809,0.9997005,0.2990471,1.044493,-0.7130898,-0.02280539,-0.5981835,0.3649101,137.1959,-0.7659045,-0.02449446,-0.6424877,0.003781915,0.0002995133,0.0009528697,0.003911592,0.005976054,-0.06609237,0.02667013,0.9974391,8.202623,0.08355746,-0.9241067,0.372903,-0.01533029,1.058583,-0.01502996,1.0588,-0.02078778,0.07731462,-0.0186794,0.996615,9.431267,-0.2528603,0.9404467,-0.2272142,True
1773034742899,3.318748,0.06222185,0.8876532,0.3171495,0.9446605,0.680339,0.3757866,0.4809352,-0.4057397,227.875,0.7443626,0.4111502,0.5261937,0.02990012,1.008436,0.300567,1.0527,0.04687062,1.023615,0.2850379,1.063594,0.04463947,1.025164,0.3042067,1.070279,-0.01011924,-0.07740521,0.1088569,0.1339545,-0.01939435,-0.06427165,0.1333162,0.1492655,-0.0002687148,-0.07092773,0.1297535,0.1478742,0,0,0,0,0,0,0,0,0,1,0,0,-0.07292016,0.5834383,0.1066577,0.597573,0.2652917,-0.01461305,0.920867,0.285326,146.8433,0.276798,-0.01524685,0.960807,-0.03183429,0.6510799,0.2067207,0.6838508,0.01044758,0.6195322,0.2337655,0.6622503,0.02026343,0.6258891,0.1959783,0.6561671,0.05961623,-0.07015184,0.09941565,0.1354948,0.0252693,-0.06248665,0.1516239,0.1659304,0.001561533,-0.07869048,0.1209608,0.1443126,0,0,0,0,0,0,0,0,0,1,0,0,0.04596688,1.000067,0.2990048,1.044821,-0.7122772,-0.02629887,-0.5987676,0.365304,137.1474,-0.7651585,-0.02825137,-0.6432217,0.004033118,-6.663799E-05,0.0009952486,0.004154637,0.007580709,-0.06387391,0.02425632,0.9976344,7.88357,0.1102764,-0.9291721,0.3528561,-0.01539063,1.058669,-0.01481078,1.058885,-0.02128627,0.07692886,-0.01802365,0.9966464,9.387381,-0.2601322,0.9401215,-0.2202609,True
1773034742913,3.332885,0.0624514,0.8880956,0.3175075,0.9452116,0.6789881,0.3790496,0.4808184,-0.4051054,227.7955,0.742656,0.4145926,0.5259041,0.02940399,1.008749,0.2998674,1.052787,0.04655136,1.023891,0.2848848,1.063805,0.04424547,1.025517,0.3040764,1.070563,-0.01073025,-0.07752233,0.108987,0.1341753,-0.01943604,-0.06428229,0.1333264,0.1492846,-0.0002644824,-0.07094403,0.1297905,0.1479145,0,0,0,0,0,0,0,0,0,1,0,0,-0.07300566,0.5833805,0.1067662,0.5975464,0.265381,-0.01438265,0.9209511,0.2849826,146.8844,0.2768617,-0.01500486,0.9607927,-0.03201115,0.6510502,0.2068862,0.6838809,0.01035085,0.6195583,0.2338235,0.6622939,0.02011248,0.6259447,0.195989,0.6562186,0.05969021,-0.07008503,0.09946207,0.1355269,0.02526217,-0.06247553,0.1515975,0.1659011,0.001576702,-0.07868822,0.1208686,0.1442343,0,0,0,0,0,0,0,0,0,1,0,0,0.04571972,1.000373,0.2989562,1.045089,-0.7114775,-0.02973312,-0.599341,0.3656585,137.1038,-0.7644138,-0.03194537,-0.6439341,0.004280284,-0.0003726482,0.001043797,0.004421449,0.009179756,-0.06169099,0.02190382,0.9978127,7.580472,0.1388684,-0.9332416,0.3313541,-0.01535627,1.058723,-0.01456053,1.058934,-0.02135826,0.07664762,-0.01721437,0.9966809,9.339011,-0.2623607,0.9415244,-0.211458,True
1773034742928,3.346684,0.06259415,0.888334,0.317743,0.9455242,0.6779519,0.3837283,0.4795598,-0.4039261,227.6477,0.7410998,0.4194707,0.5242285,0.02870496,1.008706,0.2989,1.052451,0.04583937,1.023817,0.2841985,1.063518,0.0435015,1.025602,0.3033682,1.070413,-0.01106612,-0.07755235,0.1090996,0.1343114,-0.01945807,-0.06431449,0.1333242,0.1492994,-0.000266063,-0.07094482,0.1298646,0.1479799,0,0,0,0,0,0,0,0,0,1,0,0,-0.07295702,0.5832512,0.1066957,0.5974016,0.2651971,-0.01432149,0.921077,0.2847502,146.9122,0.2766499,-0.01493998,0.9608546,-0.0323891,0.6509837,0.2070917,0.6838975,0.0103153,0.6194873,0.2337634,0.6622056,0.0201141,0.6258962,0.1959585,0.6561633,0.06010988,-0.06987806,0.09951968,0.1356477,0.02526675,-0.06246994,0.1515724,0.1658768,0.001587401,-0.07871266,0.1208772,0.144255,0,0,0,0,0,0,0,0,0,1,0,0,0.04514987,1.000373,0.2984267,1.044913,-0.7113099,-0.03482011,-0.5993698,0.3654886,137.1247,-0.7641789,-0.03740817,-0.6439188,0.004850127,-0.0003733635,0.001573265,0.005112562,0.01245358,-0.05960818,0.01860923,0.9979708,7.301536,0.1955807,-0.9361337,0.292254,-0.01526426,1.058761,-0.01432481,1.058968,-0.02119227,0.07639207,-0.0167275,0.9967123,9.29469,-0.2615598,0.9428478,-0.2064545,True
1773034742942,3.360523,0.06279156,0.8885495,0.3176928,0.9457228,0.6774625,0.3900048,0.4756076,-0.4034082,227.5828,0.7403799,0.4262254,0.5197783,0.02754128,1.008385,0.2976162,1.051748,0.0444513,1.023521,0.2828504,1.062814,0.04214196,1.025503,0.3020015,1.069877,-0.01114555,-0.07753557,0.1091715,0.1343667,-0.01948875,-0.06435271,0.1333269,0.1493223,-0.0002738285,-0.07094143,0.1299322,0.1480376,0,0,0,0,0,0,0,0,0,1,0,0,-0.07283419,0.5831808,0.106596,0.5973001,0.2648391,-0.01435159,0.9211057,0.2849885,146.8837,0.2762969,-0.01497249,0.9609557,-0.03290829,0.6510137,0.2074067,0.6840463,0.01035834,0.6193888,0.2337178,0.6620981,0.02019785,0.6258272,0.1959002,0.6560827,0.06082055,-0.06956383,0.09956507,0.1358362,0.02526298,-0.06244098,0.1515792,0.1658714,0.001589862,-0.07873223,0.1208655,0.1442559,0,0,0,0,0,0,0,0,0,1,0,0,0.04406335,1.000194,0.2973191,1.044379,-0.7126255,-0.04184923,-0.5972794,0.3656105,137.1097,-0.7656317,-0.04496204,-0.6417059,0.005936652,-0.0001935959,0.002680868,0.006516777,0.01746353,-0.05915856,0.01311189,0.9980098,7.230827,0.2769386,-0.9381431,0.2079299,-0.01518617,1.058764,-0.01409595,1.058967,-0.02125286,0.07595132,-0.01570519,0.9967613,9.225052,-0.2642838,0.9444705,-0.1952973,True
1773034742955,3.374395,0.06302769,0.8888707,0.3178042,0.9460777,0.6758023,0.3960168,0.4727376,-0.4037092,227.6205,0.7386727,0.4328585,0.5167167,0.02655299,1.008208,0.2968129,1.051326,0.04311991,1.023426,0.2820451,1.062455,0.0408147,1.025598,0.3011839,1.069687,-0.01118362,-0.07737952,0.1093111,0.1343934,-0.01952646,-0.06438453,0.1333595,0.14937,-0.0002710976,-0.07094143,0.130085,0.1481717,0,0,0,0,0,0,0,0,0,1,0,0,-0.07300615,0.5833139,0.1066611,0.5974627,0.2650349,-0.01438265,0.9211448,0.2846788,146.9207,0.2764746,-0.01500344,0.9609041,-0.03323118,0.6511696,0.2075751,0.6842613,0.01019312,0.6195258,0.2337554,0.6622369,0.02003482,0.6260021,0.1959341,0.6562546,0.06099385,-0.06949995,0.09957121,0.1358857,0.02526347,-0.06243386,0.1515612,0.1658525,0.001586491,-0.07875295,0.1208505,0.1442546,0,0,0,0,0,0,0,0,0,1,0,0,0.04300493,1.000153,0.2966937,1.044118,-0.7128031,-0.04841544,-0.5957555,0.3669375,136.9463,-0.7662526,-0.05204587,-0.6404282,0.006995074,-0.0001525879,0.003306299,0.007738602,0.02090296,-0.05786048,0.007305842,0.9980792,7.103852,0.3373999,-0.9339404,0.1179254,-0.01512391,1.058749,-0.01384505,1.058948,-0.0212215,0.07555385,-0.01491782,0.9968043,9.163609,-0.2656589,0.9458122,-0.186747,True
1773034742969,3.388252,0.06374314,0.8890697,0.3180538,0.9463965,0.6737428,0.3988919,0.4709129,-0.4064443,227.9633,0.7373983,0.4365793,0.5154049,0.02628629,1.008141,0.2971311,1.051345,0.04249179,1.023446,0.2824506,1.062556,0.04030537,1.025734,0.3015535,1.069901,-0.01122011,-0.0772242,0.1094491,0.1344194,-0.01955396,-0.06441484,0.1333242,0.1493552,-0.0002788542,-0.07089496,0.13026,0.1483032,0,0,0,0,0,0,0,0,0,1,0,0,-0.07292156,0.5831924,0.1066033,0.5973234,0.2647689,-0.01430544,0.9213133,0.2843848,146.9559,0.276172,-0.01492155,0.9609925,-0.03331295,0.6511174,0.20758,0.6842172,0.01017519,0.6194977,0.2336982,0.6621901,0.02002686,0.6259785,0.1958992,0.6562214,0.06108499,-0.06948125,0.09957857,0.1359224,0.02526008,-0.06245128,0.1515169,0.165818,0.001598985,-0.07876743,0.1208187,0.144236,0,0,0,0,0,0,0,0,0,1,0,0,0.04264782,1.00018,0.2970838,1.04424,-0.712452,-0.05140497,-0.5938908,0.3702209,136.5415,-0.7669485,-0.05533701,-0.6393183,0.007352177,-0.0001798868,0.002916217,0.00791146,0.02058427,-0.05794573,0.002488239,0.9981045,7.056841,0.3344654,-0.9415366,0.04043039,-0.01505331,1.058709,-0.01357376,1.058903,-0.02083136,0.07472841,-0.01397355,0.9968884,9.042161,-0.26427,0.9480168,-0.1772707,True
1773034742983,3.402149,0.0644189,0.8895599,0.3187668,0.9471425,0.6719353,0.4055258,0.4689221,-0.4051714,227.8037,0.7349654,0.4435657,0.5129088,0.0259695,1.008114,0.2966234,1.051167,0.04188571,1.023386,0.2819301,1.062336,0.03967432,1.025973,0.3009798,1.069945,-0.01122081,-0.07706871,0.1095842,0.1344403,-0.01959641,-0.06443094,0.133301,0.149347,-0.0002884072,-0.07086667,0.1304419,0.1484495,0,0,0,0,0,0,0,0,0,1,0,0,-0.07294891,0.5831676,0.106618,0.5973051,0.2647343,-0.01420263,0.921339,0.2843388,146.9613,0.276132,-0.01481409,0.9610056,-0.03351119,0.6511495,0.207694,0.6842919,0.01013032,0.6195004,0.2337145,0.6621977,0.02001506,0.6260174,0.1959117,0.656262,0.06127858,-0.0694056,0.09959323,0.1359817,0.02526579,-0.06243726,0.1515199,0.1658163,0.00160143,-0.07880972,0.1208282,0.1442671,0,0,0,0,0,0,0,0,0,1,0,0,0.0422423,1.000263,0.296783,1.044218,-0.7120398,-0.05865579,-0.5936017,0.3703997,136.5195,-0.7665635,-0.06314729,-0.6390561,0.007757701,-0.0002628565,0.003217041,0.008402403,0.02492334,-0.05511409,-0.002611792,0.9981657,6.942042,0.4116571,-0.9103157,-0.04313879,-0.01514839,1.0586,-0.01335661,1.058793,-0.02052558,0.07407168,-0.01344779,0.996951,8.950718,-0.2630462,0.9492677,-0.1723405,True
1773034742997,3.416175,0.06553967,0.8901612,0.3197469,0.9481141,0.6720961,0.412455,0.465533,-0.4018043,227.382,0.7339492,0.4504133,0.5083761,0.0261956,1.008085,0.2957838,1.050909,0.04192468,1.023225,0.2809709,1.061929,0.03969432,1.026186,0.299934,1.069857,-0.01123547,-0.077017,0.1096428,0.1344596,-0.01961455,-0.06446707,0.1332523,0.1493215,-0.0003053705,-0.07086924,0.1305537,0.148549,0,0,0,0,0,0,0,0,0,1,0,0,-0.07297969,0.5831458,0.1066364,0.5972909,0.2647213,-0.01408546,0.9213522,0.2843139,146.9643,0.2761163,-0.01469177,0.9610119,-0.03373646,0.6511992,0.2078225,0.6843894,0.01009007,0.6195059,0.233733,0.6622088,0.02003256,0.626063,0.1959414,0.6563148,0.06151095,-0.06932236,0.09960255,0.1360509,0.02527367,-0.06242233,0.1515264,0.1658178,0.001597426,-0.07886863,0.1208681,0.1443326,0,0,0,0,0,0,0,0,0,1,0,0,0.04247745,1.000349,0.2961451,1.044128,-0.7132517,-0.06657635,-0.5928449,0.367933,136.8236,-0.767059,-0.07159884,-0.6375689,0.007522549,-0.0003488064,0.003854871,0.008459932,0.03210741,-0.0532041,-0.006559948,0.9980459,7.164998,0.5138361,-0.8514604,-0.1049832,-0.01523677,1.05849,-0.01317429,1.058682,-0.02035115,0.07328992,-0.01255943,0.9970239,8.842931,-0.2639839,0.9506764,-0.1629139,True
1773034743011,3.430059,0.06583548,0.8904842,0.3195385,0.9483677,0.6719918,0.4156133,0.4636694,-0.4008783,227.2662,0.7335103,0.4536613,0.5061168,0.02599216,1.008109,0.2948801,1.050673,0.04158042,1.023242,0.2799791,1.06167,0.03936634,1.02637,0.2989027,1.069733,-0.01120917,-0.07696691,0.1096957,0.1344719,-0.01962434,-0.06449176,0.1332841,0.1493618,-0.000310326,-0.07086827,0.1306758,0.1486559,0,0,0,0,0,0,0,0,0,1,0,0,-0.07273456,0.5830033,0.1065184,0.5971007,0.2641353,-0.01414265,0.921455,0.284523,146.9393,0.2755229,-0.01475238,0.9611814,-0.03366727,0.6510733,0.2078023,0.68426,0.01019271,0.6193796,0.2336776,0.6620727,0.02018955,0.6259449,0.1959069,0.6561968,0.06161112,-0.06926209,0.09962955,0.1360853,0.0252708,-0.06242376,0.1515018,0.1657955,0.001608402,-0.07889517,0.1208536,0.1443351,0,0,0,0,0,0,0,0,0,1,0,0,0.04224796,1.000421,0.2952953,1.043948,-0.7138535,-0.07018308,-0.592058,0.3673621,136.894,-0.7675201,-0.07545935,-0.6365681,0.007752039,-0.0004211664,0.004704684,0.009077749,0.03505599,-0.05269639,-0.008874205,0.9979557,7.328624,0.5485145,-0.8245305,-0.138853,-0.01522793,1.058371,-0.01295072,1.05856,-0.02006054,0.07269577,-0.01192399,0.9970811,8.757555,-0.2627455,0.9521424,-0.1561761,True
1773034743025,3.443746,0.06607087,0.8907412,0.3193683,0.9485681,0.6719418,0.4183246,0.4620223,-0.4000426,227.1617,0.7331635,0.4564388,0.5041179,0.02581351,1.008109,0.2941077,1.050452,0.04127179,1.023241,0.2791212,1.06143,0.03907374,1.02653,0.2980066,1.069625,-0.01117677,-0.07691615,0.1097484,0.1344832,-0.0196301,-0.06451581,0.1333265,0.1494108,-0.0003116218,-0.07087347,0.1308119,0.148778,0,0,0,0,0,0,0,0,0,1,0,0,-0.07264224,0.5831274,0.1065201,0.597211,0.2638711,-0.0142241,0.9214871,0.2846601,146.9229,0.275259,-0.01483797,0.9612557,-0.03394003,0.6512846,0.2080117,0.6845381,0.01024129,0.6194741,0.2336969,0.6621686,0.0202223,0.6260744,0.1959104,0.6563224,0.06200566,-0.06913174,0.09962012,0.1361913,0.02523778,-0.0624221,0.1514896,0.1657786,0.001615254,-0.07891075,0.1207953,0.1442949,0,0,0,0,0,0,0,0,0,1,0,0,0.04203588,1.000456,0.294563,1.043765,-0.714406,-0.0732919,-0.5913536,0.3668152,136.9613,-0.7679358,-0.07878359,-0.6356632,0.007964123,-0.0004556179,0.005437016,0.009653807,0.0376487,-0.05229416,-0.01084213,0.9978629,7.492968,0.5761816,-0.8003181,-0.1659296,-0.01516128,1.058244,-0.0126929,1.058429,-0.01951199,0.07183007,-0.01154687,0.9971592,8.639569,-0.2590435,0.9536246,-0.1532977,True
1773034743039,3.457697,0.06684121,0.8908755,0.3198294,0.9489034,0.6714542,0.420734,0.4602673,-0.4003576,227.2011,0.7327414,0.4591366,0.5022783,0.02604631,1.007996,0.2942165,1.05038,0.04131554,1.023132,0.2792104,1.06135,0.03914074,1.026565,0.298056,1.069675,-0.0111703,-0.0768331,0.1098255,0.1344981,-0.01962744,-0.06452847,0.1333298,0.1494189,-0.0003103339,-0.07088045,0.1309346,0.1488892,0,0,0,0,0,0,0,0,0,1,0,0,-0.07257295,0.5830113,0.1064895,0.5970838,0.2630327,-0.01394281,0.9214382,0.2856067,146.8098,0.274465,-0.01454881,0.9614871,-0.03426936,0.6514165,0.2080992,0.6847066,0.0101878,0.6194165,0.2336992,0.6621147,0.02024977,0.6259483,0.195939,0.6562114,0.06246084,-0.06903863,0.09955399,0.1363036,0.02523828,-0.062422,0.1514609,0.1657525,0.001615333,-0.07892273,0.1207966,0.1443026,0,0,0,0,0,0,0,0,0,1,0,0,0.04221465,1.000388,0.2947142,1.04375,-0.7148075,-0.07600669,-0.5901786,0.3673726,136.8927,-0.7685492,-0.08172113,-0.6345503,0.00778535,-0.0003880262,0.005285829,0.009418186,0.03922433,-0.05233061,-0.01343632,0.9977689,7.656347,0.5875044,-0.7838109,-0.2012499,-0.01510415,1.058127,-0.01244955,1.058308,-0.01893173,0.07143184,-0.01121153,0.9972029,8.572845,-0.2532926,0.9557054,-0.150002,True
1773034743052,3.471648,0.06734279,0.8910116,0.3195685,0.9489788,0.6712005,0.4228011,0.4589856,-0.4000768,227.166,0.7323666,0.4613307,0.5008127,0.0264028,1.007995,0.2934396,1.05017,0.04135024,1.023092,0.278503,1.061127,0.03915886,1.026701,0.2973201,1.069602,-0.01121466,-0.07656408,0.1100416,0.134525,-0.01963318,-0.06452945,0.1333878,0.1494718,-0.0003055921,-0.07091741,0.1311207,0.1490705,0,0,0,0,0,0,0,0,0,1,0,0,-0.07251533,0.582984,0.1064598,0.5970448,0.2627859,-0.01378673,0.9215145,0.2855952,146.8111,0.2742065,-0.0143859,0.9615633,-0.03436244,0.6514598,0.2081138,0.6847568,0.01018336,0.6194413,0.2336847,0.6621327,0.02029058,0.6259741,0.1959426,0.6562383,0.06257737,-0.06899405,0.09955222,0.1363332,0.02523321,-0.06240746,0.151458,0.1657435,0.001604809,-0.07893733,0.1208218,0.1443315,0,0,0,0,0,0,0,0,0,1,0,0,0.04231525,1.000351,0.294098,1.043545,-0.7151229,-0.07835473,-0.589511,0.3673373,136.897,-0.7688767,-0.08424444,-0.6338229,0.007684752,-0.0003510714,0.005902052,0.009696024,0.04089938,-0.05207649,-0.01522044,0.9976892,7.791826,0.6019576,-0.7664624,-0.2240146,-0.01500844,1.058023,-0.01220223,1.058199,-0.01855023,0.07091914,-0.01075291,0.9972516,8.497766,-0.2503778,0.9572163,-0.1451352,True
1773034743067,3.485436,0.06818167,0.8910149,0.3193519,0.9489689,0.670542,0.4241419,0.4581293,-0.4007427,227.2492,0.7318805,0.4629406,0.5000371,0.02688167,1.007865,0.2931847,1.049987,0.04172746,1.023039,0.2782032,1.061012,0.03951167,1.026711,0.2970088,1.069538,-0.01116909,-0.07651071,0.1100859,0.1345271,-0.01962869,-0.06452613,0.1334583,0.1495327,-0.0003004487,-0.07094526,0.1312509,0.1491983,0,0,0,0,0,0,0,0,0,1,0,0,-0.07249672,0.5829024,0.1064589,0.5969627,0.2627095,-0.01374905,0.921536,0.2855979,146.8108,0.274127,-0.01434659,0.9615865,-0.03441651,0.6513927,0.2081609,0.6847101,0.01017877,0.6193635,0.233696,0.6620639,0.0203152,0.6259212,0.1959531,0.6561918,0.06264786,-0.06895621,0.09956937,0.136359,0.02523328,-0.06239202,0.1514627,0.165742,0.001601952,-0.07896165,0.1208322,0.1443535,0,0,0,0,0,0,0,0,0,1,0,0,0.04275401,1.000249,0.2938239,1.043388,-0.715087,-0.07981172,-0.5888055,0.3682238,136.7878,-0.7691281,-0.08584331,-0.6333031,0.007245995,-0.0002485514,0.006176084,0.009524193,0.04126055,-0.05202333,-0.01702953,0.9976479,7.861084,0.6019307,-0.7589438,-0.2484358,-0.01492544,1.057927,-0.01195536,1.0581,-0.01840504,0.07042617,-0.01036121,0.9972934,8.432987,-0.2503227,0.9578501,-0.1409204,True
1773034743081,3.499475,0.06871009,0.8910445,0.3195514,0.9491019,0.6710817,0.4243953,0.457291,-0.4005285,227.2224,0.7323945,0.4631699,0.499071,0.02739648,1.007863,0.2932576,1.050019,0.04215725,1.023066,0.2782137,1.061058,0.04001306,1.027076,0.2969667,1.069896,-0.01113214,-0.07646232,0.1101256,0.134529,-0.01961467,-0.06455202,0.1335334,0.1496091,-0.0002582054,-0.07101796,0.1316561,0.1495892,0,0,0,0,0,0,0,0,0,1,0,0,-0.07248209,0.582817,0.1064608,0.5968779,0.2626693,-0.01371589,0.9215515,0.2855863,146.8122,0.2740841,-0.01431194,0.9615993,-0.03447048,0.6513217,0.2082101,0.6846603,0.01017784,0.6192778,0.2337098,0.6619885,0.02034383,0.6258636,0.1959642,0.656141,0.06272045,-0.06892029,0.09958467,0.1363854,0.0252347,-0.06237489,0.1514711,0.1657435,0.001598408,-0.07898765,0.1208462,0.1443794,0,0,0,0,0,0,0,0,0,1,0,0,0.04321178,1.000226,0.2938732,1.043399,-0.7157419,-0.08020201,-0.5882317,0.3677835,136.842,-0.7696882,-0.08624694,-0.6325675,0.006788224,-0.0002264977,0.006126791,0.009147068,0.042089,-0.05264566,-0.0171901,0.9975779,7.977403,0.6050752,-0.7568386,-0.2471264,-0.01519652,1.057817,-0.01182899,1.057993,-0.01772781,0.07002115,-0.009810159,0.9973397,8.360403,-0.2432017,0.9605958,-0.1345822,True
1773034743093,3.513219,0.06922535,0.891068,0.3197556,0.9492303,0.6717393,0.4245871,0.4563776,-0.4002645,227.1894,0.73302,0.4633209,0.4980115,0.02791132,1.007857,0.2933275,1.050046,0.04260411,1.023142,0.2782034,1.061146,0.04051456,1.027424,0.2969126,1.070233,-0.0110923,-0.07641475,0.1101631,0.1345294,-0.01959322,-0.06457864,0.133672,0.1497414,-0.0002182114,-0.07109101,0.1320482,0.149969,0,0,0,0,0,0,0,0,0,1,0,0,-0.07242838,0.5826038,0.1064512,0.5966615,0.2625242,-0.01369019,0.921671,0.2853351,146.8422,0.2739113,-0.01428401,0.9616489,-0.03464791,0.6511797,0.2082964,0.6845603,0.01016422,0.6191198,0.2337103,0.6618407,0.02034983,0.6257358,0.1959734,0.6560221,0.06291176,-0.06886275,0.09957034,0.1364339,0.02523665,-0.06238252,0.1514507,0.1657281,0.001608671,-0.07902283,0.1208318,0.1443867,0,0,0,0,0,0,0,0,0,1,0,0,0.04366902,1.000198,0.2939145,1.043402,-0.716497,-0.08054197,-0.5876043,0.3672416,136.9088,-0.7703229,-0.08659258,-0.6317472,0.006330986,-0.0001980066,0.006085545,0.00878376,0.04299518,-0.05338042,-0.0172669,0.9974989,8.106562,0.6082724,-0.755197,-0.2442827,-0.01539226,1.057693,-0.01167838,1.05787,-0.01695634,0.06942507,-0.00928709,0.9973998,8.265319,-0.2352886,0.963352,-0.128869,True
1773034743107,3.527117,0.06954773,0.8910046,0.3193656,0.9490629,0.6715078,0.4248462,0.4564889,-0.400251,227.1877,0.7327626,0.4636007,0.4981298,0.02827497,1.007815,0.293005,1.049925,0.04298532,1.023417,0.2777116,1.061298,0.04079176,1.027554,0.2964747,1.070247,-0.01097577,-0.0763648,0.1101993,0.1345212,-0.0195858,-0.06459007,0.134068,0.150099,-0.0002081382,-0.0711529,0.13226,0.1501849,0,0,0,0,0,0,0,0,0,1,0,0,-0.07245614,0.5824841,0.1065746,0.59657,0.2626194,-0.01324776,0.921701,0.2851715,146.8618,0.2739967,-0.01382168,0.9616314,-0.03477702,0.6511716,0.2084295,0.6845997,0.01015851,0.6191223,0.2337835,0.6618689,0.02034654,0.6257496,0.1960301,0.6560521,0.06303907,-0.0688133,0.09957875,0.1364739,0.0252429,-0.06236754,0.1514553,0.1657275,0.001611955,-0.07904875,0.1208341,0.1444029,0,0,0,0,0,0,0,0,0,1,0,0,0.04395806,1.000124,0.2935124,1.04323,-0.7163041,-0.08079956,-0.5877316,0.3673573,136.8945,-0.7701533,-0.08687379,-0.6319152,0.006041944,-0.0001238585,0.006487578,0.008866177,0.04299937,-0.05308156,-0.01747592,0.997511,8.086728,0.6098213,-0.7528079,-0.2478452,-0.01548246,1.057546,-0.01150862,1.057722,-0.01636409,0.06894061,-0.009575818,0.9974406,8.200331,-0.2288675,0.9642006,-0.133927,True
1773034743122,3.541093,0.06996959,0.8908528,0.3195981,0.9490297,0.6693487,0.426197,0.4584121,-0.4002335,227.1855,0.7304006,0.4650708,0.5002242,0.0286505,1.007661,0.2933265,1.049877,0.04339819,1.023493,0.2780285,1.061471,0.04101956,1.027434,0.2968309,1.070239,-0.01088063,-0.07633737,0.1102213,0.1345159,-0.01958088,-0.06461577,0.1342819,0.1503005,-0.000208065,-0.07120463,0.1322928,0.1502382,0,0,0,0,0,0,0,0,0,1,0,0,-0.07248042,0.5823192,0.1065562,0.5964087,0.2625562,-0.0129803,0.9217998,0.2849225,146.8916,0.2739097,-0.01354159,0.9616602,-0.03490594,0.65108,0.2084522,0.6845261,0.01009359,0.6190873,0.2337074,0.6618083,0.02033307,0.625693,0.1960346,0.655999,0.06312143,-0.06877884,0.0996102,0.1365175,0.02524338,-0.06238789,0.1514026,0.1656871,0.001607737,-0.07907734,0.1208877,0.1444633,0,0,0,0,0,0,0,0,0,1,0,0,0.04429736,0.9999728,0.2938299,1.043189,-0.7141687,-0.08196793,-0.5894529,0.3684964,136.7542,-0.7682297,-0.08817273,-0.6340732,0.005702645,2.723932E-05,0.006170124,0.008401864,0.04205391,-0.05019973,-0.01845422,0.9976829,7.802575,0.6180967,-0.7378216,-0.271235,-0.01543444,1.057422,-0.01127766,1.057595,-0.01572672,0.06863762,-0.009695879,0.9974706,8.152043,-0.2212534,0.9656371,-0.1364077,True
1773034743135,3.554886,0.0702527,0.8907676,0.3196688,0.9489945,0.6666261,0.4283592,0.4605851,-0.3999743,227.1532,0.7273398,0.4673725,0.5025334,0.02882104,1.007521,0.2933683,1.049759,0.04353603,1.023425,0.278119,1.061435,0.04108971,1.027671,0.2968647,1.070479,-0.01077911,-0.0762882,0.1102542,0.1345068,-0.01958868,-0.06464667,0.1343109,0.1503407,-0.000169256,-0.07126039,0.1326979,0.1506214,0,0,0,0,0,0,0,0,0,1,0,0,-0.07243714,0.5821137,0.1064717,0.5961877,0.2621852,-0.01265279,0.9219111,0.2849191,146.892,0.2735223,-0.0131999,0.9617751,-0.03492095,0.6509504,0.2083655,0.6843771,0.01004133,0.6190019,0.233641,0.6617041,0.02033846,0.6256011,0.1959714,0.6558926,0.06311917,-0.06876825,0.09965067,0.1365407,0.02525505,-0.06237575,0.1513969,0.1656792,0.001604588,-0.07910591,0.1209001,0.1444893,0,0,0,0,0,0,0,0,0,1,0,0,0.04441667,0.9998481,0.2938968,1.043094,-0.711548,-0.08397752,-0.5915479,0.3697543,136.5991,-0.7658221,-0.09038299,-0.6366689,0.005583327,0.0001519322,0.006103218,0.008273203,0.04135349,-0.04644564,-0.01995781,0.997865,7.489413,0.6331766,-0.711144,-0.3055804,-0.0153895,1.057324,-0.01103061,1.057494,-0.01543372,0.06799351,-0.0101058,0.9975152,8.079847,-0.2190691,0.9651124,-0.1434435,True
1773034743149,3.569141,0.07075097,0.8906189,0.3196535,0.9488868,0.6641378,0.42981,0.4627108,-0.4001037,227.1693,0.7246696,0.4689844,0.5048838,0.02924844,1.007364,0.2934836,1.049653,0.04396044,1.023412,0.2782744,1.061481,0.04139448,1.027717,0.2969989,1.070572,-0.01068215,-0.07625094,0.1102756,0.1344954,-0.01958452,-0.06467539,0.1344067,0.1504381,-0.0001565517,-0.07131772,0.1329128,0.1508378,0,0,0,0,0,0,0,0,0,1,0,0,-0.07247674,0.5819877,0.1064947,0.5960736,0.2622708,-0.01232775,0.9221528,0.2840712,146.9933,0.2735398,-0.01285743,0.9617749,-0.03510111,0.650908,0.2084193,0.6843624,0.009940267,0.6190525,0.2336393,0.6617493,0.02025054,0.6256803,0.1959629,0.6559629,0.06316756,-0.06874622,0.09967642,0.1365708,0.02526969,-0.06237384,0.1513828,0.1656677,0.001600045,-0.07913508,0.1208964,0.1445021,0,0,0,0,0,0,0,0,0,1,0,0,0.04480271,0.9997031,0.2940103,1.043003,-0.709123,-0.0852196,-0.5933933,0.3711694,136.4245,-0.7636761,-0.09177557,-0.6390433,0.005197287,0.0002968907,0.005989671,0.007935748,0.04015161,-0.04328614,-0.02113101,0.998032,7.190639,0.6402847,-0.6902702,-0.3369695,-0.01534601,1.057232,-0.01078728,1.057399,-0.01516944,0.06757192,-0.01001404,0.9975488,8.024983,-0.2167872,0.9656737,-0.1431111,True
1773034743164,3.582748,0.07132131,0.890444,0.3196362,0.9487595,0.6615933,0.4311824,0.4649478,-0.4002496,227.1876,0.7219433,0.4705144,0.50736,0.02976346,1.007192,0.2936248,1.049541,0.04448715,1.023417,0.2784508,1.061553,0.04178501,1.027737,0.2971613,1.070651,-0.01058021,-0.07621534,0.1102937,0.134482,-0.01957747,-0.06470364,0.1345364,0.1505652,-0.0001451076,-0.07137773,0.1331179,0.1510469,0,0,0,0,0,0,0,0,0,1,0,0,-0.07252328,0.5818613,0.1065217,0.5959606,0.2625163,-0.01183498,0.9225598,0.2825397,147.1763,0.2736667,-0.01233767,0.9617454,-0.03537811,0.6509151,0.2084824,0.6844026,0.009813085,0.6192059,0.2336242,0.6618856,0.02011676,0.6258816,0.1959347,0.6561424,0.0632392,-0.06872174,0.0996966,0.1366063,0.02528677,-0.06237229,0.1513689,0.165657,0.001594728,-0.07916502,0.1208895,0.1445127,0,0,0,0,0,0,0,0,0,1,0,0,0.0452772,0.9995407,0.2941439,1.042906,-0.706614,-0.08636768,-0.5953085,0.3726194,136.2455,-0.7614504,-0.0930702,-0.6415071,0.004722804,0.0004592538,0.005856127,0.007537242,0.03883021,-0.04006477,-0.02224202,0.9981946,6.886996,0.64648,-0.667034,-0.3703049,-0.01531424,1.057254,-0.01050795,1.057417,-0.01518076,0.06726208,-0.01009459,0.9975688,7.992216,-0.2178364,0.9651781,-0.1448525,True
1773034743178,3.596599,0.07202388,0.8902662,0.3201374,0.9488147,0.6596685,0.4336243,0.4662861,-0.3992301,227.0601,0.7194939,0.4729497,0.5085737,0.03034839,1.006892,0.2938328,1.049328,0.04509912,1.02334,0.2786244,1.061551,0.04223066,1.027535,0.2973352,1.070524,-0.01048289,-0.07618281,0.1103081,0.1344678,-0.01955945,-0.06474272,0.1347669,0.1507856,-0.0001400532,-0.07141063,0.1332002,0.151135,0,0,0,0,0,0,0,0,0,1,0,0,-0.07254893,0.5818297,0.1065259,0.5959337,0.2623597,-0.01165891,0.9225625,0.2826834,147.1592,0.2735155,-0.01215466,0.9617907,-0.03538315,0.6509075,0.208489,0.6843977,0.009770557,0.6192045,0.2336334,0.6618868,0.02008756,0.6259103,0.195919,0.6561642,0.06322321,-0.06871603,0.09974083,0.1366283,0.02528089,-0.06235578,0.1513794,0.1656595,0.001600394,-0.07919941,0.120872,0.1445169,0,0,0,0,0,0,0,0,0,1,0,0,0.0458305,0.9992642,0.2943772,1.042731,-0.7047545,-0.08884832,-0.596989,0.3728689,136.2147,-0.7595287,-0.09575368,-0.6433876,0.004169501,0.0007358193,0.005622804,0.007038615,0.03942023,-0.03682761,-0.02353236,0.9982666,6.748116,0.66979,-0.6257388,-0.3998389,-0.01532907,1.057243,-0.01029603,1.057404,-0.01539827,0.06686685,-0.009659012,0.9975963,7.946807,-0.2222186,0.9649819,-0.139393,True
1773034743191,3.610674,0.07210524,0.8902637,0.3198897,0.9487349,0.6575081,0.4342082,0.4691927,-0.3987539,227.0006,0.7169755,0.4734795,0.5116282,0.03067329,1.007001,0.2937341,1.049415,0.0454718,1.023554,0.2785838,1.061762,0.04246488,1.027652,0.2972855,1.070631,-0.01039517,-0.07614721,0.1103312,0.1344598,-0.01956445,-0.06477118,0.1348564,0.1508785,-0.0001581323,-0.07143905,0.1332471,0.1511898,0,0,0,0,0,0,0,0,0,1,0,0,-0.07259791,0.5818258,0.106447,0.5959217,0.2623586,-0.01154901,0.9226726,0.2823296,147.2014,0.2734846,-0.01203878,0.9618012,-0.03548535,0.6509436,0.2084304,0.6844195,0.009683214,0.6192473,0.2335835,0.661908,0.02005157,0.6260188,0.1958566,0.656248,0.06323891,-0.06872189,0.09975924,0.136652,0.02529201,-0.06232962,0.1514053,0.1656751,0.001594957,-0.0792587,0.1209045,0.1445766,0,0,0,0,0,0,0,0,0,1,0,0,0.04609777,0.9993436,0.2942889,1.042794,-0.7021736,-0.0891426,-0.599515,0.3736143,136.1226,-0.7569918,-0.0961019,-0.6463187,0.00390223,0.0006563663,0.005711108,0.00694802,0.03796315,-0.03343495,-0.02339613,0.9984456,6.390126,0.6811339,-0.599889,-0.4197728,-0.01536098,1.057191,-0.0101088,1.057351,-0.01544044,0.06649078,-0.009254223,0.9976246,7.899848,-0.2241498,0.9652511,-0.1343442,True
1773034743205,3.624243,0.07269889,0.8900313,0.3197951,0.9485303,0.6561458,0.4335642,0.4701611,-0.4005539,227.2256,0.7161028,0.4731823,0.5131233,0.03121848,1.006873,0.2942009,1.049439,0.04590109,1.023563,0.2791192,1.061931,0.04284839,1.027502,0.2978562,1.070661,-0.01036352,-0.07607178,0.1103825,0.1344567,-0.01956343,-0.06481072,0.1349285,0.1509598,-0.0001590305,-0.07149202,0.1332424,0.1512107,0,0,0,0,0,0,0,0,0,1,0,0,-0.07263637,0.5814922,0.1065031,0.5956108,0.2622831,-0.01119,0.9227188,0.2822632,147.2094,0.2734004,-0.0116643,0.9618296,-0.03569299,0.6507362,0.2085139,0.6842584,0.009627283,0.6190166,0.2336311,0.6617082,0.02008516,0.6258061,0.195939,0.6560707,0.06341461,-0.06866819,0.09974391,0.1366952,0.02530398,-0.06231256,0.1514202,0.1656841,0.00157982,-0.07932393,0.120996,0.1446887,0,0,0,0,0,0,0,0,0,1,0,0,0.04656678,0.9992028,0.2947165,1.0428,-0.7010581,-0.08820227,-0.5996641,0.3756872,135.8664,-0.7564723,-0.0951741,-0.6470638,0.00343322,0.0007972121,0.005283475,0.006351193,0.03554394,-0.03311677,-0.02409418,0.9985287,6.216952,0.6554694,-0.6107096,-0.4443232,-0.01534514,1.057088,-0.009895526,1.057246,-0.01506669,0.06625247,-0.009070585,0.9976479,7.861084,-0.2198007,0.9665259,-0.1323265,True
1773034743219,3.63822,0.07333044,0.8897918,0.3197105,0.9483257,0.6556872,0.4333686,0.4704328,-0.4011968,227.306,0.715822,0.473114,0.5135775,0.03184246,1.006675,0.2943538,1.049311,0.04649074,1.023498,0.2792112,1.061917,0.04339101,1.027326,0.2979824,1.070549,-0.01029758,-0.07603288,0.1104073,0.13445,-0.01957398,-0.06481919,0.1350664,0.1510881,-0.0001651135,-0.07152265,0.1332832,0.1512611,0,0,0,0,0,0,0,0,0,1,0,0,-0.07279882,0.5811216,0.1066299,0.5952914,0.2623388,-0.01067874,0.9228884,0.2816761,147.2795,0.2734093,-0.01112937,0.9618335,-0.03587696,0.6504523,0.2086078,0.6840267,0.009457663,0.6188371,0.2337087,0.6615652,0.0200109,0.6256738,0.1960962,0.6559892,0.0633725,-0.06866749,0.09979233,0.1367107,0.02529196,-0.06231408,0.1514242,0.1656865,0.001556208,-0.07942763,0.1211286,0.1448561,0,0,0,0,0,0,0,0,0,1,0,0,0.04714254,0.9989902,0.2948081,1.042648,-0.7007061,-0.08791217,-0.5996625,0.3764138,135.7766,-0.7563331,-0.09489127,-0.647268,0.002857458,0.001009762,0.005191952,0.006011743,0.03473938,-0.03305088,-0.0243834,0.9985522,6.167253,0.6457908,-0.6144022,-0.4532774,-0.01528179,1.056948,-0.00965991,1.057103,-0.014479,0.06625217,-0.009132056,0.9976561,7.847321,-0.2115967,0.9682118,-0.1334562,True
1773034743233,3.652206,0.07400325,0.8896496,0.3199949,0.9483405,0.6553855,0.4331869,0.4706154,-0.4016717,227.3655,0.7156553,0.4730231,0.5138936,0.03250272,1.006564,0.294841,1.049361,0.04707527,1.023394,0.279673,1.061965,0.04387608,1.027119,0.2984715,1.070506,-0.01022633,-0.07601903,0.1104136,0.1344419,-0.0195653,-0.06486487,0.1350489,0.1510909,-0.0001685557,-0.07164471,0.133152,0.1512033,0,0,0,0,0,0,0,0,0,1,0,0,-0.07270128,0.5811351,0.1065242,0.5952738,0.2619209,-0.01076299,0.9228417,0.2822143,147.2152,0.2730187,-0.01121903,0.9619433,-0.03578381,0.6504621,0.2085302,0.6840075,0.009497046,0.6188115,0.2336524,0.661522,0.02010082,0.6256564,0.1960366,0.6559576,0.06338377,-0.06866389,0.09981529,0.1367308,0.02529229,-0.06231762,0.1514228,0.1656866,0.001559681,-0.07946964,0.12112,0.144872,0,0,0,0,0,0,0,0,0,1,0,0,0.04777913,0.9988692,0.2952237,1.042679,-0.7004774,-0.08766122,-0.5996419,0.3769306,135.7126,-0.7562577,-0.09464186,-0.6473926,0.002220869,0.00113076,0.004776269,0.005387358,0.03414824,-0.03304783,-0.02456544,0.9985682,6.133002,0.6383419,-0.6177717,-0.4592082,-0.01518075,1.056844,-0.009439523,1.056995,-0.0141121,0.06642852,-0.009485219,0.9976463,7.863674,-0.2058069,0.9687747,-0.1383297,True
1773034743247,3.666148,0.07452862,0.8893788,0.3199195,0.9481022,0.6521658,0.4340904,0.4735704,-0.4024628,227.4645,0.7124099,0.4741896,0.5173166,0.03298633,1.006346,0.2951221,1.049246,0.04753709,1.023295,0.2801187,1.062007,0.04419281,1.026898,0.2989225,1.070433,-0.01019019,-0.07596759,0.1104415,0.134433,-0.01957209,-0.06489892,0.1350628,0.1511188,-0.0001703776,-0.07168151,0.1331489,0.151218,0,0,0,0,0,0,0,0,0,1,0,0,-0.07259149,0.5811651,0.106407,0.5952687,0.2605724,-0.01117224,0.9226438,0.2840875,146.9914,0.2717698,-0.01165233,0.9622918,-0.03567461,0.6504545,0.2084626,0.6839739,0.009424262,0.6186587,0.233707,0.6613972,0.02016305,0.6254581,0.1961022,0.65579,0.06339858,-0.06866225,0.09983454,0.1367509,0.02529236,-0.06232365,0.1514203,0.1656866,0.001563298,-0.07951248,0.1211089,0.1448863,0,0,0,0,0,0,0,0,0,1,0,0,0.04821899,0.998668,0.2955486,1.042599,-0.6972802,-0.08819108,-0.6018598,0.3791932,135.4326,-0.7535577,-0.09530899,-0.6504359,0.001781009,0.001332045,0.004451364,0.004976041,0.03160907,-0.02947483,-0.02570523,0.998735,5.764573,0.62861,-0.5861662,-0.5112002,-0.01506783,1.056764,-0.009221814,1.056912,-0.01402583,0.06683135,-0.009339535,0.997622,7.90421,-0.2035014,0.9696594,-0.1355078,True
1773034743260,3.679941,0.07504077,0.8891074,0.3198452,0.9478629,0.6475075,0.4354362,0.4778591,-0.4034602,227.5893,0.7076606,0.475888,0.5222519,0.03342459,1.006137,0.2955153,1.04917,0.04798257,1.02325,0.280767,1.062155,0.04442818,1.026684,0.2995724,1.070419,-0.01016075,-0.07591356,0.1104701,0.1344238,-0.0195798,-0.06493329,0.1350759,0.1511462,-0.0001717209,-0.0717181,0.1331409,0.1512283,0,0,0,0,0,0,0,0,0,1,0,0,-0.07257619,0.5811217,0.1064427,0.5952309,0.2604523,-0.0110742,0.9226767,0.2840945,146.9905,0.2716451,-0.01155011,0.9623283,-0.03573314,0.6504934,0.2084973,0.6840246,0.009411313,0.6186625,0.2337311,0.6614091,0.02016567,0.6254642,0.1961315,0.6558046,0.06347197,-0.06868045,0.09980781,0.1367746,0.02529144,-0.0623336,0.1514013,0.1656728,0.001564319,-0.07953684,0.1210969,0.1448897,0,0,0,0,0,0,0,0,0,1,0,0,0.04861753,0.9984904,0.2960246,1.042582,-0.6926218,-0.0890187,-0.6051177,0.3823394,135.0427,-0.7495728,-0.09633829,-0.6548737,0.00138247,0.001509607,0.003975391,0.004471451,0.02804357,-0.02422046,-0.02729768,0.9989405,5.27579,0.6093303,-0.526262,-0.5931236,-0.01491699,1.056685,-0.008990946,1.056828,-0.01381223,0.0671074,-0.009296716,0.9976068,7.929341,-0.199768,0.9705824,-0.1344595,True
1773034743274,3.693703,0.07506304,0.8890702,0.3197392,0.9477939,0.6454246,0.4350437,0.4823763,-0.4018421,227.3868,0.704836,0.4750895,0.5267791,0.03413608,1.006364,0.2955245,1.049414,0.04887449,1.023531,0.2809262,1.062508,0.04514987,1.026873,0.299714,1.07067,-0.01012752,-0.0759024,0.1104786,0.134422,-0.01958854,-0.06495117,0.1351435,0.1512155,-0.0001876101,-0.07174124,0.1331702,0.1512651,0,0,0,0,0,0,0,0,0,1,0,0,-0.07246836,0.5812541,0.106359,0.595332,0.2600579,-0.01106869,0.9227217,0.2843099,146.9648,0.2712518,-0.01154513,0.9624392,-0.03568149,0.6506588,0.2084289,0.6841584,0.009440884,0.6188229,0.2336601,0.6615345,0.02021103,0.6256185,0.1960602,0.6559318,0.06348944,-0.06868534,0.09981367,0.1367894,0.02527983,-0.06235276,0.1513675,0.1656474,0.001566692,-0.0795583,0.1210483,0.1448609,0,0,0,0,0,0,0,0,0,1,0,0,0.04927713,0.998647,0.2961118,1.042788,-0.689338,-0.08820129,-0.6091191,0.3821096,135.0712,-0.7459422,-0.09544385,-0.6591363,0.000722874,0.001353025,0.003888249,0.004179917,0.02617297,-0.01975974,-0.02527845,0.9991425,4.746123,0.6321035,-0.4772175,-0.6105,-0.0148179,1.056597,-0.008807166,1.056738,-0.01364852,0.06729788,-0.008758168,0.9976012,7.938818,-0.1971655,0.9721802,-0.1265198,True
1773034743289,3.707622,0.07527757,0.8887644,0.3197633,0.9475324,0.6406292,0.4330071,0.4884676,-0.4043495,227.7007,0.700444,0.4734365,0.5340753,0.03470004,1.006449,0.2969465,1.049915,0.04954482,1.023842,0.2826431,1.063294,0.04562696,1.026862,0.3014665,1.071172,-0.01005229,-0.07587764,0.1104901,0.1344118,-0.01959747,-0.06496361,0.1351946,0.1512676,-0.0001878771,-0.07177192,0.1331515,0.1512632,0,0,0,0,0,0,0,0,0,1,0,0,-0.07241186,0.5812373,0.1063688,0.5953105,0.2599945,-0.01114552,0.9229178,0.2837277,147.0344,0.2711369,-0.01162317,0.9624707,-0.03573541,0.6506642,0.2084784,0.6841814,0.009419329,0.6188554,0.2336845,0.6615733,0.02021165,0.6256793,0.1961054,0.6560034,0.06350415,-0.06870259,0.09980983,0.1368021,0.02527175,-0.06236219,0.151345,0.1656292,0.001552133,-0.07957745,0.1210494,0.1448721,0,0,0,0,0,0,0,0,0,1,0,0,0.04979308,0.9986947,0.2974893,1.04325,-0.6839713,-0.08516099,-0.6128976,0.3863774,134.5414,-0.7415603,-0.09233137,-0.6645023,0.0002069212,0.001305342,0.002510756,0.002837363,0.01910076,-0.01525814,-0.02483972,0.9993926,3.994472,0.548062,-0.437805,-0.7127312,-0.01482458,1.056542,-0.008741267,1.056682,-0.01313326,0.0675206,-0.008287236,0.997597,7.945624,-0.1895594,0.9745616,-0.1196142,True
1773034743302,3.721583,0.07537756,0.8888431,0.3193777,0.947484,0.6404798,0.4339851,0.4880574,-0.4040329,227.6611,0.7001735,0.4744332,0.5335451,0.03472588,1.006461,0.2964345,1.049782,0.04945515,1.02384,0.2820133,1.063121,0.04554506,1.026875,0.3008112,1.070997,-0.009943619,-0.07581872,0.1105198,0.1343948,-0.01961027,-0.06499317,0.1352052,0.1512915,-0.0002169968,-0.07177145,0.1331633,0.1512734,0,0,0,0,0,0,0,0,0,1,0,0,-0.07241208,0.5811892,0.1063963,0.5952685,0.2599584,-0.01101649,0.9230225,0.2834252,147.0705,0.2710739,-0.01148754,0.9624901,-0.03574962,0.6506604,0.2084914,0.6841825,0.009408392,0.6188692,0.2336848,0.6615862,0.02018417,0.6257321,0.1961113,0.6560546,0.06347479,-0.06873351,0.09981933,0.136811,0.02523693,-0.06237185,0.1513319,0.1656155,0.001550186,-0.07961008,0.1210281,0.1448723,0,0,0,0,0,0,0,0,0,1,0,0,0.04975402,0.9987017,0.2969108,1.04309,-0.6840093,-0.08626281,-0.6127923,0.3862329,134.5594,-0.7415528,-0.09351983,-0.6643445,0.0002459809,0.001298308,0.00308919,0.003359941,0.01991728,-0.01492198,-0.02552305,0.9993645,4.085928,0.5587096,-0.4185838,-0.71596,-0.01482893,1.056472,-0.008726018,1.056612,-0.01291063,0.06775107,-0.008318012,0.997584,7.967086,-0.1858449,0.9752578,-0.1197355,True
1773034743316,3.735518,0.0757803,0.8887393,0.3193233,0.9474005,0.6398476,0.4331516,0.4881138,-0.4058568,227.8897,0.7001006,0.4739405,0.5340783,0.03500617,1.006407,0.2969037,1.049873,0.04961598,1.023846,0.2825016,1.063263,0.04569661,1.026766,0.301323,1.071042,-0.009907897,-0.07576931,0.1105466,0.1343864,-0.01961182,-0.065014,0.1352024,0.1512982,-0.0002244092,-0.07181574,0.1331087,0.1512465,0,0,0,0,0,0,0,0,0,1,0,0,-0.07243939,0.5810795,0.1063614,0.5951585,0.2597204,-0.0108095,0.9230449,0.2835786,147.0522,0.2708386,-0.01127223,0.9625589,-0.03579935,0.6506016,0.2084503,0.6841167,0.009348944,0.6188266,0.2336333,0.6615273,0.02015797,0.6256884,0.1960786,0.6560024,0.06348488,-0.06872669,0.0998411,0.1368281,0.02522602,-0.06238098,0.1513134,0.1656004,0.00154729,-0.07964836,0.1210332,0.1448975,0,0,0,0,0,0,0,0,0,1,0,0,0.04998827,0.9986492,0.2973043,1.043163,-0.6837191,-0.08523924,-0.6121801,0.3879409,134.3471,-0.7418149,-0.09248204,-0.6641971,1.173094E-05,0.00135076,0.00269568,0.003015192,0.01805268,-0.01564562,-0.02617391,0.999372,4.061716,0.5094243,-0.4414999,-0.7385952,-0.01472338,1.056394,-0.008567377,1.056531,-0.01230079,0.06808788,-0.008491894,0.9975674,7.994568,-0.1764583,0.9767402,-0.1218187,True
1773034743330,3.749339,0.07630919,0.8886049,0.3192634,0.9472967,0.6387983,0.431643,0.4881742,-0.4090319,228.2881,0.7000375,0.473023,0.5349736,0.0352903,1.006346,0.2977361,1.050059,0.0497462,1.02389,0.2833911,1.063549,0.04583441,1.026636,0.3022493,1.071185,-0.009879022,-0.07571787,0.1105744,0.1343781,-0.01961228,-0.06503385,0.1351943,0.1512995,-0.0002311352,-0.07186352,0.1330424,0.1512107,0,0,0,0,0,0,0,0,0,1,0,0,-0.07247137,0.5809644,0.1063233,0.5950432,0.2594569,-0.0105769,0.9230534,0.2838004,147.0257,0.2705823,-0.01103044,0.9626337,-0.03585023,0.6505406,0.2084029,0.6840469,0.009285964,0.6187817,0.233576,0.6614641,0.0201329,0.6256374,0.1960431,0.6559423,0.06349711,-0.06871606,0.09986471,0.1368457,0.02521539,-0.06239058,0.1512938,0.1655845,0.001544212,-0.07968813,0.1210419,0.1449267,0,0,0,0,0,0,0,0,0,1,0,0,0.050232,0.9986015,0.2980271,1.043335,-0.6832584,-0.08340345,-0.6110746,0.3908832,133.9811,-0.742317,-0.09061256,-0.6638939,-0.0002319962,0.001398504,0.001972944,0.002429432,0.01481281,-0.01697878,-0.02726357,0.9993744,4.053998,0.418795,-0.4800324,-0.7708089,-0.01459219,1.056348,-0.00844909,1.056483,-0.01187645,0.0682219,-0.008694112,0.9975616,8.003969,-0.1701718,0.9775183,-0.1245737,True
1773034743344,3.763313,0.07644831,0.8886136,0.3193409,0.9473421,0.6389532,0.4317065,0.4880795,-0.4088357,228.2634,0.7001398,0.473047,0.5348184,0.03546946,1.00636,0.2978349,1.050106,0.04986887,1.023872,0.283389,1.063537,0.04597187,1.026616,0.3022528,1.071172,-0.009790461,-0.07570776,0.1105741,0.1343657,-0.01963114,-0.06506634,0.135173,0.1512969,-0.0002426743,-0.0718795,0.1330115,0.1511912,0,0,0,0,0,0,0,0,0,1,0,0,-0.07261075,0.5808832,0.1064122,0.5949968,0.259695,-0.0105873,0.923124,0.2833527,147.0792,0.2707932,-0.01103976,0.9625743,-0.03598073,0.6504551,0.2085006,0.6840021,0.009157963,0.6187159,0.2336456,0.6614254,0.0200168,0.6256278,0.1961178,0.6559519,0.0634748,-0.06873609,0.09987552,0.1368533,0.02521464,-0.06238236,0.1512904,0.1655781,0.001540334,-0.07972601,0.121055,0.1449583,0,0,0,0,0,0,0,0,0,1,0,0,0.05038833,0.9986034,0.2980486,1.043351,-0.6833827,-0.08349588,-0.611068,0.3906565,134.0093,-0.7423744,-0.09070349,-0.6638172,-0.0003883243,0.001396596,0.001951367,0.002430866,0.01507105,-0.01701252,-0.02717641,0.9993724,4.060559,0.4254076,-0.4802091,-0.7671032,-0.01446813,1.056327,-0.008327316,1.056458,-0.01176222,0.06832138,-0.008547305,0.9975574,8.010915,-0.1683889,0.9780942,-0.1223639,True
1773034743357,3.777122,0.07695284,0.8882961,0.3196837,0.9472008,0.6389753,0.4306034,0.488023,-0.4100304,228.4135,0.7005755,0.4721157,0.5350708,0.03599023,1.00611,0.2986004,1.050102,0.05030331,1.023671,0.2841347,1.063563,0.0461938,1.026091,0.3030746,1.070911,-0.009741742,-0.07567957,0.1105807,0.1343518,-0.01962627,-0.06510045,0.1351845,0.1513212,-0.0002592618,-0.07208773,0.1326602,0.1509816,0,0,0,0,0,0,0,0,0,1,0,0,-0.07255788,0.5809992,0.1063371,0.5950902,0.2595361,-0.01081869,0.9231799,0.283307,147.0847,0.2706237,-0.01128087,0.9626191,-0.03593101,0.6505209,0.208472,0.6840534,0.00916364,0.6187633,0.2336331,0.6614653,0.02001093,0.6258008,0.1959946,0.65608,0.06343806,-0.06874773,0.09990373,0.1368627,0.02520077,-0.06236676,0.1513104,0.1655884,0.001548777,-0.07981027,0.1209323,0.1449024,0,0,0,0,0,0,0,0,0,1,0,0,0.05087386,0.9983452,0.2987233,1.04332,-0.6835147,-0.08225076,-0.6105227,0.3915412,133.8991,-0.7428211,-0.08938739,-0.6634959,-0.0008738637,0.001654804,0.001276672,0.002265371,0.01377412,-0.01799261,-0.02710499,0.9993758,4.049362,0.3898746,-0.5092784,-0.7672033,-0.01434691,1.05627,-0.008209562,1.056399,-0.01152127,0.0685114,-0.008631276,0.9975465,8.028789,-0.164573,0.9786352,-0.1232915,True
1773034743371,3.791054,0.07687502,0.8882768,0.3195484,0.9471307,0.6388646,0.4305437,0.4884806,-0.4097204,228.3745,0.7003473,0.4719781,0.5354907,0.03604202,1.006125,0.2985574,1.050106,0.05029342,1.023658,0.2840001,1.063513,0.04622896,1.026129,0.3029199,1.070905,-0.009619266,-0.07566009,0.1105722,0.134325,-0.01963233,-0.06514981,0.135151,0.1513133,-0.0002645793,-0.07209028,0.1326998,0.1510176,0,0,0,0,0,0,0,0,0,1,0,0,-0.07257593,0.5809357,0.106364,0.5950352,0.2595797,-0.01090257,0.9232332,0.2830901,147.1106,0.2706511,-0.01136758,0.9626104,-0.036038,0.6504401,0.2085804,0.6840153,0.009130269,0.6186869,0.2336718,0.6614071,0.01998332,0.6257813,0.1960107,0.6560653,0.06351511,-0.06870303,0.0999292,0.1368946,0.02519761,-0.06235945,0.1513121,0.1655868,0.001549426,-0.0798483,0.1209082,0.1449032,0,0,0,0,0,0,0,0,0,1,0,0,0.05088762,0.998346,0.2985804,1.043281,-0.6832349,-0.08215906,-0.6109688,0.3913528,133.9226,-0.7424524,-0.08927996,-0.6639228,-0.0008876175,0.001654029,0.001419574,0.00235348,0.01370713,-0.01754012,-0.02677089,0.9993938,3.990354,0.3937076,-0.5038019,-0.7689356,-0.0142191,1.056192,-0.008120392,1.056319,-0.01129808,0.06832498,-0.008638198,0.9975618,8.003774,-0.1618886,0.9790193,-0.1237755,True
1773034743385,3.805041,0.0769897,0.8881932,0.3195813,0.9470727,0.6385573,0.4303379,0.4888327,-0.4099958,228.4091,0.7001054,0.4718165,0.5359493,0.03624702,1.006072,0.29886,1.050149,0.05039084,1.023617,0.2841673,1.063524,0.04635117,1.026068,0.3030885,1.0709,-0.009446242,-0.07559709,0.1105719,0.1342769,-0.01964387,-0.06518237,0.1351467,0.151325,-0.0002708582,-0.07209147,0.1327049,0.1510227,0,0,0,0,0,0,0,0,0,1,0,0,-0.07258999,0.5806878,0.1064254,0.5948058,0.2596045,-0.01091249,0.9234653,0.2823089,147.2039,0.2706121,-0.0113752,0.9626213,-0.03612056,0.6502471,0.2086362,0.6838531,0.009058528,0.6185201,0.2337218,0.6612678,0.01989664,0.6256732,0.1960708,0.6559775,0.06347998,-0.06877405,0.09991111,0.1369007,0.02517316,-0.06237929,0.151285,0.1655658,0.001547511,-0.07988584,0.1208783,0.144899,0,0,0,0,0,0,0,0,0,1,0,0,0.05101148,0.9982861,0.2987264,1.043271,-0.6829136,-0.08188184,-0.6111354,0.3917115,133.8779,-0.7422265,-0.0889935,-0.6642141,-0.001011483,0.001713932,0.001273602,0.002362779,0.01315799,-0.01735338,-0.02676926,0.9994044,3.955082,0.381306,-0.5028841,-0.7757474,-0.01410873,1.05615,-0.008119305,1.056275,-0.01079681,0.06836312,-0.008553994,0.9975654,7.997704,-0.1548226,0.9803038,-0.1226614,True
1773034743399,3.818871,0.07695518,0.888216,0.3194579,0.9470497,0.6380793,0.4309724,0.4896082,-0.4091472,228.3026,0.6992893,0.4723149,0.5365756,0.03637261,1.006091,0.2987869,1.05015,0.05053662,1.023784,0.2838485,1.063606,0.04640319,1.026123,0.3027778,1.070867,-0.009189029,-0.07554623,0.110546,0.1342091,-0.0196479,-0.06517701,0.1353297,0.1514867,-0.0002801757,-0.07209256,0.1327452,0.1510586,0,0,0,0,0,0,0,0,0,1,0,0,-0.07260492,0.5804196,0.1064925,0.5945578,0.2596844,-0.01092464,0.9239593,0.2806135,147.4064,0.270555,-0.01138195,0.9626372,-0.03632948,0.6500578,0.2087237,0.6837109,0.008910991,0.6184214,0.2337954,0.6611995,0.01971915,0.6256697,0.1961617,0.6559961,0.06343769,-0.0688589,0.0998854,0.136905,0.02514569,-0.0624035,0.151253,0.1655415,0.001545676,-0.07992326,0.1208448,0.1448916,0,0,0,0,0,0,0,0,0,1,0,0,0.05106045,0.9983017,0.2984618,1.043213,-0.6822217,-0.08252594,-0.6120809,0.3913058,133.9285,-0.7413352,-0.08967669,-0.6651168,-0.001060449,0.001698256,0.001538217,0.002524824,0.01351417,-0.0160103,-0.0266241,0.9994261,3.882971,0.3989019,-0.4725811,-0.7858719,-0.01397999,1.05608,-0.00820854,1.056205,-0.01048529,0.06829069,-0.008809303,0.9975715,7.987805,-0.1505419,0.9804797,-0.1264791,True
1773034743413,3.832772,0.07690927,0.8882456,0.3193243,0.9470286,0.6370435,0.432496,0.491269,-0.4071579,228.0528,0.6974742,0.473523,0.5378714,0.03659614,1.006097,0.2984883,1.050079,0.0508669,1.024036,0.2832632,1.063708,0.04653768,1.026178,0.3021991,1.070762,-0.008877299,-0.07548565,0.1105088,0.1341234,-0.01964609,-0.06516146,0.1356405,0.1517575,-0.0002902726,-0.07209074,0.1327932,0.1511,0,0,0,0,0,0,0,0,0,1,0,0,-0.07268548,0.5804011,0.1065708,0.5945636,0.2598905,-0.01077037,0.9239448,0.2804763,147.4227,0.2707585,-0.01122076,0.9625819,-0.03636838,0.6501002,0.2087586,0.6837639,0.008873582,0.6184188,0.2338659,0.6612214,0.01969048,0.625725,0.1961858,0.6560552,0.06343655,-0.06890547,0.09986896,0.1369159,0.025154,-0.06237555,0.1512865,0.1655628,0.00154289,-0.07996871,0.1208453,0.1449171,0,0,0,0,0,0,0,0,0,1,0,0,0.05119529,0.9983063,0.2979781,1.043086,-0.6807148,-0.08409388,-0.6141765,0.3903111,134.0523,-0.7393585,-0.09133857,-0.6670879,-0.001195285,0.001693666,0.002021909,0.002895743,0.01446675,-0.01299085,-0.02633402,0.9994642,3.751517,0.4419737,-0.3968834,-0.8045309,-0.01387611,1.055959,-0.008251607,1.056082,-0.009952779,0.06831057,-0.008982214,0.997574,7.983587,-0.142972,0.9812837,-0.1290298,True
1773034743427,3.846562,0.07719617,0.888265,0.3194404,0.9471093,0.6362423,0.4328692,0.4917693,-0.4074101,228.0845,0.6966828,0.4739901,0.5384854,0.03688694,1.006094,0.2989093,1.050206,0.05104405,1.024079,0.2835013,1.063822,0.04671678,1.026207,0.3024057,1.070856,-0.008611176,-0.07541623,0.1104843,0.1340468,-0.01962712,-0.0651949,0.1356417,0.1517704,-0.0002929492,-0.07209157,0.1328192,0.1511232,0,0,0,0,0,0,0,0,0,1,0,0,-0.07277194,0.5803859,0.1066546,0.5945745,0.2601099,-0.01060753,0.9239182,0.2803669,147.4358,0.270978,-0.01105074,0.9625221,-0.0364435,0.650169,0.2087991,0.6838456,0.008835249,0.6184149,0.2339454,0.6612454,0.01966327,0.6257815,0.1962128,0.6561163,0.06347752,-0.06895094,0.09983221,0.136931,0.02516555,-0.06234271,0.1513264,0.1655887,0.001540065,-0.08001544,0.1208484,0.1449454,0,0,0,0,0,0,0,0,0,1,0,0,0.05140327,0.998322,0.2981697,1.043165,-0.6800053,-0.08441286,-0.614537,0.3909112,133.9776,-0.7387922,-0.0917104,-0.6676641,-0.001403268,0.00167805,0.00183031,0.0028522,0.01397358,-0.01221505,-0.02683427,0.9994677,3.739604,0.4282672,-0.3743711,-0.8224259,-0.01375398,1.055827,-0.008276855,1.055949,-0.009492817,0.06821416,-0.009107499,0.997584,7.967185,-0.1366448,0.9819116,-0.1310983,True
1773034743441,3.86039,0.07713182,0.8882661,0.3193093,0.9470609,0.6363639,0.4325975,0.4919059,-0.4073439,228.0762,0.6967934,0.4736772,0.5386176,0.03695798,1.006139,0.2989119,1.050252,0.05104205,1.024121,0.2833961,1.063833,0.04674164,1.026241,0.302295,1.070858,-0.008489665,-0.07536687,0.1104969,0.1340217,-0.01963196,-0.06521883,0.1356537,0.1517921,-0.0003019601,-0.07208914,0.1328328,0.151134,0,0,0,0,0,0,0,0,0,1,0,0,-0.07280069,0.5801709,0.1066483,0.5943669,0.2603545,-0.01000611,0.9243158,0.2788469,147.6172,0.2711079,-0.01041939,0.9624925,-0.03660075,0.6501096,0.2087395,0.6837794,0.008760095,0.6184748,0.2338973,0.6612834,0.01957318,0.6260915,0.1960075,0.656348,0.0634381,-0.06899403,0.09983633,0.1369374,0.02515005,-0.06232732,0.1513457,0.1655981,0.001543927,-0.08023539,0.1207071,0.1449493,0,0,0,0,0,0,0,0,0,1,0,0,0.05140569,0.9983435,0.2980637,1.043156,-0.6800261,-0.08411574,-0.6146308,0.3907917,133.9924,-0.738774,-0.09138256,-0.6677292,-0.00140569,0.001656473,0.001936287,0.002910167,0.01386719,-0.0122717,-0.02652253,0.9994768,3.707438,0.4286946,-0.3793711,-0.8199257,-0.01364789,1.055737,-0.00832981,1.055858,-0.009357606,0.06829495,-0.00946217,0.9975764,7.979661,-0.1344885,0.9815423,-0.1359913,True
1773034743455,3.874503,0.07721752,0.8882148,0.3193243,0.9470249,0.6354988,0.4323141,0.4929608,-0.4077199,228.1234,0.6959741,0.4734539,0.5398719,0.03709826,1.006135,0.2992339,1.050346,0.05118293,1.024162,0.2837168,1.063966,0.04687168,1.026248,0.3025971,1.070956,-0.008392571,-0.07536498,0.110477,0.1339981,-0.01960692,-0.06524044,0.1356493,0.1517942,-0.0002896238,-0.07209214,0.1328474,0.1511482,0,0,0,0,0,0,0,0,0,1,0,0,-0.07271808,0.5803902,0.1065732,0.5945575,0.2603086,-0.01014794,0.9243609,0.2787355,147.6305,0.2710509,-0.01056673,0.9625071,-0.03648898,0.6503182,0.2086695,0.6839504,0.0088237,0.6186464,0.2338604,0.6614318,0.01960209,0.6264241,0.1958269,0.6566122,0.06338918,-0.0690421,0.09984356,0.1369443,0.02513515,-0.06231119,0.151366,0.1656083,0.001563353,-0.08034951,0.1205451,0.1448779,0,0,0,0,0,0,0,0,0,1,0,0,0.05153723,0.998345,0.2982981,1.043231,-0.6790622,-0.08367122,-0.6153069,0.3914985,133.9044,-0.7379678,-0.09092931,-0.6686819,-0.001537234,0.001654983,0.001701951,0.002828196,0.0127015,-0.01142235,-0.02647475,0.9995036,3.610738,0.4031641,-0.362562,-0.840347,-0.01352118,1.055698,-0.008361446,1.055818,-0.009367525,0.06826833,-0.009673972,0.9975761,7.980152,-0.1346228,0.9810993,-0.1390268,True
1773034743469,3.888168,0.077195,0.8882391,0.3191434,0.9469848,0.6355206,0.4322473,0.4930743,-0.4076196,228.1108,0.6959637,0.4733576,0.5399696,0.03716221,1.006187,0.2991355,1.05037,0.05118944,1.024204,0.2835623,1.063965,0.04686945,1.026282,0.3024149,1.070938,-0.008292943,-0.07532918,0.11049,0.1339824,-0.01957908,-0.06526276,0.1356481,0.1517991,-0.0002921876,-0.07211565,0.132841,0.1511538,0,0,0,0,0,0,0,0,0,1,0,0,-0.07279482,0.580407,0.1065806,0.5945845,0.2604535,-0.0097844,0.9243545,0.2786343,147.6426,0.2711935,-0.01018787,0.9624709,-0.036586,0.650448,0.2086287,0.6840666,0.008797824,0.6187522,0.2338094,0.6615123,0.0197648,0.6265404,0.1959855,0.6567754,0.06344837,-0.06905784,0.09982049,0.1369628,0.02512603,-0.06230484,0.151371,0.1656091,0.001524342,-0.08045356,0.1208522,0.1451908,0,0,0,0,0,0,0,0,0,1,0,0,0.05155048,0.9983773,0.2981153,1.04321,-0.6790233,-0.0835956,-0.615418,0.3914076,133.9158,-0.7378944,-0.09084331,-0.6687746,-0.001550477,0.001622736,0.001884699,0.002930758,0.01269251,-0.01134659,-0.02632643,0.9995085,3.592916,0.4048772,-0.3619439,-0.8397847,-0.01340159,1.055704,-0.008401419,1.055822,-0.009541764,0.06840749,-0.009823778,0.9975635,8.000935,-0.1367712,0.9805496,-0.1408135,True
1773034743482,3.902185,0.07719394,0.8882487,0.3190771,0.9469714,0.6354132,0.4321811,0.4932975,-0.4075869,228.1067,0.6958351,0.4732774,0.5402055,0.03722906,1.006217,0.2991634,1.050408,0.05119371,1.024208,0.2835637,1.063969,0.04690232,1.026315,0.3023834,1.070961,-0.008210832,-0.0753014,0.1104927,0.133964,-0.01955055,-0.0652952,0.1356086,0.1517741,-0.000286421,-0.0721202,0.1328519,0.1511655,0,0,0,0,0,0,0,0,0,1,0,0,-0.07275696,0.5805224,0.1065037,0.5946788,0.2603666,-0.009822949,0.9243227,0.2788194,147.6205,0.2711181,-0.01022858,0.9624917,-0.03652227,0.6505468,0.2085635,0.6841372,0.008818343,0.6188411,0.2337652,0.6615801,0.01981351,0.6266623,0.1959131,0.6568715,0.06343665,-0.06905585,0.09984021,0.1369707,0.02514357,-0.06229144,0.1513864,0.1656209,0.001533956,-0.08049046,0.1208435,0.145204,0,0,0,0,0,0,0,0,0,1,0,0,0.05157967,0.9983985,0.2980732,1.04322,-0.6788602,-0.08350354,-0.6155944,0.3914325,133.9127,-0.7377257,-0.09074432,-0.668974,-0.001579672,0.001601517,0.001926839,0.002961913,0.01254414,-0.01116196,-0.02622324,0.9995151,3.56865,0.402866,-0.3584758,-0.8421819,-0.01343665,1.055783,-0.008524244,1.055903,-0.009983134,0.06848447,-0.01000572,0.997552,8.019711,-0.1427633,0.9793589,-0.1430863,True
1773034743497,3.916196,0.07718708,0.888261,0.3190094,0.9469596,0.6353038,0.4321173,0.4935267,-0.4075479,228.1018,0.695702,0.4731985,0.5404461,0.03729014,1.00625,0.2991847,1.050448,0.0511906,1.024207,0.2835674,1.06397,0.04693203,1.026351,0.3023507,1.070988,-0.008133261,-0.07527408,0.1104954,0.1339462,-0.01951878,-0.06532914,0.1355608,0.151742,-0.0002792044,-0.07212353,0.1328634,0.1511773,0,0,0,0,0,0,0,0,0,1,0,0,-0.07271302,0.5806506,0.1064185,0.5947834,0.2602482,-0.009893894,0.9242769,0.2790792,147.5895,0.2710161,-0.01030326,0.9625196,-0.03645052,0.6506464,0.208497,0.6842079,0.008839205,0.6189313,0.2337213,0.6616493,0.01986744,0.6267816,0.1958387,0.6569647,0.06342604,-0.06904669,0.09986359,0.1369783,0.02516642,-0.06227768,0.1514026,0.165634,0.001545272,-0.08052603,0.1208334,0.1452155,0,0,0,0,0,0,0,0,0,1,0,0,0.05160417,0.9984226,0.2980289,1.043231,-0.6786931,-0.08341347,-0.6157777,0.3914534,133.9101,-0.7375512,-0.09064731,-0.6691797,-0.001604173,0.001577437,0.001971126,0.002991156,0.01239762,-0.01096909,-0.02611653,0.9995219,3.543555,0.4009805,-0.3547772,-0.8446957,-0.01348848,1.055855,-0.008663671,1.055977,-0.009933139,0.06861933,-0.01013709,0.997542,8.036102,-0.1417584,0.979284,-0.144669,True
1773034743511,3.93002,0.07719552,0.8882861,0.3188204,0.9469202,0.6352691,0.4318549,0.4936062,-0.4077836,228.1314,0.6957442,0.4729658,0.5405956,0.03737312,1.006302,0.2991445,1.050489,0.05121284,1.024279,0.2835074,1.064024,0.04688971,1.026342,0.3022848,1.070959,-0.00805981,-0.0752179,0.1105114,0.1339234,-0.01948102,-0.06533322,0.1355764,0.1517528,-0.000271424,-0.07217597,0.1327906,0.1511383,0,0,0,0,0,0,0,0,0,1,0,0,-0.07268496,0.5809063,0.1063476,0.5950169,0.2602532,-0.01000541,0.9242904,0.2790257,147.5959,0.271017,-0.01041923,0.9625181,-0.0364244,0.6508761,0.2084538,0.6844117,0.008858494,0.6191565,0.2336622,0.6618393,0.01988938,0.6270198,0.1957732,0.6571732,0.0634229,-0.0690465,0.09987627,0.136986,0.02516224,-0.06227455,0.1514017,0.1656313,0.001537905,-0.08052762,0.1208241,0.1452086,0,0,0,0,0,0,0,0,0,1,0,0,0.05162166,0.9984648,0.2979194,1.043242,-0.6786572,-0.08311041,-0.6157359,0.3916458,133.8861,-0.7375778,-0.090326,-0.6691938,-0.00162166,0.001535177,0.002080649,0.003052155,0.01206559,-0.01110225,-0.02605405,0.9995261,3.527836,0.3919807,-0.3606842,-0.8464303,-0.01344372,1.055895,-0.008785174,1.056017,-0.01014647,0.06871108,-0.01008154,0.9975341,8.049056,-0.1445705,0.97902,-0.1436454,True
1773034743524,3.943667,0.07711601,0.8883912,0.31863,0.9469482,0.6353654,0.4319161,0.4935707,-0.4076116,228.1098,0.6957911,0.472993,0.5405113,0.0373708,1.00641,0.2989803,1.050546,0.05115076,1.024379,0.2832794,1.064056,0.04679734,1.026427,0.3020491,1.07097,-0.007972961,-0.0751673,0.1105193,0.1338962,-0.01946361,-0.06534068,0.135576,0.1517533,-0.0002688721,-0.07220565,0.1327605,0.1511261,0,0,0,0,0,0,0,0,0,1,0,0,-0.07264162,0.5812851,0.1062429,0.5953627,0.2602544,-0.0101487,0.9243029,0.2789782,147.6015,0.2710144,-0.01056829,0.9625173,-0.03638644,0.6512201,0.2083836,0.6847155,0.008891039,0.619497,0.2335711,0.6621262,0.0199233,0.6273677,0.195678,0.6574778,0.06342189,-0.0690423,0.09988992,0.1369933,0.02515775,-0.06227292,0.1513986,0.1656272,0.001528789,-0.08052261,0.1208141,0.1451973,0,0,0,0,0,0,0,0,0,1,0,0,0.05155947,0.9985656,0.2976847,1.043268,-0.6787214,-0.08319165,-0.6157681,0.3914667,133.9084,-0.7375865,-0.09040681,-0.6691734,-0.00155947,0.001434445,0.002315313,0.003138511,0.01225949,-0.01107918,-0.02597848,0.999526,3.528723,0.3981797,-0.3598442,-0.8437631,-0.01337806,1.055943,-0.008879844,1.056065,-0.01011932,0.06882741,-0.01024595,0.9975246,8.064515,-0.1439079,0.978802,-0.1457087,True
1773034743539,3.957697,0.07717572,0.8883835,0.3188013,0.9470035,0.6355602,0.4320192,0.4932839,-0.407546,228.1015,0.695982,0.4730907,0.5401797,0.03745905,1.00639,0.2991726,1.050585,0.05117876,1.024371,0.2833938,1.06408,0.04683812,1.02644,0.3021542,1.071014,-0.007887209,-0.07512324,0.1105252,0.1338713,-0.01944649,-0.06534855,0.1355982,0.1517744,-0.0002595249,-0.07221049,0.1327965,0.15116,0,0,0,0,0,0,0,0,0,1,0,0,-0.0727302,0.5813262,0.1062566,0.5954161,0.260371,-0.01005942,0.9242738,0.2789692,147.6026,0.271135,-0.01047528,0.9624844,-0.03640756,0.6512887,0.2083605,0.6847748,0.008834034,0.6195582,0.2335427,0.6621726,0.01983211,0.6274339,0.1956244,0.6575223,0.0633884,-0.06908276,0.09989013,0.1369984,0.02515347,-0.06227739,0.1513824,0.1656134,0.00153531,-0.08052436,0.1207652,0.1451577,0,0,0,0,0,0,0,0,0,1,0,0,0.05159593,0.9985421,0.2978014,1.04328,-0.6789598,-0.08333714,-0.6155764,0.3913238,133.9262,-0.7377968,-0.09055892,-0.6689208,-0.001595929,0.00145787,0.002198577,0.003083199,0.01255053,-0.01129403,-0.02604368,0.9995183,3.557225,0.4043658,-0.3638828,-0.8391019,-0.0133221,1.055984,-0.008981638,1.056106,-0.01057554,0.0688358,-0.01018206,0.99752,8.071991,-0.1502565,0.978014,-0.144666,True
1773034743552,3.971693,0.07722188,0.8884066,0.3187193,0.9470013,0.6354042,0.4319332,0.4934937,-0.4076263,228.1116,0.6958386,0.4730151,0.5404307,0.03756292,1.006429,0.2992151,1.050638,0.0512323,1.024426,0.2833918,1.064135,0.04688508,1.026488,0.3021218,1.071052,-0.007799672,-0.07508703,0.1105268,0.1338472,-0.01942544,-0.06536608,0.1356033,0.1517838,-0.0002699106,-0.07222719,0.1328092,0.1511791,0,0,0,0,0,0,0,0,0,1,0,0,-0.07264564,0.5812364,0.1061385,0.595297,0.260162,-0.01019102,0.9243161,0.2790191,147.5967,0.2709215,-0.01061249,0.962543,-0.03636368,0.6511973,0.2082666,0.684657,0.008865878,0.619424,0.2334822,0.6620262,0.01986454,0.6273383,0.1955333,0.6574049,0.06339687,-0.06909434,0.09988677,0.1370057,0.02514781,-0.06225919,0.1514009,0.1656226,0.00154452,-0.08053327,0.1207342,0.145137,0,0,0,0,0,0,0,0,0,1,0,0,0.05165527,0.9985772,0.2977667,1.043307,-0.6787791,-0.0832172,-0.6157054,0.3914598,133.9093,-0.7376469,-0.0904343,-0.669103,-0.001655273,0.001422763,0.002233267,0.003122766,0.01230633,-0.01114759,-0.02601161,0.9995238,3.536922,0.3987745,-0.3612265,-0.8428804,-0.01328123,1.056028,-0.009071286,1.05615,-0.01102784,0.06882218,-0.01013209,0.9975166,8.077521,-0.1565754,0.9771506,-0.1438573,True
1773034743567,3.985528,0.07721726,0.888395,0.3188192,0.9470236,0.6353405,0.4316883,0.4937879,-0.4076289,228.1119,0.6957697,0.4727475,0.5407536,0.0376478,1.006446,0.2994585,1.050726,0.0512702,1.024453,0.2835812,1.064214,0.0469353,1.026517,0.3022967,1.071132,-0.007704841,-0.07506795,0.1105157,0.1338218,-0.01940786,-0.06540342,0.1355965,0.1517916,-0.00026361,-0.07225039,0.1328198,0.1511995,0,0,0,0,0,0,0,0,0,1,0,0,-0.07255541,0.581227,0.1060404,0.5952593,0.2592603,-0.01023361,0.9240558,0.2807139,147.3944,0.2701215,-0.01066233,0.9627673,-0.03625269,0.6511977,0.2081707,0.6846223,0.008907199,0.6192789,0.2334578,0.6618823,0.01997017,0.6271285,0.1955166,0.657203,0.06345733,-0.06905569,0.09989397,0.1370194,0.02511687,-0.06224158,0.151415,0.1656242,0.001540516,-0.08052378,0.1207358,0.145133,0,0,0,0,0,0,0,0,0,1,0,0,0.05170991,0.9985898,0.2979214,1.043366,-0.6786194,-0.08292602,-0.6159045,0.3914852,133.9061,-0.737482,-0.09011891,-0.6693273,-0.001709912,0.001410246,0.002078593,0.003038608,0.01203115,-0.01102608,-0.02576668,0.9995348,3.495289,0.3945018,-0.3615457,-0.8448905,-0.01326263,1.056056,-0.009146007,1.056178,-0.01126769,0.06875771,-0.01026118,0.997517,8.076939,-0.1599923,0.9763054,-0.1457008,True
1773034743580,3.999446,0.07720907,0.8883808,0.3189347,0.9470486,0.6352689,0.4314025,0.4941282,-0.4076307,228.1122,0.6956918,0.4724349,0.5411267,0.03773547,1.006463,0.299728,1.050823,0.05131283,1.024482,0.2837974,1.064301,0.04699364,1.02655,0.302499,1.071223,-0.007609041,-0.07505273,0.1105016,0.1337961,-0.01939066,-0.06544483,0.1355875,0.1517992,-0.0002560491,-0.07227477,0.1328322,0.1512221,0,0,0,0,0,0,0,0,0,1,0,0,-0.07245632,0.5812125,0.1059361,0.5952145,0.2570688,-0.01031449,0.9233887,0.2848906,146.8954,0.2681822,-0.01076041,0.9633082,-0.03602485,0.6512115,0.2080189,0.6845773,0.0088704,0.6189757,0.233528,0.6616229,0.0201138,0.6266322,0.1956078,0.6567609,0.06353055,-0.0690067,0.09990176,0.1370344,0.02508109,-0.06222233,0.1514307,0.1656259,0.001535262,-0.08051003,0.1207416,0.1451301,0,0,0,0,0,0,0,0,0,1,0,0,0.05177094,0.9986036,0.2981003,1.043433,-0.6784359,-0.08258667,-0.616135,0.3915123,133.9027,-0.7372918,-0.08975125,-0.6695861,-0.001770943,0.001396358,0.001899719,0.002948727,0.0117132,-0.01088711,-0.02548012,0.9995475,3.44771,0.3893649,-0.3619041,-0.8469982,-0.01343527,1.056183,-0.00916672,1.056308,-0.01154814,0.06882456,-0.01030177,0.9975088,8.090311,-0.1637042,0.9756439,-0.146036,True
1773034743593,4.013365,0.07713087,0.8884773,0.3187773,0.9470798,0.6354831,0.4313374,0.4939474,-0.4075846,228.1064,0.6959108,0.472353,0.5409165,0.03772902,1.006568,0.2996339,1.050897,0.05121461,1.024581,0.2836187,1.064344,0.04689961,1.026644,0.3023013,1.071253,-0.007511593,-0.07500196,0.1105117,0.1337705,-0.01938158,-0.06547569,0.1355869,0.1518108,-0.0002704824,-0.07230476,0.1328227,0.1512281,0,0,0,0,0,0,0,0,0,1,0,0,-0.07252214,0.5813034,0.1059734,0.595318,0.2573665,-0.01032329,0.9234876,0.2843004,146.9659,0.2684437,-0.01076761,0.9632352,-0.036088,0.6513135,0.208051,0.6846874,0.008828118,0.6190917,0.2335309,0.661732,0.02005207,0.6267675,0.1956318,0.6568953,0.06350455,-0.06904572,0.09989516,0.1370372,0.02506664,-0.06222187,0.1514218,0.1656154,0.001520061,-0.08049998,0.1207597,0.1451394,0,0,0,0,0,0,0,0,0,1,0,0,0.05170151,0.9986975,0.2979186,1.043468,-0.6786464,-0.08254169,-0.6159997,0.3913698,133.9205,-0.7374721,-0.08969647,-0.669395,-0.001701508,0.001302481,0.002081394,0.002987271,0.01186899,-0.01111946,-0.02539833,0.9995452,3.456554,0.3935338,-0.3686821,-0.842119,-0.01355784,1.056291,-0.00919642,1.056418,-0.01182465,0.06875683,-0.0103074,0.9975101,8.088085,-0.1676701,0.9749524,-0.146156,True
1773034743608,4.027002,0.07715313,0.8884804,0.3187261,0.9470673,0.6355222,0.4311492,0.4938894,-0.4077931,228.1326,0.6960245,0.472195,0.5409082,0.03781401,1.006585,0.2997226,1.050941,0.05118959,1.024604,0.2836445,1.064372,0.04688073,1.026652,0.3023244,1.071267,-0.007418468,-0.07494188,0.1105227,0.1337407,-0.01936974,-0.06551392,0.1355806,0.1518202,-0.0002659126,-0.07234222,0.1328088,0.1512338,0,0,0,0,0,0,0,0,0,1,0,0,-0.07248712,0.581243,0.1059845,0.5952567,0.2573165,-0.01032449,0.9235224,0.2842327,146.974,0.268386,-0.01076864,0.9632513,-0.03604541,0.65129,0.2080378,0.6846588,0.008851662,0.6190327,0.2335322,0.6616775,0.02006443,0.6266921,0.1956528,0.65683,0.06348589,-0.06909486,0.09987729,0.1370403,0.02504554,-0.06222087,0.1514099,0.1656009,0.00150896,-0.08047216,0.1207607,0.1451247,0,0,0,0,0,0,0,0,0,1,0,0,0.05171664,0.9987088,0.2979194,1.04348,-0.6787122,-0.08233414,-0.6158675,0.3915075,133.9033,-0.7375905,-0.08947662,-0.6692939,-0.001716636,0.001291156,0.002080649,0.002990489,0.0116787,-0.01133763,-0.02539328,0.9995452,3.45678,0.387199,-0.3758913,-0.8418965,-0.01364065,1.056363,-0.009236832,1.056491,-0.01199272,0.06852107,-0.01018997,0.9975256,8.062961,-0.1705827,0.9746336,-0.1449406,True
1773034743622,4.04101,0.07708758,0.8885007,0.3187456,0.9470875,0.6364956,0.4298669,0.4934418,-0.4081705,228.1799,0.6972194,0.4708776,0.5405178,0.03794966,1.006686,0.2999986,1.051122,0.05123083,1.024689,0.2838145,1.064501,0.04699209,1.026734,0.3025075,1.071401,-0.007331625,-0.07489832,0.1105258,0.1337141,-0.01937582,-0.06554139,0.135573,0.151826,-0.0002706742,-0.07235704,0.1328045,0.1512371,0,0,0,0,0,0,0,0,0,1,0,0,-0.07238593,0.5813761,0.1059394,0.5953664,0.2571989,-0.01048426,0.9235629,0.2842015,146.9778,0.2682607,-0.01093518,0.9632843,-0.03597072,0.6514143,0.208011,0.684765,0.008915402,0.619136,0.2334864,0.6617589,0.02013399,0.6267829,0.1956428,0.6569157,0.06348421,-0.06911455,0.09986798,0.1370426,0.02502435,-0.06222972,0.151378,0.1655719,0.001496291,-0.08045384,0.1207572,0.1451115,0,0,0,0,0,0,0,0,0,1,0,0,0.05178186,0.9987848,0.298075,1.0436,-0.6795651,-0.08100379,-0.6152442,0.3912853,133.931,-0.7384415,-0.08802181,-0.6685479,-0.001781855,0.001215219,0.001924992,0.00289091,0.01134885,-0.01279072,-0.02454783,0.9995525,3.428357,0.3793831,-0.4275837,-0.8206148,-0.01366842,1.056397,-0.009299845,1.056527,-0.01206027,0.06841609,-0.0102204,0.9975317,8.052949,-0.171756,0.9743454,-0.1455535,True
1773034743635,4.054952,0.0769961,0.88852,0.3187481,0.947099,0.6363682,0.4299512,0.4936682,-0.4080065,228.1593,0.6970239,0.4709322,0.5407224,0.03794068,1.006716,0.3000529,1.051166,0.05117398,1.02473,0.2838063,1.064535,0.04690847,1.026743,0.3024982,1.071404,-0.007243896,-0.07485177,0.1105335,0.1336896,-0.01936909,-0.06555238,0.1355886,0.1518438,-0.0002695526,-0.07237372,0.1327837,0.1512268,0,0,0,0,0,0,0,0,0,1,0,0,-0.07241765,0.5812157,0.1059625,0.5952176,0.2572574,-0.01046833,0.923667,0.2838105,147.0245,0.2682894,-0.01091725,0.9632766,-0.03605419,0.6512735,0.2080471,0.6846464,0.008859687,0.6190097,0.2334986,0.6616442,0.02006891,0.6266642,0.1956607,0.6568058,0.06349252,-0.06912369,0.09986568,0.1370494,0.02501561,-0.06222709,0.1513652,0.1655579,0.001486012,-0.08044194,0.1207497,0.1450986,0,0,0,0,0,0,0,0,0,1,0,0,0.05171751,0.9988075,0.2980624,1.043615,-0.6793771,-0.08107993,-0.6154817,0.3912225,133.9388,-0.7382158,-0.088102,-0.6687865,-0.001717508,0.001192451,0.001937568,0.002850604,0.01135239,-0.0124796,-0.0244798,0.999558,3.407056,0.3818743,-0.4197917,-0.8234577,-0.0137064,1.056426,-0.009356212,1.056557,-0.01241247,0.06820938,-0.01027994,0.9975409,8.037954,-0.1771007,0.9732092,-0.1466738,True
1773034743649,4.068942,0.07692783,0.8885499,0.3186928,0.947103,0.636326,0.4299585,0.493935,-0.4077414,228.1261,0.6968873,0.4708791,0.5409445,0.03797795,1.006763,0.3000423,1.051208,0.05115517,1.024746,0.2837462,1.064535,0.04690277,1.026789,0.3024108,1.071423,-0.007155959,-0.07481679,0.1105322,0.1336643,-0.01935417,-0.06557917,0.1355536,0.1518222,-0.0002725951,-0.07238218,0.1327859,0.1512327,0,0,0,0,0,0,0,0,0,1,0,0,-0.07245471,0.5810354,0.1059903,0.5950511,0.2573303,-0.01043928,0.9237845,0.2833627,147.078,0.2683283,-0.01088544,0.963266,-0.03615107,0.6511153,0.2080894,0.6845139,0.008796208,0.6188722,0.2335137,0.6615201,0.0199952,0.6265346,0.195681,0.6566859,0.06350299,-0.06913074,0.09986369,0.1370564,0.02500811,-0.06222444,0.1513515,0.1655432,0.00147514,-0.08042924,0.1207419,0.145085,0,0,0,0,0,0,0,0,0,1,0,0,0.05170989,0.9988467,0.2979827,1.043629,-0.6792212,-0.08107753,-0.6157723,0.3910365,133.962,-0.7379829,-0.08809182,-0.6690449,-0.00170989,0.00115329,0.002017289,0.002885006,0.01139756,-0.01217562,-0.02425868,0.9995667,3.373577,0.3871994,-0.4136315,-0.8241187,-0.01375199,1.056511,-0.009399072,1.056642,-0.01273114,0.06811624,-0.01019582,0.9975441,8.03269,-0.1817666,0.9725177,-0.1455691,True
1773034743663,4.082664,0.0768549,0.8885808,0.3186353,0.9471067,0.6362653,0.429993,0.4942473,-0.4074212,228.0859,0.6967119,0.4708433,0.5412018,0.03801615,1.00681,0.3000183,1.051248,0.05114061,1.024759,0.2836761,1.064527,0.04690267,1.026837,0.3023103,1.07144,-0.007068949,-0.07478343,0.1105297,0.1336389,-0.0193384,-0.06560637,0.1355129,0.1517956,-0.0002758731,-0.07238858,0.1327895,0.151239,0,0,0,0,0,0,0,0,0,1,0,0,-0.07242868,0.581127,0.1059469,0.5951297,0.2572421,-0.01045015,0.923727,0.2836295,147.0461,0.2682584,-0.01089768,0.9632854,-0.03609187,0.6512042,0.2080369,0.6845794,0.008816585,0.6189404,0.2334785,0.6615717,0.02002704,0.6265864,0.1956398,0.6567242,0.06349453,-0.06913608,0.09986643,0.1370571,0.02501578,-0.06221779,0.1513509,0.1655413,0.001475662,-0.08042113,0.1207373,0.1450766,0,0,0,0,0,0,0,0,0,1,0,0,0.05170507,0.9988871,0.2978924,1.043642,-0.6790303,-0.08110327,-0.6161184,0.3908175,133.9893,-0.7377011,-0.08811089,-0.6693534,-0.001705069,0.001112938,0.00210759,0.0029305,0.01146573,-0.01179952,-0.02401648,0.9995763,3.336479,0.3938465,-0.4053121,-0.8249633,-0.01377658,1.056588,-0.00945164,1.05672,-0.01329144,0.06802644,-0.01021402,0.9975427,8.034933,-0.1897132,0.9709643,-0.1457882,True
1773034743678,4.096735,0.07688582,0.8886209,0.3186117,0.9471388,0.6363611,0.4296717,0.4939887,-0.4079241,228.149,0.696988,0.470607,0.5410516,0.03805131,1.006853,0.3001489,1.051328,0.05109562,1.024804,0.2837943,1.0646,0.04686255,1.026842,0.3024254,1.071477,-0.007027028,-0.07473539,0.1105373,0.1336161,-0.01931691,-0.06561243,0.1354943,0.1517789,-0.0002703439,-0.07240091,0.1327412,0.1512025,0,0,0,0,0,0,0,0,0,1,0,0,-0.07241648,0.5811614,0.1059467,0.5951617,0.2572511,-0.01049227,0.9238098,0.2833502,147.0795,0.2682447,-0.01094065,0.9632888,-0.03609753,0.6512459,0.2080413,0.6846206,0.008818038,0.6190088,0.2334489,0.6616253,0.02001022,0.6266568,0.1956395,0.6567906,0.06347425,-0.0691618,0.09986518,0.1370598,0.02499178,-0.06224975,0.1513167,0.1655185,0.001470637,-0.08042902,0.1207222,0.1450684,0,0,0,0,0,0,0,0,0,1,0,0,0.05168896,0.9989353,0.2979695,1.043709,-0.6792373,-0.08075584,-0.615723,0.3911526,133.9475,-0.73804,-0.08774702,-0.6690272,-0.001688957,0.001064718,0.002030522,0.002847669,0.01112512,-0.01234914,-0.02413499,0.9995705,3.35846,0.379645,-0.4214148,-0.8236076,-0.01383143,1.056719,-0.009529602,1.056852,-0.01340773,0.06800086,-0.009984367,0.9975452,8.030837,-0.1914708,0.9710946,-0.142583,True
1773034743691,4.110298,0.07683939,0.8886749,0.3185076,0.9471507,0.6361836,0.4293687,0.4943554,-0.4080758,228.168,0.6968453,0.4703101,0.5414934,0.03806603,1.006926,0.3001688,1.051404,0.05110281,1.024896,0.2838313,1.064699,0.04687396,1.026904,0.30245,1.071543,-0.007004846,-0.0747222,0.1105232,0.1335958,-0.01929985,-0.06562043,0.1354836,0.1517707,-0.0002678335,-0.07239474,0.1327216,0.1511823,0,0,0,0,0,0,0,0,0,1,0,0,-0.07250315,0.5810238,0.1059973,0.5950469,0.2574797,-0.01029475,0.9238702,0.2829525,147.127,0.2684502,-0.01073338,0.9632338,-0.03618859,0.6511596,0.2080659,0.6845508,0.008763783,0.6189624,0.2334283,0.6615739,0.01992876,0.6266131,0.1956325,0.6567444,0.06347537,-0.06918065,0.09986028,0.1370663,0.02498343,-0.06226936,0.1512878,0.1654982,0.001470313,-0.08043981,0.1207112,0.1450652,0,0,0,0,0,0,0,0,0,1,0,0,0.05169015,0.9990185,0.2979637,1.043787,-0.678985,-0.08038452,-0.615926,0.3913477,133.9232,-0.7378323,-0.0873514,-0.669308,-0.001690146,0.0009815097,0.002036303,0.002822496,0.0106499,-0.01220762,-0.02394839,0.9995821,3.313643,0.3683445,-0.4222207,-0.8282943,-0.01391731,1.056857,-0.009637681,1.056993,-0.01354523,0.06800988,-0.009796687,0.9975446,8.03191,-0.1934085,0.9710935,-0.1398841,True
1773034743705,4.124306,0.07674282,0.8887791,0.3185362,0.9472502,0.6363726,0.4294092,0.4944848,-0.4075812,228.106,0.6968837,0.4702407,0.5415041,0.0380871,1.007043,0.3001997,1.051526,0.05110681,1.025002,0.283787,1.06479,0.0468775,1.027022,0.3023702,1.071634,-0.006893448,-0.07470563,0.1105098,0.1335697,-0.01926344,-0.06563736,0.1354822,0.1517721,-0.0002646703,-0.07240082,0.1327239,0.1511873,0,0,0,0,0,0,0,0,0,1,0,0,-0.07263153,0.5807606,0.1061139,0.5948263,0.2578334,-0.00991696,0.9239579,0.2823568,147.1982,0.2687698,-0.0103376,0.9631489,-0.03627915,0.6509858,0.2081074,0.6844029,0.008695878,0.6188314,0.2334882,0.6614716,0.01983317,0.6265134,0.1956694,0.6566573,0.0634326,-0.06923147,0.09985206,0.1370661,0.0249841,-0.06226993,0.1513077,0.1655167,0.001467519,-0.08047049,0.1207221,0.1450913,0,0,0,0,0,0,0,0,0,1,0,0,0.05168048,0.9991258,0.2979028,1.043872,-0.6790186,-0.08044941,-0.6161833,0.3908707,133.9826,-0.7377064,-0.08740268,-0.6694403,-0.001680482,0.0008742213,0.002097249,0.002826082,0.01100692,-0.01200218,-0.02358873,0.9995892,3.285173,0.3839921,-0.4187134,-0.8229266,-0.01397741,1.05693,-0.009724399,1.057067,-0.01350966,0.06797225,-0.00981505,0.9975474,8.027227,-0.1930132,0.9711229,-0.1402281,True
1773034743719,4.138357,0.07670374,0.8887517,0.3186291,0.9472527,0.6361616,0.4293869,0.4947523,-0.4076095,228.1095,0.6966623,0.4702228,0.5418046,0.03810455,1.007028,0.3003953,1.051568,0.05108977,1.024997,0.2839338,1.064823,0.04688153,1.027034,0.3025257,1.07169,-0.006815999,-0.07467007,0.1105125,0.1335481,-0.01925824,-0.06564017,0.1354868,0.1517767,-0.0002407455,-0.07238201,0.1327611,0.1512109,0,0,0,0,0,0,0,0,0,1,0,0,-0.07268349,0.5806793,0.1060956,0.59475,0.2579604,-0.009886236,0.9239721,0.2821954,147.2174,0.268889,-0.01030507,0.9631162,-0.0363029,0.6508875,0.2080937,0.6843066,0.008650064,0.6187556,0.2335013,0.6614047,0.01981559,0.626469,0.1956563,0.6566106,0.06340586,-0.06922846,0.09987464,0.1370687,0.02501295,-0.06224912,0.1513466,0.1655488,0.001467211,-0.08049683,0.1207545,0.1451328,0,0,0,0,0,0,0,0,0,1,0,0,0.05165586,0.9991088,0.2980337,1.043892,-0.6787741,-0.08039437,-0.6163809,0.3909952,133.9671,-0.7374831,-0.0873479,-0.6696934,-0.001655862,0.0008912086,0.001966268,0.002720724,0.01078287,-0.01174381,-0.02357051,0.9995952,3.261258,0.3789348,-0.4127044,-0.8283216,-0.01402638,1.056945,-0.009806964,1.057083,-0.01338601,0.06799752,-0.009533388,0.9975501,8.022835,-0.1913514,0.9720162,-0.1362786,True
1773034743732,4.152146,0.07661618,0.8888844,0.3184263,0.9473018,0.6354445,0.4296251,0.4959124,-0.4070669,228.0414,0.6956927,0.4703589,0.5429312,0.03815221,1.007191,0.3002357,1.05168,0.05114929,1.025152,0.2837629,1.064929,0.04694362,1.027232,0.302328,1.071826,-0.006735592,-0.07465945,0.1104995,0.1335273,-0.01924885,-0.06566549,0.13546,0.1517626,-0.0002320333,-0.07236795,0.132807,0.1512444,0,0,0,0,0,0,0,0,0,1,0,0,-0.07266969,0.5807391,0.1060596,0.5948004,0.2578091,-0.009873375,0.9239286,0.2824764,147.1839,0.2687543,-0.01029255,0.9631537,-0.03627797,0.6509131,0.2080844,0.6843267,0.008662872,0.6188061,0.2334686,0.6614405,0.01984877,0.6265167,0.1956498,0.6566551,0.06340323,-0.06918653,0.09991345,0.1370746,0.02500343,-0.06225749,0.1513446,0.1655486,0.001472536,-0.08051709,0.1207771,0.145163,0,0,0,0,0,0,0,0,0,1,0,0,0.05168917,0.9992689,0.2978321,1.04399,-0.6777909,-0.08055733,-0.6174826,0.3909287,133.9754,-0.7363923,-0.08752227,-0.6708698,-0.00168917,0.000731051,0.00216791,0.002843864,0.01048578,-0.0103168,-0.02327701,0.9996209,3.155368,0.3808477,-0.3747102,-0.8454303,-0.01406336,1.056959,-0.009897599,1.057099,-0.01326662,0.06786982,-0.009473803,0.997561,8.005046,-0.1900654,0.9723427,-0.1357272,True
1773034743746,4.165999,0.07652356,0.8890272,0.3182038,0.9473537,0.6340629,0.4301583,0.4980623,-0.4060321,227.9116,0.6938303,0.4707055,0.5450101,0.03827824,1.007385,0.3000157,1.051807,0.05133675,1.025338,0.2835717,1.065066,0.04709564,1.027465,0.302099,1.071992,-0.006654249,-0.07465312,0.1104843,0.1335071,-0.01924082,-0.06569331,0.1354286,0.1517456,-0.0002231135,-0.07235064,0.1328616,0.1512841,0,0,0,0,0,0,0,0,0,1,0,0,-0.07270902,0.5807966,0.1060685,0.5948629,0.2578946,-0.009871646,0.9239361,0.2823741,147.1961,0.268835,-0.01029042,0.9631312,-0.03631067,0.6509444,0.2081104,0.6843661,0.00863988,0.6188726,0.2334615,0.6615,0.01982321,0.6265904,0.1956443,0.6567231,0.06339495,-0.06916625,0.09993444,0.1370758,0.02499955,-0.06226591,0.1513391,0.1655462,0.001467092,-0.08052896,0.120776,0.1451686,0,0,0,0,0,0,0,0,0,1,0,0,0.05180896,0.9994577,0.2975995,1.04411,-0.6759292,-0.08096035,-0.6195426,0.3908095,133.9902,-0.7343293,-0.0879553,-0.6730708,-0.001808964,0.0005422831,0.002400517,0.003054325,0.009980361,-0.007596509,-0.02279866,0.9996614,2.981907,0.3835794,-0.2919598,-0.8762304,-0.01410393,1.056934,-0.0100117,1.057075,-0.01332145,0.06783975,-0.009326161,0.9975637,8.000543,-0.1909584,0.9724592,-0.1336873,True
1773034743761,4.17992,0.07656742,0.8891336,0.3182936,0.9474872,0.6345373,0.4299166,0.4973365,-0.4064364,227.9623,0.694486,0.4705335,0.544323,0.03832037,1.007487,0.3001958,1.051958,0.05127025,1.025424,0.2836757,1.065174,0.04707396,1.027556,0.3022169,1.072111,-0.006594623,-0.07459427,0.110507,0.1334901,-0.01924206,-0.06569748,0.1354225,0.1517421,-0.0002163657,-0.07234612,0.1328583,0.151279,0,0,0,0,0,0,0,0,0,1,0,0,-0.07275014,0.5808635,0.1060784,0.594935,0.2579926,-0.009880007,0.9239421,0.2822643,147.2092,0.2689281,-0.01029879,0.9631052,-0.03634598,0.6509792,0.2081411,0.6844105,0.008617267,0.6189464,0.2334534,0.6615659,0.01979644,0.6266713,0.1956372,0.6567973,0.06338768,-0.06914157,0.09995712,0.1370765,0.02499519,-0.0622754,0.151332,0.1655426,0.001460809,-0.08054029,0.1207728,0.1451721,0,0,0,0,0,0,0,0,0,1,0,0,0.05178231,0.999552,0.297709,1.04423,-0.6765679,-0.08075485,-0.6188231,0.3908871,133.9806,-0.7350494,-0.08773518,-0.6723132,-0.001782313,0.0004480481,0.002291024,0.002937035,0.01008741,-0.008566344,-0.02294594,0.9996492,3.03576,0.3808152,-0.3233927,-0.8662447,-0.01416435,1.056902,-0.01011867,1.057045,-0.01334136,0.06774274,-0.009172107,0.9975715,7.987805,-0.1915478,0.9726126,-0.131688,True
1773034743774,4.193671,0.07655372,0.8892926,0.3181999,0.9476038,0.6345221,0.4297573,0.4973395,-0.406625,227.986,0.6945331,0.4704023,0.5443762,0.03833873,1.007653,0.3002019,1.052119,0.05123192,1.025588,0.2836749,1.06533,0.04702916,1.027703,0.3021992,1.072245,-0.006547369,-0.07456085,0.1105093,0.1334709,-0.01921465,-0.06571323,0.1354032,0.1517282,-0.0002117742,-0.07236864,0.1328293,0.1512643,0,0,0,0,0,0,0,0,0,1,0,0,-0.07275898,0.5809402,0.1060873,0.5950125,0.258101,-0.009952202,0.9239477,0.2821444,147.2235,0.2690312,-0.01037366,0.9630756,-0.03631487,0.6510652,0.208126,0.684486,0.008615218,0.6190035,0.2334599,0.6616216,0.01979157,0.6267369,0.1956429,0.6568614,0.06335653,-0.06919292,0.09993741,0.1370737,0.02499835,-0.06227005,0.15133,0.1655392,0.00145819,-0.08053466,0.1207725,0.1451687,0,0,0,0,0,0,0,0,0,1,0,0,0.05176346,0.9997195,0.2976676,1.044378,-0.6765717,-0.08057252,-0.6187482,0.3910364,133.962,-0.7351042,-0.08754312,-0.6722783,-0.001763456,0.0002804995,0.002332389,0.00293743,0.009877969,-0.008697848,-0.02294707,0.9996501,3.031373,0.3734484,-0.3288325,-0.8675411,-0.01425594,1.056912,-0.01020957,1.057057,-0.01316589,0.06770197,-0.008996321,0.9975782,7.976716,-0.1892904,0.9733735,-0.1293431,True
1773034743789,4.207674,0.07663267,0.8893923,0.3182223,0.9477112,0.6360245,0.4285595,0.4949194,-0.4084904,228.2201,0.6968126,0.469519,0.5422213,0.03823252,1.007721,0.3005068,1.052267,0.05091057,1.025687,0.283919,1.065475,0.04685634,1.027787,0.3024783,1.072397,-0.006560118,-0.07449676,0.1105341,0.1334564,-0.01921002,-0.06573551,0.1354139,0.1517468,-0.0002001916,-0.07237127,0.1328389,0.151274,0,0,0,0,0,0,0,0,0,1,0,0,-0.07276649,0.5810254,0.1060968,0.5950984,0.2582208,-0.01004319,0.9239521,0.2820171,147.2387,0.2691456,-0.0104681,0.9630427,-0.0362778,0.6511613,0.2081075,0.6845698,0.008614294,0.6190631,0.2334681,0.6616802,0.01978684,0.6268049,0.1956496,0.6569282,0.06332237,-0.06925279,0.09991229,0.1370698,0.02500236,-0.06226336,0.1513274,0.165535,0.001455508,-0.08052593,0.1207711,0.1451626,0,0,0,0,0,0,0,0,0,1,0,0,0.05158474,0.9997993,0.2978964,1.04451,-0.6786862,-0.07943815,-0.6161402,0.3917216,133.8767,-0.7376353,-0.08633795,-0.6696567,-0.001584742,0.0002007484,0.002103657,0.002641416,0.009671899,-0.01226025,-0.02348908,0.9996022,3.232326,0.3429355,-0.4347102,-0.8328498,-0.01440863,1.056993,-0.01028405,1.057141,-0.01337925,0.06755802,-0.008605739,0.9975885,7.95971,-0.1927693,0.9733809,-0.1239921,True
